0.042051
0.042146
0.042064
0.257260
0.257201
0.256919
1.143410
1.143013
1.142420
2.064273
2.067685
2.056067
4.979031
4.953225
4.949639
7.024117
6.991231
7.046069
13.547739
13.581811
13.536833
16.920761
16.885309
16.825808
27.962729
27.932501
27.947327
32.666309
32.538383
32.447346
49.901287
49.881680
49.887871
56.710320
56.533298
56.398838
84.858955
84.829170
84.810074
89.574379
89.483543
89.768494
129.910919
130.006149
129.852676
136.065521
136.227676
136.194595
182.609070
182.628113
182.596268
191.857132
192.040726
192.008698
258.636078
258.612152
258.661560
264.885315
263.682648
265.120117
