0.000059
0.000057
0.000059
0.000098
0.000098
0.000099
0.000180
0.000180
0.000177
0.000303
0.000341
0.000340
0.000618
0.000614
0.000584
0.001032
0.001031
0.000998
0.001811
0.002000
0.001789
0.001901
0.001891
0.001880
0.004015
0.003776
0.003745
0.005343
0.005374
0.005323
0.006744
0.006764
0.006881
0.008097
0.008124
0.008049
0.011633
0.011585
0.011589
0.014217
0.014198
0.014262
0.018236
0.018236
0.018223
0.015814
0.015918
0.015964
0.026387
0.026420
0.026386
0.030184
0.030241
0.030452
0.036879
0.036612
0.036734
0.042191
0.042101
0.042255
