 (69)
151 146 150 (8)
165 156 159 (8)
183 167 175 (8)
144 146 150 151 134 142 (7)
148 146 150 151 (7)
152 146 150 151 156 159 165 (7)
152 144 165 159 156 151 150 146 134 142 (6)
161 156 159 165 167 175 183 (7)
161 152 183 175 167 165 159 156 146 150 151 (6)
184 167 175 183 164 170 (7)
184 161 170 164 183 175 167 156 159 165 (6)
187 156 159 165 (7)
200 167 175 183 194 (7)
131 146 150 151 134 142 144 127 (6)
131 152 127 144 142 134 151 150 146 156 159 165 (5)
143 146 150 151 134 142 144 (6)
147 146 150 151 134 142 144 148 135 (6)
147 131 135 148 144 142 134 151 150 146 127 (5)
147 143 135 148 144 142 134 151 150 146 (5)
163 167 175 183 164 170 184 (6)
163 143 184 170 164 183 175 167 146 150 151 156 159 165 134 142 144 152 161 (5)
180 167 175 183 164 170 184 177 (6)
180 161 177 184 170 164 183 175 167 156 159 165 (5)
186 146 150 151 156 159 165 148 152 187 149 (6)
186 147 149 187 152 148 165 159 156 151 150 146 134 142 144 135 (5)
193 167 175 183 164 170 184 194 200 (6)
193 163 200 194 184 170 164 183 175 167 (5)
193 180 200 194 184 170 164 183 175 167 177 (5)
195 156 159 165 167 175 183 161 187 194 200 189 (6)
195 186 189 200 194 187 161 183 175 167 165 159 156 146 150 151 148 152 149 (5)
195 193 189 200 194 187 161 183 175 167 165 159 156 164 170 184 (5)
202 167 175 183 194 200 196 201 (6)
202 193 201 196 200 194 183 175 167 164 170 184 (5)
84 67 68 80 (5)
86 71 75 (5)
125 146 150 151 134 142 144 127 131 124 (5)
130 146 150 151 134 142 144 127 131 143 (5)
141 146 150 151 134 142 144 148 135 147 139 (5)
162 167 175 183 164 170 184 163 177 180 (5)
179 167 175 183 164 170 184 177 180 (5)
182 146 150 151 156 159 165 148 152 187 149 186 153 (5)
191 156 159 165 167 175 183 161 187 194 200 189 195 (5)
198 156 159 165 167 175 183 161 187 194 200 189 195 196 201 202 (5)
199 167 175 183 194 200 196 201 202 (5)
205 167 175 183 194 200 196 201 202 203 (5)
