198 193 195 189 202 201 196 187 161 200 194 165 159 156 183 175 167 164 170 184
198 186 195 189 202 201 196 187 161 200 194 165 159 156 183 175 167 146 150 151 152 148 149
163 193 202 184 170 164 183 175 167 200 194 196 201
180 193 195 177 184 170 164 183 175 167 200 194 156 159 165 161 187 189
147 163 135 148 144 142 134 151 150 146 167 175 183 156 159 165 194 200 161 187 164 170 184 152 189 195 193 149 186 143
205 193 203 202 201 196 200 194 183 175 167 164 170 184
205 198 203 202 201 196 200 194 183 175 167 156 159 165 161 187 189 195
125 152 124 131 127 144 142 134 151 150 146 156 159 165
191 193 195 189 187 161 200 194 165 159 156 183 175 167 164 170 184
199 198 202 201 196 200 194 183 175 167 156 159 165 161 187 189 195
141 143 139 147 135 148 144 142 134 151 150 146
141 125 139 147 135 148 144 142 134 151 150 146 127 131 124
182 141 153 186 149 148 152 187 151 150 146 165 159 156 134 142 144 135 147 139
86 84 75 71 67 68 80
122 146 150 151 134 142 144 127 131 124 125 121
137 167 175 183 156 159 165 146 150 151 161 164 170 184 134 142 144 152 127 131 143 163 177 180 130 162 132
192 167 175 183 156 159 165 194 200 161 187 196 201 202 189 195 198 191
62 54 55
65 67 68 80 84
74 67 68 80 84
83 67 68 80 84
90 71 75 86 87
97 94 96
129 146 150 151 134 142 144 127 131 143 124 125 130
140 146 150 151 134 142 144 148 135 147 139 141
176 167 175 183 164 170 184 163 177 180 162 179 166
181 156 159 165 146 150 151 187 152 148 149 186 153 182 154
185 167 175 183 156 159 165 146 150 151 194 200 161 187 152 189 195 148 149 186 191 153 182
190 167 175 183 194 200 164 170 184 196 201 202 193 177 180 199 179
204 167 175 183 194 200 196 201 202 203 205 199
207 167 175 183 194 200 196 201 202 203 205
