 (69)
151 146 150 (8)
165 156 159 (8)
183 167 175 (8)
144 146 150 151 134 142 (7)
148 146 150 151 (7)
152 146 150 151 156 159 165 (7)
152 144 165 159 156 151 150 146 134 142 (6)
161 156 159 165 167 175 183 (7)
161 152 183 175 167 165 159 156 146 150 151 (6)
184 167 175 183 164 170 (7)
184 161 170 164 183 175 167 156 159 165 (6)
187 156 159 165 (7)
200 167 175 183 194 (7)
131 146 150 151 134 142 144 127 (6)
131 152 127 144 142 134 151 150 146 156 159 165 (5)
143 146 150 151 134 142 144 (6)
147 146 150 151 134 142 144 148 135 (6)
147 131 135 148 144 142 134 151 150 146 127 (5)
147 143 135 148 144 142 134 151 150 146 (5)
163 167 175 183 164 170 184 (6)
163 143 184 170 164 183 175 167 146 150 151 156 159 165 134 142 144 152 161 (5)
180 167 175 183 164 170 184 177 (6)
180 161 177 184 170 164 183 175 167 156 159 165 (5)
186 146 150 151 156 159 165 148 152 187 149 (6)
186 147 149 187 152 148 165 159 156 151 150 146 134 142 144 135 (5)
186 147 131 149 187 152 148 165 159 156 151 150 146 135 144 142 134 127 (4)
193 167 175 183 164 170 184 194 200 (6)
193 163 200 194 184 170 164 183 175 167 (5)
193 180 200 194 184 170 164 183 175 167 177 (5)
195 156 159 165 167 175 183 161 187 194 200 189 (6)
195 186 189 200 194 187 161 183 175 167 165 159 156 146 150 151 148 152 149 (5)
195 193 189 200 194 187 161 183 175 167 165 159 156 164 170 184 (5)
195 193 180 189 200 194 187 161 183 175 167 165 159 156 184 170 164 177 (4)
195 193 186 189 200 194 187 161 183 175 167 165 159 156 184 170 164 146 150 151 134 142 144 148 152 135 143 147 149 163 (4)
202 167 175 183 194 200 196 201 (6)
202 193 201 196 200 194 183 175 167 164 170 184 (5)
202 193 163 201 196 200 194 183 175 167 184 170 164 (4)
84 67 68 80 (5)
86 71 75 (5)
86 84 75 71 67 68 80 (4)
125 146 150 151 134 142 144 127 131 124 (5)
125 152 124 131 127 144 142 134 151 150 146 156 159 165 (4)
130 146 150 151 134 142 144 127 131 143 (5)
130 147 143 131 127 144 142 134 151 150 146 148 135 (4)
141 146 150 151 134 142 144 148 135 147 139 (5)
141 143 139 147 135 148 144 142 134 151 150 146 (4)
141 125 139 147 135 148 144 142 134 151 150 146 127 131 124 (4)
162 167 175 183 164 170 184 163 177 180 (5)
162 193 180 177 163 184 170 164 183 175 167 194 200 (4)
179 167 175 183 164 170 184 177 180 (5)
179 161 180 177 184 170 164 183 175 167 156 159 165 (4)
182 146 150 151 156 159 165 148 152 187 149 186 153 (5)
182 141 153 186 149 187 152 148 165 159 156 151 150 146 134 142 144 135 147 139 (4)
182 141 125 153 186 149 187 152 148 165 159 156 151 150 146 139 147 135 144 142 134 127 131 124 (3)
191 156 159 165 167 175 183 161 187 194 200 189 195 (5)
191 193 195 189 200 194 187 161 183 175 167 165 159 156 164 170 184 (4)
191 193 180 195 189 200 194 187 161 183 175 167 165 159 156 184 170 164 177 (3)
198 156 159 165 167 175 183 161 187 194 200 189 195 196 201 202 (5)
198 186 202 201 196 195 189 200 194 187 161 183 175 167 165 159 156 146 150 151 148 152 149 (4)
198 193 202 201 196 195 189 200 194 187 161 183 175 167 165 159 156 164 170 184 (4)
198 193 186 202 201 196 195 189 200 194 187 161 183 175 167 165 159 156 184 170 164 146 150 151 134 142 144 148 152 135 143 147 149 163 (3)
199 167 175 183 194 200 196 201 202 (5)
199 198 202 201 196 200 194 183 175 167 156 159 165 161 187 189 195 (4)
199 198 186 202 201 196 200 194 183 175 167 195 189 187 161 165 159 156 146 150 151 148 152 149 (3)
205 167 175 183 194 200 196 201 202 203 (5)
205 193 203 202 201 196 200 194 183 175 167 164 170 184 (4)
205 193 163 203 202 201 196 200 194 183 175 167 184 170 164 (3)
205 198 203 202 201 196 200 194 183 175 167 156 159 165 161 187 189 195 (4)
205 198 186 203 202 201 196 200 194 183 175 167 195 189 187 161 165 159 156 146 150 151 148 152 149 (3)
205 198 193 203 202 201 196 200 194 183 175 167 195 189 187 161 165 159 156 164 170 184 (3)
31 20 (4)
62 54 55 (4)
65 67 68 80 84 (4)
69 71 75 86 (4)
74 67 68 80 84 (4)
74 86 84 80 68 67 71 75 (3)
83 67 68 80 84 (4)
83 65 84 80 68 67 (3)
90 71 75 86 87 (4)
97 94 96 (4)
122 146 150 151 134 142 144 127 131 124 125 121 (4)
122 152 121 125 124 131 127 144 142 134 151 150 146 156 159 165 (3)
129 146 150 151 134 142 144 127 131 143 124 125 130 (4)
129 141 130 125 124 143 131 127 144 142 134 151 150 146 148 135 147 139 (3)
137 146 150 151 156 159 165 167 175 183 134 142 144 152 161 164 170 184 127 131 143 163 177 180 130 162 132 (4)
137 195 132 162 130 180 177 163 143 131 127 184 170 164 161 152 144 142 134 183 175 167 165 159 156 151 150 146 148 187 194 200 135 147 149 186 189 193 (3)
137 129 132 162 130 180 177 163 143 131 127 184 170 164 161 152 144 142 134 183 175 167 165 159 156 151 150 146 124 125 (3)
140 146 150 151 134 142 144 148 135 147 139 141 (4)
140 143 141 139 147 135 148 144 142 134 151 150 146 (3)
155 118 (4)
176 167 175 183 164 170 184 163 177 180 162 179 166 (4)
176 137 166 179 162 180 177 163 184 170 164 183 175 167 146 150 151 156 159 165 134 142 144 152 161 127 131 143 130 132 (3)
181 146 150 151 156 159 165 148 152 187 149 186 153 182 154 (4)
185 146 150 151 156 159 165 167 175 183 148 152 161 187 194 200 149 186 189 195 153 182 191 (4)
185 141 191 182 153 195 189 186 149 200 194 187 161 152 148 183 175 167 165 159 156 151 150 146 134 142 144 164 170 184 135 143 147 163 193 139 (3)
185 181 191 182 153 195 189 186 149 200 194 187 161 152 148 183 175 167 165 159 156 151 150 146 154 (3)
190 167 175 183 164 170 184 194 200 177 180 193 196 201 202 179 199 (4)
190 198 199 179 202 201 196 193 180 177 200 194 184 170 164 183 175 167 156 159 165 161 187 189 195 (3)
190 176 199 179 202 201 196 193 180 177 200 194 184 170 164 183 175 167 163 162 166 (3)
192 156 159 165 167 175 183 161 187 194 200 189 195 196 201 202 191 198 (4)
192 193 198 191 202 201 196 195 189 200 194 187 161 183 175 167 165 159 156 164 170 184 (3)
192 199 198 191 202 201 196 195 189 200 194 187 161 183 175 167 165 159 156 (3)
192 185 198 191 202 201 196 195 189 200 194 187 161 183 175 167 165 159 156 146 150 151 148 152 149 186 153 182 (3)
204 167 175 183 194 200 196 201 202 199 203 205 (4)
204 198 205 203 199 202 201 196 200 194 183 175 167 156 159 165 161 187 189 195 (3)
207 167 175 183 194 200 196 201 202 203 205 (4)
207 193 205 203 202 201 196 200 194 183 175 167 164 170 184 (3)
21 14 (3)
22 12 (3)
33 25 32 (3)
35 20 31 18 26 (3)
39 20 31 19 24 (3)
50 54 55 62 (3)
57 44 56 (3)
64 54 55 62 61 (3)
66 67 68 71 75 80 84 86 65 69 (3)
70 67 68 80 84 54 55 62 65 74 (3)
76 71 75 86 69 87 90 72 (3)
78 59 60 (3)
82 67 68 80 84 74 83 79 (3)
85 67 68 71 75 80 84 86 83 87 90 (3)
92 94 96 97 (3)
95 71 75 86 87 90 94 96 97 (3)
98 91 93 (3)
99 94 96 97 (3)
108 105 106 (3)
119 146 150 151 134 142 144 127 131 124 125 121 122 (3)
128 146 150 151 134 142 144 127 131 143 124 125 130 121 122 129 (3)
133 146 150 151 156 159 165 167 175 183 134 142 144 152 161 164 170 184 127 131 143 163 177 180 130 162 132 137 (3)
138 146 150 151 134 142 144 148 127 131 135 147 124 125 139 141 121 122 140 (3)
145 146 150 151 156 159 165 134 142 144 148 152 187 135 147 149 186 139 141 153 182 140 154 181 (3)
157 118 155 114 126 (3)
158 118 155 115 136 (3)
173 167 175 183 164 170 184 163 177 180 162 179 166 176 171 (3)
174 146 150 151 156 159 165 148 152 187 149 186 153 182 154 181 (3)
197 167 175 183 164 170 184 194 200 177 180 193 196 201 202 179 199 203 205 190 204 (3)
206 156 159 165 167 175 183 161 187 194 200 189 195 196 201 202 191 198 203 205 192 207 (3)
209 167 175 183 194 200 196 201 202 199 203 205 204 207 (3)
