182 141 125 153 186 149 187 152 148 165 159 156 151 150 146 139 147 135 144 142 134 127 131 124
191 193 180 195 189 200 194 187 161 183 175 167 165 159 156 184 170 164 177
198 193 186 202 201 196 195 189 200 194 187 161 183 175 167 165 159 156 184 170 164 146 150 151 134 142 144 148 152 135 143 147 149 163
199 198 186 202 201 196 200 194 183 175 167 195 189 187 161 165 159 156 146 150 151 148 152 149
205 193 163 203 202 201 196 200 194 183 175 167 184 170 164
205 198 186 203 202 201 196 200 194 183 175 167 195 189 187 161 165 159 156 146 150 151 148 152 149
205 198 193 203 202 201 196 200 194 183 175 167 195 189 187 161 165 159 156 164 170 184
74 86 84 80 68 67 71 75
83 65 84 80 68 67
122 152 121 125 124 131 127 144 142 134 151 150 146 156 159 165
129 141 130 125 124 143 131 127 144 142 134 151 150 146 148 135 147 139
137 195 132 162 130 180 177 163 143 131 127 184 170 164 161 152 144 142 134 183 175 167 165 159 156 151 150 146 148 187 194 200 135 147 149 186 189 193
137 129 132 162 130 180 177 163 143 131 127 184 170 164 161 152 144 142 134 183 175 167 165 159 156 151 150 146 124 125
140 143 141 139 147 135 148 144 142 134 151 150 146
176 137 166 179 162 180 177 163 184 170 164 183 175 167 146 150 151 156 159 165 134 142 144 152 161 127 131 143 130 132
185 141 191 182 153 195 189 186 149 200 194 187 161 152 148 183 175 167 165 159 156 151 150 146 134 142 144 164 170 184 135 143 147 163 193 139
185 181 191 182 153 195 189 186 149 200 194 187 161 152 148 183 175 167 165 159 156 151 150 146 154
190 198 199 179 202 201 196 193 180 177 200 194 184 170 164 183 175 167 156 159 165 161 187 189 195
190 176 199 179 202 201 196 193 180 177 200 194 184 170 164 183 175 167 163 162 166
192 193 198 191 202 201 196 195 189 200 194 187 161 183 175 167 165 159 156 164 170 184
192 199 198 191 202 201 196 195 189 200 194 187 161 183 175 167 165 159 156
192 185 198 191 202 201 196 195 189 200 194 187 161 183 175 167 165 159 156 146 150 151 148 152 149 186 153 182
204 198 205 203 199 202 201 196 200 194 183 175 167 156 159 165 161 187 189 195
207 193 205 203 202 201 196 200 194 183 175 167 164 170 184
21 14
22 12
33 25 32
35 20 31 18 26
39 20 31 19 24
50 54 55 62
57 44 56
64 54 55 62 61
66 67 68 71 75 80 84 86 65 69
70 67 68 80 84 54 55 62 65 74
76 71 75 86 69 87 90 72
78 59 60
82 67 68 80 84 74 83 79
85 67 68 71 75 80 84 86 83 87 90
92 94 96 97
95 71 75 86 87 90 94 96 97
98 91 93
99 94 96 97
108 105 106
119 146 150 151 134 142 144 127 131 124 125 121 122
128 146 150 151 134 142 144 127 131 143 124 125 130 121 122 129
133 146 150 151 156 159 165 167 175 183 134 142 144 152 161 164 170 184 127 131 143 163 177 180 130 162 132 137
138 146 150 151 134 142 144 148 127 131 135 147 124 125 139 141 121 122 140
145 146 150 151 156 159 165 134 142 144 148 152 187 135 147 149 186 139 141 153 182 140 154 181
157 118 155 114 126
158 118 155 115 136
173 167 175 183 164 170 184 163 177 180 162 179 166 176 171
174 146 150 151 156 159 165 148 152 187 149 186 153 182 154 181
197 167 175 183 164 170 184 194 200 177 180 193 196 201 202 179 199 203 205 190 204
206 156 159 165 167 175 183 161 187 194 200 189 195 196 201 202 191 198 203 205 192 207
209 167 175 183 194 200 196 201 202 199 203 205 204 207
