6 7
6 7
212 214
212 214
117 119 121 122 124 125 127 131 134 135 138 139 140 141 142 144 145 146 147 148 149 150 151 152 153 154 156 159 165 168 174 181 182 186 187
112 117 119 121 122 124 125 127 128 129 130 131 134 135 138 139 140 141 142 143 144 146 147 148 150 151
134 135 139 140 141 142 143 144 145 146 147 148 149 150 151 152 153 154 156 159 161 163 164 165 167 168 170 174 175 181 182 183 184 185 186 187 188 189 191 192 193 194 195 196 198 200 201 202 203 205 206 207
146 148 149 150 151 152 153 154 156 159 161 165 167 174 175 181 182 183 185 186 187 188 189 191 192 194 195 196 198 199 200 201 202 203 204 205 206 207 208 209
121 122 124 125 127 128 129 130 131 132 133 134 135 137 138 139 140 141 142 143 144 145 146 147 148 149 150 151 152 153 154 156 159 161 162 163 164 165 167 170 175 177 180 181 182 183 184 185 186 187 189 191 193 194 195 200
124 125 127 129 130 131 132 134 135 137 139 141 142 143 144 146 147 148 149 150 151 152 153 156 159 161 162 163 164 165 166 167 170 175 176 177 179 180 182 183 184 185 186 187 189 190 191 192 193 194 195 196 198 199 200 201 202
156 159 161 164 165 167 170 175 177 179 180 183 184 187 189 190 191 192 193 194 195 196 197 198 199 200 201 202 203 204 205 206 207 208 209 210
127 130 131 132 133 134 135 137 142 143 144 146 147 148 149 150 151 152 156 159 161 162 163 164 165 166 167 170 171 173 175 176 177 179 180 183 184 186 187 189 190 193 194 195 196 197 198 199 200 201 202 203 204 205
112 119 121 122 124 125 127 128 129 130 131 132 133 134 137 142 143 144 146 150 151 152 156 159 161 162 163 164 165 166 167 170 171 172 173 175 176 177 179 180 183 184
162 163 164 166 167 170 171 172 173 175 176 177 179 180 183 184 190 193 194 196 197 199 200 201 202 203 204 205 207 209 210
36 45
3 4
36 45
1 2
48 50 54 55 62 65 67 68 70 74 79 80 81 82 83 84
111 114 118 126 155 157 169
5 8
47 48 50 54 55 61 62 64 65 66 67 68 69 70 71 74 75 80 84 86
67 68 71 74 75 79 80 81 82 83 84 85 86 87 90 94 95 96 97 99 100
3 4
54 55 61 62 63 64 65 66 67 68 69 70 71 72 73 74 75 76 79 80 82 83 84 85 86 87 90
114 115 118 126 136 155 157 158 169 178
111 113 114 115 118 126 136 155 157 158
1 2
65 66 67 68 69 71 72 75 76 80 83 84 85 86 87 90 92 94 95 96 97
5 8
43 44 47 50 54 55 56 57 58 61 62 63 64
69 71 72 73 75 76 86 87 89 90 91 92 93 94 95 96 97 98 99 100 101
113 115 118 123 136 155 158 160 178
91 92 93 94 96 97 98 99 101 102
38 43 44 56 57
38 44 56 57 58
89 91 93 98 102
123 160
104 110
104 109 110 120
217 218
217 218
41 52
211 213
41 52
109 120
211 213
9 12 22 29
9 10 12 14 21 22 29 30
10 11 12 14 21 22 27 30
11 14 21 27
23 25 32 33 49
53 59 60 78 88
23 25 28 32 33
59 60 77 78 88
25 28 32 33 46 49 51
215 216
46 51 53 59 60 77 78
215 216
15 19 20 24 31 39 42
13 15 18 19 20 24 26 31 35 39
18 19 20 24 26 31 35 37 39 42
13 18 20 26 31 35 37
17 34
103 105 106 107 108
16 17 34 40
105 106 107 108 116
103 105 106 108 116
16 40
