1 2
15 16
11 15
11 15 16 99
1 2
5 11
3 5
3 5 11
3 5 7 11
3 5 7 11
11 15 16
11 15 16
11 16
5 7 11
3 5 7 11
7 11
5 7 11
3 5 7 10
5 7 10
3 5 6 7 10
3 5 6 7 10
5 7 10 12
3 5 7
5 6 7 10 12
7 10 12
7 12
3 5 6 7
5 6 7 10 12
7 10 12
3 6 7
3 5 6 7 10
3 6
3 6 7
3 6 7 10
3 5 6 7 10
6 7 10
5 6 7 10 12
6 7 10 12
12 17
6 7 10 12
12 14 17
10 12 14
12 14 17
6 10 12 14
6 10 12
6 10 12 14
6 10 12 14
12 14 17
6 12 14
6 12
12 14
14 17
4 9
9 13
4 8 9
8 9 13
4 8 9 13
13 18
4 8 9
8 9 13
4 8 9 13
4 8 9
8 9 13
13 18
4 8
8 13
