1 5
1 5
7 8 9 10 15 18 20 21 23 27 30 31 32 33 34 35
53 55 57 59 61 62 65
6 7 8 9 10 14 15 17 18 19 20 21 22 23 24 27 28 31 35 37
20 21 24 27 28 30 31 32 33 34 35 36 37 38 40 44 45 46 47 49 50
9 10 14 15 16 17 18 19 20 21 22 23 24 25 26 27 28 29 30 31 33 34 35 36 37 38 40
55 56 57 59 60 61 62 63 65 66
53 54 55 56 57 59 60 61 62 63
18 19 20 21 22 24 25 28 29 31 34 35 36 37 38 40 42 44 45 46 47
3 4 6 8 9 10 11 12 13 14 15 16 17
22 24 25 26 28 29 37 38 39 40 41 42 43 44 45 46 47 48 49 50 51
54 56 57 58 60 61 63 64 66
41 42 43 44 46 47 48 49 51 52
2 3 4 11 12
2 4 11 12 13
39 41 43 48 52
58 64
