124953,146608,157879,162925,165033,165472,165992,172023,178362,188723,194420,206357,207732,228265,229193,229425,237675
120281,121608,121721,129610,135435,146059,146587,154554,162082,163837,166128,179298,179504,181293,182715,186334,186827,189967,191774,192450,193831,194078,202866,216426,232890,241812,256049,269250,270728,285426,290201
125600,149315,160955,161533,170764,181206,186218,196987,202814,202918,203870,204484,207768,209994,213808,214895,216004,221365,226562,229552,230338,232621,233379,233553,235795,236954,241634,248440,264860,288872
123288,163973,188072,193677,196521,196794,199224,211940,214044,216885,225486,229836,233464,240895,248885,250088,256103,257446,258611,275092
117965,121322,123198,129774,130570,139195,145372,149625,179986,189428,191281,192913,199433,215332,237563
135747,144461,170612,177448,188166,192080,197650,216003,218757,220253,223099,228692,233442,236086,237802,253419,260013,276591
119990,123924,126571,128133,129270,131555,132884,136825,143493,154470,155362,156245,157908,158021,158316,159515,164099,165685,167197,177297,177783,178149,192435,194231,204192,204283,221011,231699,241374,254605,258121,287404
122915,135105,146295,161184,167854,172269,183597,186935,188072,188815,200496,212808,222231,230501,240895,248885,251637,254433,266041,266767,281871,289981
135747,144461,170612,188166,192080,197650,216003,218757,220253,223099,228692,233442,236086,237802,253419,276591
120089,121441,135761,136428,137317,159509,167176,168385,182856,198405,198756,219593,223519,237185,238042,242641
131319,137375,142709,144005,150193,166419,170889,171650,175605,183282,183359,199510,200917,209813
118905,120211,121608,121721,129610,130269,135435,139102,146587,151523,154141,154554,162082,163837,166128,179298,179504,181293,182715,183815,186334,186827,187634,188622,188722,189967,191774,192450,193831,194078,195569,202866,213828,216426,219093,232890,235370,236369,241812,246044,250743,256049,267335,269250,270728,285426
120260,129715,169163,175593,178569,183721,199966,205081,222859,242682,250302,267585,280612
117965,123198,129774,130570,139195,143789,145372,149625,179986,189428,191281,192913,194944,199433,202426,215332,237563
119895,127943,162925,164007,165033,172023,178689,185904,198193,212989,227778,228265,229193,229425,231457,236419,237675,238447,274066
121899,127229,136829,141366,157497,170340,186028,193580,196120,204268,215958,228982
119990,123924,126571,128133,129270,131555,132884,136825,143493,154470,155362,156245,157908,158021,158316,159515,164099,165685,167197,177297,177783,178149,192435,194231,204192,204283,221011,231699,241374,254605,287404
118219,149513,160989,163048,165182,172559,186598,191913,201891,205395,208121,209220,213104,220910,227384,234761,274473,293422
123152,125370,126736,139795,144312,144729,153073,172388,178377,199290,201795,234441,289286
119990,123924,128133,129270,131555,132884,143493,154470,155362,156245,157908,158021,158316,159515,165685,177297,177783,192435,204283,221011,231699,241374,254605,271547,287404
166027,179448,194762,204494,230162,244719,245228,245701,250318,254087,259849,262784,269928,270325,273491
147008,149315,161533,181206,186218,201699,202814,203870,204484,207768,209994,213399,213808,214895,216004,221365,223120,226562,230338,231222,233379,235795,237960,241634,288872
122915,135105,172269,183597,187899,188072,188815,212808,222231,230501,248885,251637,254433,266041,289981
121441,136428,137317,170308,181388,182856,198756,215340,237185,238042,240908,242641,268639
149513,160989,163048,165182,166228,172559,186598,191913,201891,205395,208121,209220,220910,227384,234761,293422
133979,136311,148151,152558,160959,174806,176983,187950,189060,199159,218157,219537,227443,227839,239449
141435,149486,152030,152785,183639,190381,205889,206179,210413,210940,211793,231859,232567,233365,242493,243656,258637
152163,166027,172868,179448,193891,194762,230162,244719,245228,254087,259849,269928,270325,273491,285040
122859,128681,138298,148058,148397,153443,174360,179755,185819,191840,199536,225242,228656
122915,135105,146295,161184,172269,183597,186935,187899,188815,200496,212808,222231,230501,251637,254433,266041,266767,281871,289981
118905,120211,130269,135435,139102,146587,166128,179504,182715,186334,188622,188722,189967,191774,192450,194078,202866,219093,232890,256049,269250,270728,285426
123152,125370,126736,139795,144312,144729,172388,178377,199290,201795,234441,289286
136403,153727,193036,205409,209401,211631,213825,215450,217851,226298,260779,287511
120211,121608,135435,146587,151523,154141,154554,162082,163837,166128,179298,179504,181293,182715,186334,186827,187634,188622,189967,191774,192450,193831,194078,202866,216426,232890,235370,241812,246044,256049,267335,269250,270728,285426
118905,120211,121608,130269,135435,139102,146587,151523,154141,154554,162082,163837,166128,179298,179504,182715,183815,186334,186827,187634,188622,188722,189967,191774,192450,193831,194078,195569,202866,213828,216426,219093,232890,235370,241812,246044,250743,256049,267335,269250,270728,285426
117965,129774,130570,139195,145372,179986,189428,191281,192913,194944,199433,200188,215332,237563
126884,135160,142292,143081,151692,153133,159523,167032,168461,176066,177758,183028,191711,192684,197467,198375,198609,201909,207504,208037,224986,225574,228759,232845,241507,255267
144923,154132,155301,159286,178407,179650,211375,218619,227853,228161,238479,252272,256583
120281,121608,121721,129610,135435,146059,146587,154554,162082,163837,166128,179298,179504,180169,181293,186334,186827,191774,192450,193831,194078,202866,216426,232890,236369,256049,269250,270728,290201
125600,149315,161533,170764,181206,186218,201699,203870,204484,207768,209994,213808,214895,216004,221365,226562,230338,231222,233379,233553,235795,236585,237960,241634,248440,288872
117627,130255,156362,173856,184024,196771,208090,209108,213990,228118,238067,248568,263014
120211,129484,146587,151523,154141,182715,183815,186827,187634,188622,189967,193831,194078,195569,202866,232890,235370,241812,246044,250743,267335,285426
117965,123587,130570,139195,143789,145372,179986,189428,191281,192913,194944,199433,200188,202426,215332
120260,124820,129715,164101,169163,175593,183721,199966,202941,205081,222859,242682,267585,280612
166027,179448,194762,204494,230162,244719,245228,254087,259849,269928,270325,285040
119990,123924,128133,129270,131555,132884,143493,154470,155362,156245,157908,158021,158316,159515,165685,177297,177783,204283,221011,231699,241374
118905,120211,130269,139102,151523,154141,182715,183815,187634,188622,188722,189967,193831,194078,195569,202866,213828,219093,234943,235370,241812,246044,250743,267335,285426
123288,163973,188072,193677,196521,199224,216885,225486,229836,233464,240895,248885,250088,256103,257446,258611,275092
119990,123924,128133,129270,131555,132884,136825,143493,154470,155362,156245,157908,158021,158316,159515,165685,167197,177297,177783,192435,194231,204283,221011,231699,241374,254605,258121,271547,287404
119990,123924,128133,129270,131555,132884,136825,143493,154470,155362,156245,157908,158021,158316,159515,165685,167197,177297,177783,192435,194231,204283,221011,231699,241374,254605,258121,287404
120260,124820,129715,164101,169163,175593,183721,199966,205081,222859,242682,267585
125600,149315,160955,161533,170764,181206,186218,196987,202814,202918,203870,204484,207768,214895,216004,221365,223120,226562,229552,232621,233379,233553,235795,236954,237960,241634,248440,264860,288872
119895,127943,162925,164007,165033,172023,178689,185904,227778,228265,229193,229425,231457,237675,274066
125600,149315,160955,161533,170764,181206,186218,196987,201699,202814,202918,203870,204484,207768,209994,213808,214895,216004,221365,226562,229552,230338,231222,233379,233553,235795,236585,237960,241634,248440,264860,288872
147008,149315,181206,181388,186218,201699,203870,204484,207768,209994,213399,213808,215340,216004,221365,223120,230338,231222,233379,235795,237960,241634
120281,121608,121721,129610,131163,135435,143438,146059,146587,154554,162082,163837,166128,179298,179504,180169,181293,182715,186334,186827,189967,191774,192450,193831,194078,202866,216426,232890,235370,236369,241812,256049,269250,270728,285426,290201
125600,160955,161533,182040,196987,202814,202918,213399,229552,236954,248440,264860
117793,135505,137892,138085,149892,150925,167445,167456,167692,173376,226461,237436
120260,129715,164101,169163,175593,183721,190933,199966,205081,222859,223169,241012,242682,267585,280612
125650,126370,126638,134232,138277,148174,153718,156032,157796,159931,166182,169826,193205,207731,221656
120281,121608,121721,125911,129610,131163,135435,143438,146059,154554,162082,163837,179298,179504,180169,181293,186334,191774,192450,216426,236369,238893,269250,290201
118219,149513,160989,165182,166228,172559,191913,200619,200953,205395,208121,209220,213104,220910,227384,281897,293422
122654,132084,133314,137363,138600,144442,157121,157140,177157,213913,221445,253923,259930,265560,275579
118905,120211,121608,130269,135435,139102,146587,151523,154141,162082,163837,166128,179298,179504,182715,186334,186827,187634,188622,188722,189967,191774,192450,193831,194078,195569,202866,219093,232890,235370,241812,246044,250743,256049,267335,269250,270728,285426
120281,121608,121721,129610,135435,154554,162082,163837,166128,179298,179504,181293,186334,191774,192450,216426,236369,256049,269250
126571,136825,158021,164099,167197,167893,177297,178149,186729,192435,194231,204192,218752,223164,231699,241374,254605,258121,287404,288479
119895,124953,127943,146608,157879,162925,164007,165033,165472,172023,178362,185904,188723,194420,194878,206357,207732,228265,229193,229425,231457,237675,274066
119990,123924,129270,136825,154470,158021,158316,164099,167197,177297,177783,178149,192435,194231,204192,231699,241374,254605,258121,287404
122915,135105,146295,172269,183597,186935,188072,188815,212808,216885,222231,230501,240895,248885,251637,254433,266041,266767,289981
119895,124953,127943,164007,185904,194878,212989,223401,227655,228265,229193,229425,231457,236419,237675,238447,274066
122915,135105,146295,161184,167854,172269,183597,186935,188072,188815,200496,212808,222231,229791,230501,248885,251637,254433,266041,266767,281871
120089,121441,136428,137317,168385,182856,198405,198756,237185,238042,240908,242641
121608,146587,151523,154554,162082,163837,166128,179298,182715,186334,186827,191774,192450,193831,232890,235370,241812,246044,256049,269250,270728,285426
119895,124953,127943,146608,162925,164007,165033,165472,172023,178362,185904,188723,194420,194878,206357,207732,212989,223401,228265,229193,229425,231457,237675,238447,274066
118905,120211,121608,130269,135435,139102,146587,151523,154141,162082,163837,166128,179298,179504,182715,183815,186334,186827,187634,188622,188722,189967,191774,192450,193831,194078,195569,202866,213828,219093,232890,235370,241812,246044,250743,256049,267335,269250,270728,285426
120281,121608,121721,129610,131163,135435,143438,146059,146587,154554,162082,163837,166128,179298,179504,180169,181293,186334,191774,192450,194078,202866,216426,232890,236369,256049,269250,270728,290201
135747,144461,181246,194239,216748,217546,218757,223099,228692,236086,250161,253419,263172,276591
119990,123924,126571,128133,129270,136825,143493,154470,155362,157908,158021,158316,159515,164099,165685,167197,167893,177297,177783,178149,192435,194231,204192,218752,221011,223164,231699,241374,254605,258121,287404
123471,149153,150262,161812,177583,186593,201653,210208,230580,231408,254382,255821
123288,163973,188072,193677,199224,214044,216885,225486,240895,248885,257446,275092,289981
117965,121322,123198,129774,130570,139195,145372,149625,179986,189428,192913,199433,215332,237563
120054,123509,136360,137020,145740,147662,169229,175870,181837,215154,232864,249584,255585,284051
119734,128098,128705,128921,134232,136221,141203,152147,172976,193205,202514,234834
123282,129526,139181,148521,157144,172866,199050,207300,213430,260309,280097,289420
119990,123924,126571,128133,129270,136825,154470,155362,157908,158021,158316,164099,167197,177297,177783,178149,192435,194231,204192,218752,223164,231699,241374,254605,258121,287404
121899,127229,136829,157497,170340,193580,196120,198705,203564,204268,215958,228982
117698,141789,158326,162878,165680,176244,202693,219639,231413,242777,247384,259564,273218,278912
126571,167020,167197,167893,178149,186729,192435,194231,204192,218752,223164,258121,288479
136419,147056,158463,161425,165102,178664,187307,190440,193138,194082,201646,210033,225545,227067,231668,245432,262288
118219,149513,158552,160989,165182,166228,172559,191913,200953,201891,205395,208121,209220,213104,220910,274473,281897,293422
119990,123924,128133,129270,131555,132884,136825,143493,154470,155362,157908,158021,158316,159515,165685,167197,177297,177783,192435,194231,221011,231699,241374,254605,258121,271547,287404
120281,121608,121721,125911,129610,131163,135435,143438,146059,154554,162082,163837,166128,179298,179504,180169,181293,186334,191774,192450,216426,236369,238893,269250,290201
120281,121608,121721,125911,129610,131163,135435,143438,146059,154554,162082,163837,166128,179298,179504,180169,181293,186334,191774,192450,216426,232890,236369,256049,269250,290201
121608,146587,151523,154554,162082,163837,166128,179298,182715,186334,186827,191774,192450,193831,216426,232890,235370,241812,256049,269250,285426
149315,161533,181206,182040,186218,196987,201699,202814,203870,204484,207768,209994,213399,213808,214895,216004,221365,223120,226562,230338,233379,235795,237960,241634,288872
120281,121608,121721,125911,129610,131163,135435,143438,146059,154554,162082,163837,166128,179298,179504,180169,181293,186334,191774,192450,216426,236369,256049,269250,290201
119895,124953,146608,157879,162925,164007,165033,165472,172023,178362,188723,194420,194878,206357,207732,228265,229193,229425,231457,237675,274066
126168,135747,144461,170612,177448,188166,192080,197650,211022,216003,220253,223099,233442,237802,253419,273107
125650,126370,126638,128098,128921,134232,136221,141203,148174,152147,153718,156032,157796,166182,169826,172976,193205,202514,207731,221656,234834
129432,140898,142709,144005,144930,166419,170889,171650,178283,183282,199510,200917,206862,214959,239915,264348,274046,281081
119990,123924,126571,129270,136825,154470,155362,157908,158021,158316,164099,167197,177297,177783,178149,192435,194231,204192,221011,231699,241374,254605,258121,287404
119895,124953,127943,162925,164007,165033,165472,178689,185904,194420,194878,205350,212989,223401,227655,227778,228265,229193,229425,231457,236419,237675,238447,274066
117734,136903,145182,148240,174715,176306,200336,209873,215548,218701,224717,252798,253738
122915,135105,146295,161184,167854,172269,183597,186935,188072,188815,200496,222231,229791,230501,248885,251637,254433,266041,266767,281871
119990,123924,126571,128133,129270,136825,143493,154470,155362,157908,158021,158316,159515,164099,165685,167197,177297,177783,178149,186729,192435,194231,204192,218752,223164,231699,241374,254605,258121,287404
117627,130255,156362,173856,184024,185077,196771,206651,208090,209108,213990,223839,228118,238067,248568,263014
131319,137375,142709,144005,150193,166419,170889,171650,175605,183282,183359,199510,200917,206862,209813,214959,281081
126168,133081,135747,144461,170612,177448,188166,192080,197650,211022,216003,220253,223099,226373,233442,237802,253419,260013,273107
147008,149315,170308,181206,181388,201699,203870,207768,209994,213808,215340,216004,221365,223120,230338,231222,233379,235795,236585,237960,241634,268639
120105,130000,145704,157001,161695,166324,206811,221573,226403,232057,241505,242346,243647,246141,251294,266291,269170,270040
121710,146435,153524,157239,165364,178024,184186,218230,220800,236733,243122,257805
119895,124953,127943,146608,157879,162925,164007,165033,165472,165992,172023,178362,185904,188723,194420,194878,206357,207732,228265,229193,229425,231457,237675,238447,274066
122859,128681,138298,139414,148058,153443,174360,176193,179755,185819,191840,199536,225242,228656
119990,123924,126571,128133,129270,132884,136825,143493,154470,155362,157908,158021,158316,159515,164099,165685,167197,167893,177297,177783,178149,186729,192435,194231,204192,218752,221011,223164,231699,241374,254605,258121,287404
119990,123924,126571,128133,129270,136825,154470,155362,157908,158021,158316,159515,164099,165685,167197,167893,177297,177783,178149,186729,192435,194231,204192,218752,223164,231699,241374,254605,258121,287404,288479
125600,147008,149315,161533,170308,170764,181206,181388,186218,201699,202814,203870,204484,207768,209994,213808,214895,215340,216004,221365,226562,230338,231222,233379,233553,235795,236585,237960,241634,248440,268639,288872
136903,145182,148240,149412,150891,172324,174715,176306,179099,209873,215548,218701,224717,234246,252798,253738
133979,136311,152558,160959,176983,187950,189060,199159,218157,219537,227443,227839
119895,124953,127943,162925,164007,165033,165472,178689,185904,188723,194420,194878,205350,212989,223401,227655,228265,229193,229425,231457,236419,237675,238447,274066
188443,189399,196687,202845,203568,205317,206989,244074,244387,258423,259540,260256,265772,270371,271720,274192,283109
118905,120211,129484,130269,139102,146587,151523,154141,182715,183815,186827,187634,188622,189967,193831,194078,195569,202866,213828,219093,232890,235370,241812,246044,250743,267335,285426
122915,135105,172269,183597,186935,188072,188815,212808,216885,222231,230501,240895,248885,251637,254433,266041,266767,289981
151146,152654,162537,177594,178203,185913,188336,190401,199790,210631,254993,265312
118905,120211,129484,130269,139102,146587,151523,154141,182715,183815,186827,187634,188622,188722,189967,193831,194078,195569,202866,213828,219093,235370,241812,246044,250743,267335,285426
119990,123924,126571,136825,158021,164099,167197,177297,178149,186729,192435,194231,204192,218752,223164,231699,241374,254605,258121,287404,288479
135747,144461,177448,188166,192080,197650,216003,218757,220253,223099,233442,236086,237802,253419,276591
125650,126370,126638,134232,136221,148174,152147,153718,156032,159931,169826,193205,207731,221656,234834
117965,130570,139195,143789,145372,189428,191281,192913,199433,202426,215332,237563
117734,136903,145182,148240,149412,150891,172324,174715,176306,179099,200336,209873,215548,218701,224717,234246,252798,253738
119895,127943,164007,178689,185904,198193,212989,227655,227778,228265,229193,231457,236419,237675,238447
125600,160955,161533,170764,182040,196987,202814,202918,226562,229552,232621,233553,236954,248440,264860,288872
119895,124953,127943,146608,162925,164007,165033,165472,172023,178362,178689,185904,188723,194420,194878,198193,205350,207732,212989,223401,227655,227778,228265,229193,229425,231457,236419,237675,238447,274066
118905,120211,120281,121608,121721,129610,130269,135435,139102,146587,151523,154141,154554,162082,163837,166128,179298,179504,181293,182715,186334,186827,187634,188622,188722,189967,191774,192450,193831,194078,202866,213828,216426,219093,232890,235370,236369,241812,246044,250743,256049,267335,269250,270728,285426
123282,148521,157144,172866,199050,207300,213430,256746,257308,260309,280097,289420
119990,123924,129270,136825,154470,155362,158021,158316,159515,167197,177297,177783,192435,194231,231699,241374,254605,258121,287404
119895,127943,164007,178689,185904,198193,212989,227778,228265,229193,231457,237675,238447
117793,135505,137892,138085,149892,150925,167445,167456,167692,173376,221251,226461
119990,123924,126571,128133,129270,132884,136825,143493,154470,155362,157908,158021,158316,164099,167197,177297,177783,178149,192435,194231,204192,204283,221011,231699,241374,254605,287404
133081,135747,144461,170612,188166,192080,197650,216003,218757,220253,223099,228692,233442,236086,237802,253419,260013,276591
118905,120211,121608,130269,146587,151523,154141,162082,163837,166128,182715,186334,186827,187634,188622,189967,191774,192450,193831,194078,195569,202866,219093,232890,235370,241812,246044,250743,256049,267335,269250,270728,285426
119990,123924,128133,129270,131555,132884,136825,143493,154470,155362,156245,157908,158021,158316,159515,164099,165685,167197,177297,177783,192435,194231,204192,204283,221011,231699,241374,254605,258121,287404
166027,204494,230162,244719,245228,245701,250318,254087,259849,262784,269928,270325
119895,124953,127943,164007,165033,165472,185904,194420,194878,223401,228265,229425,231457,237675,274066
126884,135160,142292,143081,159523,167032,176066,177758,183028,191711,192684,198375,201909,208037,225574,232845,241507,255267
123288,163973,188072,193677,196521,199224,216885,225486,240895,248885,250088,257446,275092,289981
147008,149315,161533,170308,181206,181388,186218,201699,203870,204484,207768,209994,213808,214895,215340,216004,221365,223120,226562,230338,231222,233379,233553,235795,236585,237960,241634,268639,288872
117965,121322,123198,129774,130570,139195,145372,149625,179986,192913,199433,200188,204697,215332
118905,120211,121608,130269,139102,146587,151523,154141,162082,182715,183815,186827,187634,188622,188722,189967,193831,194078,195569,202866,213828,219093,232890,235370,241812,246044,250743,256049,267335,270728,285426
120281,121608,121721,129610,131163,135435,146059,146587,154554,162082,163837,166128,179298,179504,180169,181293,186334,191774,192450,194078,202866,216426,232890,236369,256049,269250,270728,290201
125600,147008,149315,161533,170308,170764,181206,181388,186218,196987,201699,202814,203870,204484,207768,209994,213808,214895,215340,216004,221365,223120,226562,230338,231222,233379,233553,235795,236585,237960,241634,248440,268639,288872
125600,147008,149315,161533,170764,181206,181388,186218,201699,202814,203870,204484,207768,209994,213808,214895,215340,216004,221365,226562,230338,231222,233379,233553,235795,236585,237960,241634,248440,288872
136403,142940,153727,164571,185315,205409,209401,213825,226298,237158,260779,275186
125600,147008,149315,161533,181206,181388,186218,201699,202814,203870,204484,207768,209994,213808,214895,215340,216004,221365,223120,226562,230338,231222,233379,233553,235795,236585,237960,241634,268639,288872
118905,120211,120281,121608,121721,129610,130269,135435,139102,146587,151523,154141,154554,162082,163837,166128,179298,179504,181293,182715,186334,186827,187634,188622,188722,189967,191774,192450,193831,194078,202866,216426,219093,232890,235370,236369,241812,246044,250743,256049,267335,269250,270728,285426
119895,124953,127943,162925,164007,165033,165472,185904,188723,194420,194878,212989,223401,227655,228265,229193,229425,231457,237675,238447,274066
119990,123924,126571,128133,129270,136825,154470,155362,157908,158021,158316,159515,164099,167197,167893,177297,177783,178149,186729,192435,194231,204192,218752,223164,231699,241374,254605,258121,287404,288479
119895,124953,127943,146608,162925,164007,165033,165472,172023,178362,178689,185904,188723,194420,194878,206357,207732,212989,227655,227778,228265,229193,229425,231457,236419,237675,238447,274066
118219,149513,158552,166228,172559,191913,200953,201891,208121,209220,213104,220910,274473,281897,293422
147008,149315,181206,181388,201699,203870,209994,213399,213808,215340,216004,223120,230338,231222,233379,235795,237960,241634
119990,123924,128133,129270,131555,132884,136825,143493,154470,155362,156245,157908,158021,158316,159515,164099,165685,167197,177297,177783,178149,192435,194231,204283,221011,231699,241374,254605,258121,287404
118905,120211,121608,129610,130269,135435,139102,146587,151523,154141,154554,162082,163837,166128,179298,179504,181293,182715,183815,186334,186827,187634,188622,188722,189967,191774,192450,193831,194078,195569,202866,213828,216426,219093,232890,235370,236369,241812,246044,250743,256049,267335,269250,270728,285426
119895,124953,146608,162925,164007,165033,165472,178362,188723,194420,194878,207732,228265,229193,229425,231457,237675,274066
132736,147971,165751,213037,221265,221374,229776,232757,235361,236356,237555,268571,290882
122915,135105,146295,161184,167854,172269,183597,186935,188072,188815,200496,216885,222231,230501,240895,248885,251637,254433,266041,266767,281871
119895,127943,164007,178689,185904,198193,205350,212989,223401,227655,227778,231457,236419,238447
136419,144235,147056,158463,161425,165102,178664,187307,193138,210033,225545,227067,231668,245432
123288,193677,196521,196794,211940,216885,225486,229836,233464,250088,256103,257446,258611
120089,121441,122954,129593,135761,138128,147876,150442,156417,159509,167176,168385,169374,182856,198405,198756,219593,223519,237185,238042,242641
119895,124953,127943,162925,164007,165033,165472,172023,178689,185904,194878,198193,207732,212989,227778,228265,229193,229425,231457,236419,237675,238447,274066
125600,149315,161533,181206,182040,186218,196987,201699,202814,203870,204484,207768,209994,213399,213808,214895,216004,221365,223120,226562,230338,233379,233553,235795,237960,241634,288872
119895,124953,127943,162925,164007,165033,165472,178689,185904,194878,198193,205350,212989,223401,227655,227778,228265,229193,229425,231457,236419,237675,238447,274066
120281,121608,121721,129610,131163,135435,143438,146059,146587,154554,162082,163837,166128,179298,179504,180169,181293,186334,186827,191774,192450,193831,194078,202866,216426,232890,236369,256049,269250,270728,290201
135105,146295,161184,167854,172269,183597,186935,188815,200496,212808,229791,230501,254433,266041,266767,281871
157001,166027,202437,230162,244719,245228,245701,250318,254087,259849,262784,269928,270325
122654,132084,133314,137363,138600,144442,149247,157121,157140,177157,195197,213913,221445,253923,259930,265560,275579
128133,129270,131555,132884,143493,154470,155362,156245,157908,158316,159515,165685,167191,177783,204283,204736,221011,271547
117965,130570,134064,139195,143789,145372,179986,189428,191281,192913,194944,199433,202426,215332,277188
147008,149315,170308,181206,181388,186218,201699,203870,204484,207768,209994,213808,214895,215340,216004,221365,223120,230338,231222,233379,235795,236585,237960,241634,268639
136403,153727,164571,193036,205409,209401,211631,213825,215450,217851,226298,260779
125600,147008,149315,160955,161533,170764,181206,186218,196987,201699,202814,203870,204484,207768,209994,213808,214895,215340,216004,221365,226562,229552,230338,231222,233379,233553,235795,236585,237960,241634,248440,288872
135435,163837,166128,179298,179504,186334,191774,192450,202866,256049,269250,270728
118219,149513,160989,163048,165182,166228,172559,186598,191913,200953,201891,205395,208121,209220,213104,220910,227384,234761,274473,281897,293422
118905,120211,130269,139102,154141,183815,187634,188622,188722,195569,213828,219093,234943,250743,267335
117793,135505,137892,149892,150925,154049,167445,167456,167692,173376,221251,226461
125600,147008,149315,160955,161533,170764,181206,181388,186218,196987,201699,202814,202918,203870,204484,207768,209994,213808,214895,215340,216004,221365,223120,226562,229552,230338,231222,233379,233553,235795,236585,237960,241634,248440,264860,288872
123471,149153,150262,161812,186593,189935,201653,210208,227770,231408,254382,255821,280926
120089,121441,129593,135761,136428,156417,159509,167176,168385,169374,182856,198405,198756,219593,223519,237185,238042,242641
119895,124953,127943,146608,162925,164007,165033,165472,172023,178362,178689,185904,188723,194420,194878,198193,207732,212989,227655,227778,228265,229193,229425,231457,236419,237675,238447,274066
136903,145182,148240,149412,172324,174715,176306,179099,200336,209873,215548,218701,224717,234246,252798,253738
126884,142292,143081,151692,153133,167032,168461,176066,177758,191711,192684,197467,198375,198609,201909,207504,208037,213306,224986,225574,228759,232845,241507
118905,120211,130269,139102,146587,151523,154141,182715,183815,187634,188622,188722,189967,194078,195569,202866,213828,219093,232890,235370,241812,246044,250743,267335,270728,285426
136403,153727,164571,185315,193036,205409,209401,211631,213825,217851,226298,227582,260779,275186
120089,121441,122954,129593,135761,150442,156417,159509,167176,167446,168385,169374,182856,198405,198756,219593,223519,237185,238042
147008,149315,181206,181388,186218,201699,203870,204484,207768,209994,213808,214895,215340,216004,221365,226562,230338,231222,233379,233553,235795,236585,237960,241634,288872
131319,137375,142709,144005,150193,166419,170889,171650,175605,183282,183359,199510,200917,209813,214959
152163,166027,179448,193891,194762,230162,244719,245228,254087,259849,269928,270325,285040
117965,130570,139195,143789,145372,179986,192913,194944,199433,200188,215332,277188
118905,120211,121608,130269,139102,146587,151523,154141,162082,163837,166128,179298,179504,182715,186334,186827,187634,188622,188722,189967,191774,192450,193831,194078,195569,202866,213828,219093,232890,235370,241812,246044,250743,256049,267335,269250,270728,285426
120105,130000,145704,157001,161695,166324,202437,206811,221573,226403,232057,241505,242346,243647,246141,251294,266291,269170,270040
118219,149513,158552,160989,163048,165182,186598,191913,201891,205395,208121,209220,213104,220910,227384,234761,274473,293422
129432,140898,144930,178283,184655,214816,225709,226729,239915,264348,265891,274046
126884,135160,142292,143081,151692,159523,167032,168461,176066,177758,183028,191711,192684,197467,198375,201909,207504,208037,225574,228759,232845,241507,255267
147008,170308,176456,181206,181388,201699,203870,207768,209994,213808,214895,215340,216004,221365,230338,231222,233379,235795,236585,237960,240908,268639
125650,126370,126638,128098,128921,134232,136221,148174,152147,153718,156032,157796,166182,169826,175214,193205,207731,221656,234834
117965,121322,123198,129774,130570,139195,143789,145372,149625,189428,191281,192913,199433,202426,215332,237563
127943,178689,185904,198193,205350,212989,223401,227655,227778,233719,236419,238447
134377,134781,138622,159568,161300,200761,200932,216765,244724,252299,252757,253071,254501,262205,278753
123152,125370,126736,139795,144312,144729,172388,178377,184961,199290,201795,234441,289286
119990,128133,129270,131555,132884,136825,143493,154470,155362,156245,157908,158021,158316,159515,164099,165685,177297,177783,204283,221011,241374,254605
117965,121322,123198,129774,130570,139195,145372,149625,171197,192913,199433,204697,215332,237563
147008,149315,161533,181206,181388,186218,201699,203870,204484,207768,209994,213808,214895,215340,216004,221365,223120,226562,230338,231222,233379,235795,236585,237960,241634,268639,288872
119990,123924,129270,154470,158021,158316,159515,165685,177783,192435,231699,271547,287404
149513,160989,163048,165182,166228,172559,200619,200953,205395,208121,209220,220910,227384,281897,293422
118905,120211,130269,139102,151523,154141,182715,183815,186827,187634,188622,188722,189967,193831,194078,195569,202866,213828,219093,235370,241812,246044,250743,267335,285426
125600,147008,149315,161533,181206,181388,186218,196987,201699,202814,203870,204484,207768,209994,213808,214895,215340,216004,221365,223120,226562,230338,231222,233379,233553,235795,236585,237960,241634,288872
125600,147008,149315,160955,161533,170764,181206,186218,196987,201699,202814,203870,204484,207768,209994,213399,213808,214895,216004,221365,223120,226562,229552,230338,233379,233553,235795,237960,241634,248440,264860,288872
120281,121608,121721,129610,135435,146059,146587,154554,162082,163837,166128,179298,179504,181293,182715,186334,186827,189967,191774,192450,193831,194078,202866,216426,232890,235370,241812,256049,269250,270728,285426,290201
119990,123924,126571,136825,158021,158316,164099,167197,177297,178149,192435,194231,204192,218752,231699,241374,254605,258121,287404
125600,149315,160955,161533,170764,181206,186218,201699,202814,202918,203870,204484,207768,209994,213808,214895,216004,221365,226562,229552,230338,232621,233379,233553,235795,241634,248440,288872
120281,121608,121721,129610,135435,146059,154554,162082,163837,166128,179298,179504,181293,186334,186827,191774,192450,193831,216426,232890,236369,256049,269250
117965,123587,130570,139195,145372,179986,192913,194944,199433,200188,215332,277188
118905,120211,130269,139102,146587,151523,166128,179504,182715,186334,187634,188622,188722,189967,191774,193831,194078,202866,213828,219093,232890,235370,241812,246044,256049,269250,270728,285426
119990,123924,126571,129270,136825,154470,155362,157908,158021,158316,164099,167197,167893,177297,177783,178149,186729,192435,194231,204192,218752,223164,231699,241374,254605,258121,287404
125600,147008,149315,161533,170764,181206,181388,186218,196987,201699,202814,203870,204484,207768,209994,213808,214895,215340,216004,221365,226562,229552,230338,231222,233379,233553,235795,236585,237960,241634,248440,288872
120281,121608,121721,129610,135435,154554,162082,163837,166128,179298,179504,181293,186334,186827,191774,192450,216426,236369,256049,269250
147008,170308,181206,181388,186218,201699,203870,207768,209994,213808,214895,215340,216004,221365,230338,231222,233379,235795,236585,237960,240908,241634,268639
119895,124953,127943,146608,157879,162925,164007,165033,165472,165992,172023,178362,185904,188723,194420,194878,206357,207732,223401,228265,229193,229425,231457,237675,274066
119990,123924,126571,128133,129270,132884,136825,143493,154470,155362,157908,158021,158316,159515,164099,165685,167197,177297,177783,178149,192435,194231,204192,218752,221011,223164,231699,241374,254605,258121,287404
128133,129270,131555,132884,143493,154470,155362,156245,157908,158316,159515,165685,167191,177783,204283,204736,221011
136419,144235,147056,158463,161425,165102,178664,187307,193138,201646,210033,225545,227067,231668,245432,255324,262288
119895,124953,127943,162925,164007,165033,165472,185904,188723,194420,194878,207732,223401,228265,229193,229425,231457,237675,238447,274066
126884,135160,142292,143081,151692,153133,159523,167032,168461,176066,177758,183028,191711,192684,197467,198375,201909,207504,208037,224986,225574,228759,232845,241507,255267
119990,123924,128133,129270,131555,132884,136825,143493,154470,155362,156245,157908,158021,158316,159515,165685,167197,177297,177783,192435,204283,221011,231699,241374,254605,258121,271547,287404
122915,135105,146295,161184,167854,172269,183597,186935,187899,188815,200496,212808,229791,230501,251637,254433,266041,266767,281871
119895,124953,127943,146608,162925,164007,165033,165472,172023,178362,185904,188723,194420,194878,207732,212989,223401,227655,228265,229193,229425,231457,237675,238447,274066
118905,120211,121608,130269,139102,146587,151523,154141,162082,163837,166128,179298,182715,183815,186334,186827,187634,188622,188722,189967,191774,192450,193831,194078,195569,202866,213828,219093,232890,235370,241812,246044,250743,256049,267335,269250,270728,285426
120211,121608,129610,135435,146587,151523,154554,162082,163837,166128,179298,179504,181293,182715,186334,186827,188622,189967,191774,192450,193831,194078,202866,216426,232890,235370,236369,241812,246044,256049,269250,270728,285426
125650,126370,126638,138277,148174,153718,156032,157796,159931,166182,169826,175214,221656
120281,121608,121721,129610,135435,146059,146587,154554,162082,163837,166128,179298,179504,180169,181293,186334,186827,189967,191774,192450,193831,194078,202866,216426,232890,256049,269250,270728,290201
119895,124953,127943,146608,162925,164007,165033,165472,172023,178362,178689,185904,188723,194420,194878,206357,207732,212989,228265,229193,229425,231457,237675,238447,274066
118219,149513,158552,160989,163048,165182,166228,172559,186598,191913,200953,201891,205395,208121,209220,213104,220910,227384,274473,281897,293422
188443,189399,190673,196687,202845,203568,205317,206989,244074,244387,258423,259540,260256,265772,270371,271720,274192,283109
119895,124953,127943,146608,162925,164007,165033,165472,172023,185904,188723,194420,194878,207732,223401,228265,229193,229425,231457,237675,274066
119990,123924,126571,128133,129270,132884,136825,143493,154470,155362,157908,158021,158316,159515,164099,165685,167197,177297,177783,178149,192435,194231,204192,221011,223164,231699,241374,254605,258121,287404
121951,133323,153343,159682,159753,162042,186431,204316,224327,224779,228874,237316,242993
136403,153727,164571,185315,190106,193036,205409,209401,211631,213825,217851,226298,260779,275186
120089,121441,136428,137317,181388,182856,198756,237185,238042,240908,242641,268639
123288,163973,188072,193677,196521,196794,199224,211940,214044,216885,225486,229836,233464,240895,248885,250088,256103,257446,258611,275092,289981
118905,120211,129484,130269,139102,151523,154141,182715,183815,187634,188622,188722,189967,193831,195569,213828,219093,235370,241812,246044,250743,267335,285426
125600,149315,160955,161533,170764,181206,186218,196987,202814,202918,203870,204484,207768,213808,214895,221365,226562,229552,230338,232621,233379,233553,235795,236954,241634,248440,264860,288872
119990,123924,126571,128133,129270,131555,132884,136825,143493,154470,155362,156245,157908,158021,158316,159515,164099,165685,167197,177297,177783,178149,194231,204192,204283,221011,231699,241374,254605,287404
147008,170308,176456,181206,181388,201699,203870,207768,209994,213808,215340,216004,230338,231222,233379,236585,237960,240908,268639
126884,142292,143081,151692,153133,167032,168461,176066,177758,191711,192684,197467,198375,198609,201909,207504,208037,213306,224986,225574,228759,232845,241507,255267
133081,135747,144461,170612,188166,192080,216003,216748,218757,223099,226373,228692,233442,236086,237802,253419,260013,276591
125600,147008,149315,160955,161533,170764,181206,181388,186218,196987,201699,202814,203870,204484,207768,209994,213808,214895,215340,216004,221365,223120,226562,229552,230338,231222,233379,233553,235795,236585,237960,241634,248440,264860,268639,288872
118905,120211,129484,130269,139102,154141,183815,187634,195569,213828,246044,250743,267335
119895,124953,127943,164007,178689,185904,194878,198193,205350,212989,223401,227655,227778,228265,229193,229425,231457,236419,237675,238447,274066
118905,120211,130269,139102,146587,151523,154141,182715,183815,186827,187634,188622,188722,189967,193831,194078,195569,202866,213828,219093,235370,241812,246044,250743,267335,270728,285426
125600,149315,160955,161533,181206,182040,186218,196987,201699,202814,203870,204484,207768,209994,213399,213808,214895,216004,221365,223120,226562,229552,230338,233379,233553,235795,237960,241634,248440,264860,288872
119895,127943,164007,185904,194878,212989,223401,227655,228265,229425,231457,238447,274066
125600,149315,160955,161533,170764,181206,182040,186218,196987,201699,202814,202918,203870,204484,207768,209994,213399,213808,214895,216004,221365,223120,226562,229552,230338,233379,233553,235795,237960,241634,248440,264860,288872
120211,130269,135435,146587,163837,166128,179504,186334,188622,188722,189967,191774,192450,194078,202866,219093,232890,256049,269250,270728,285426
119895,127943,162925,164007,165033,172023,178689,185904,194878,198193,205350,212989,227655,227778,228265,229193,229425,231457,236419,237675,238447,274066
120089,121441,129593,156417,168385,169374,182856,198405,203787,223120,223519,237185,238042
120211,130269,146587,151523,154141,182715,183815,186827,187634,188622,189967,193831,194078,195569,202866,232890,235370,241812,246044,250743,267335,270728,285426
118905,120211,129484,130269,139102,151523,154141,183815,187634,188622,188722,195569,213828,219093,235370,246044,250743,267335,285426
120089,121441,129593,131386,135761,156417,167176,168385,169374,182856,198405,198756,203787,223519,237185,238042
122915,135105,146295,161184,172269,183597,186935,188072,188815,200496,212808,222231,230501,240895,248885,251637,254433,266041,266767,289981
183897,199176,204030,204265,215967,216680,218488,227658,233021,246629,260128,270412
118905,120211,130269,139102,151523,154141,183815,187634,188622,188722,189967,194078,195569,202866,213828,219093,246044,250743,267335,285426
122915,135105,146295,161184,167854,172269,183597,186935,188072,188815,200496,222231,230501,240895,248885,251637,254433,266041,266767,281871,289981
123561,130245,133949,153017,155210,162222,164232,169766,198670,202287,244869,279318
136403,142940,153727,164571,185315,193036,205409,209401,211631,213825,217851,226298,227582,260779,275186
119895,127943,162925,164007,165033,172023,178689,185904,212989,227778,228265,229193,229425,231457,237675
133081,170612,188166,192080,197650,216003,223099,226373,233442,237802,260013,273107
119990,123924,126571,128133,129270,131555,132884,136825,143493,154470,155362,157908,158021,158316,159515,164099,167197,177297,177783,178149,192435,194231,204192,204283,221011,231699,241374,254605,287404
152163,166027,172868,193891,202437,230162,244719,245228,254087,259849,269928,270325,285040
120089,121441,129593,135761,156417,159509,167176,168385,169374,182856,198405,198756,223519,237185,238042,242641
118905,120211,121608,130269,135435,139102,146587,151523,162082,163837,166128,179298,179504,182715,186334,186827,187634,188622,188722,189967,191774,192450,193831,194078,202866,213828,219093,232890,235370,241812,246044,256049,269250,270728,285426
126168,133081,135747,144461,170612,177448,188166,192080,197650,216003,220253,223099,226373,233442,237802,253419,260013,273107,276591
119895,124953,127943,164007,165033,165472,178689,185904,194878,205350,212989,223401,227655,227778,228265,229193,229425,231457,236419,237675,238447,274066
129432,137375,140898,142709,144005,144930,166419,170889,171650,175605,178283,183282,199510,200917,206862,214959,239915,264348,274046,281081
125600,147008,149315,161533,181206,181388,186218,196987,201699,202814,203870,204484,207768,209994,213808,214895,215340,216004,221365,223120,226562,230338,231222,233379,233553,235795,236585,237960,241634,268639,288872
120260,129715,164101,169163,175593,183721,199966,202941,205081,222859,242682,267585,280612
125600,149315,160955,161533,181206,182040,186218,196987,201699,202814,203870,204484,207768,209994,213399,213808,214895,216004,221365,223120,226562,230338,233379,233553,235795,237960,241634,264860,288872
121441,136428,137317,147008,170308,176456,181388,182856,215340,231222,236585,238042,240908,242641,268639
133081,135747,144461,170612,188166,192080,197650,216003,218757,223099,226373,233442,236086,237802,253419,260013,276591
118905,120211,130269,139102,146587,151523,154141,166128,182715,183815,186827,187634,188622,188722,189967,193831,194078,202866,213828,219093,232890,235370,241812,246044,250743,267335,269250,270728,285426
126884,142292,143081,151692,153133,167032,168461,176066,177758,191711,192684,197467,198375,198609,201909,207504,213306,224986,225574,228759
125650,126370,126638,128098,128921,134232,136221,141203,148174,152147,153718,156032,157796,166182,169826,172976,175214,193205,202514,207731,221656,234834
131319,137375,142709,150193,170889,171650,175605,183282,183359,199510,200917,209813,214959
133081,170612,177448,188166,192080,197650,216003,220253,226373,233442,237802,260013,273107
157196,170445,171497,187340,189622,196874,201983,207744,214441,215500,235005,260540,266422,283031
149513,160989,163048,165182,166228,172559,186598,191913,200953,205395,208121,209220,220910,227384,234761,293422
120089,122954,129593,131386,135761,138128,147876,150442,156417,159509,167176,167446,168385,169374,198405,203787,223519,237185
126571,164099,167020,167197,167893,178149,186729,192435,194231,204192,218752,223164,258121,288479
125600,149315,160955,161533,170764,181206,186218,196987,201699,202814,202918,203870,204484,207768,209994,213808,214895,216004,221365,226562,229552,230338,232621,233379,233553,235795,236954,241634,248440,264860,288872
119895,124953,127943,164007,178689,185904,194878,205350,212989,223401,227655,228265,229425,231457,236419,237675,238447,274066
120211,120281,121608,121721,129610,130269,135435,146587,151523,154554,162082,163837,166128,179298,179504,181293,182715,186334,186827,188622,189967,191774,192450,193831,194078,202866,216426,232890,235370,236369,241812,246044,256049,269250,270728,285426
118905,120211,121608,130269,139102,146587,151523,154141,162082,163837,166128,182715,183815,186334,186827,187634,188622,188722,189967,191774,192450,193831,194078,195569,202866,213828,219093,232890,235370,241812,246044,250743,256049,267335,269250,270728,285426
117965,123198,129774,130570,139195,145372,149625,179986,189428,192913,194944,199433,200188,215332,237563
147008,149315,181206,181388,186218,201699,203870,204484,207768,209994,213399,213808,214895,215340,216004,221365,223120,226562,230338,231222,233379,235795,237960,241634,288872
119895,127943,162925,164007,165033,178689,185904,212989,227778,228265,229193,229425,231457,237675,238447
125600,149315,160955,161533,170764,181206,186218,196987,201699,202814,202918,203870,204484,207768,209994,213808,214895,216004,221365,226562,229552,230338,233379,233553,235795,237960,241634,248440,264860,288872
118219,149513,165182,166228,172559,191913,200619,200953,208121,209220,213104,220910,274473,281897,293422
126168,170612,177448,188166,192080,197650,211022,216003,220253,226373,233442,237802,260013,273107
122915,135105,146295,172269,183597,186935,188072,188815,216885,222231,230501,240895,248885,251637,254433,266041,266767,289981
157196,170445,171497,187340,189622,196874,207744,214441,215500,235005,260540,266422,283031
122859,128681,138298,139414,148058,153443,174360,179755,185819,191840,199536,225242,228656
120281,121608,121721,129610,135435,146059,146587,151523,154554,162082,163837,166128,179298,179504,181293,182715,186334,186827,189967,191774,192450,193831,194078,202866,216426,232890,235370,236369,241812,246044,256049,269250,270728,285426,290201
119895,124953,127943,164007,165033,165472,185904,194878,212989,223401,227655,228265,229193,229425,231457,237675,238447,274066
129432,140898,142709,144930,166419,170889,171650,178283,199510,206862,214959,239915,264348,274046,281081
120211,121608,135435,146587,151523,154141,154554,162082,163837,166128,179298,179504,181293,182715,186334,186827,188622,189967,191774,192450,193831,194078,202866,216426,232890,235370,236369,241812,246044,256049,269250,270728,285426
119990,123924,128133,129270,131555,132884,143493,154470,155362,156245,157908,158021,158316,159515,165685,177783,204283,221011,241374,271547
125650,126370,126638,128098,128921,134232,136221,141203,148174,152147,153718,156032,157796,166182,169826,172976,175214,193205,207731,221656,234834
120281,121608,121721,125911,129610,131163,135435,143438,146059,154554,162082,163837,166128,179298,179504,180169,181293,186334,191774,192450,216426,236369,238893,256049,269250,290201
122915,135105,172269,183597,212808,222231,230501,248885,251637,254433,266041,289981
121441,136428,137317,170308,181388,182856,198756,215340,238042,240908,242641,268639
117965,123198,129774,130570,139195,145372,179986,192913,194944,199433,200188,204697,215332
125650,126370,126638,128921,134232,136221,152147,153718,156032,159931,169826,193205,207731,234834
147008,149315,161533,181206,186218,201699,202814,203870,204484,207768,209994,213399,213808,214895,215340,216004,221365,223120,226562,230338,231222,233379,235795,237960,241634,288872
120089,121441,129593,135761,136428,137317,156417,159509,167176,168385,169374,182856,198405,198756,219593,223519,237185,238042,242641
147008,149315,170308,181206,181388,186218,201699,203870,207768,209994,213808,214895,215340,216004,221365,223120,230338,231222,233379,235795,236585,237960,241634,268639
147008,170308,181206,181388,201699,207768,209994,213808,215340,216004,221365,230338,231222,233379,236585,240908,268639
119895,127943,164007,178689,185904,205350,212989,223401,227655,227778,228265,229425,231457,236419,238447,274066
119895,127943,164007,178689,185904,198193,212989,227778,228265,231457,236419,238447
123288,163973,193677,196521,196794,211940,214044,225486,229836,233464,250088,256103,257446,258611,275092
118905,120211,130269,139102,146587,151523,154141,182715,183815,186827,187634,188622,188722,189967,193831,194078,202866,213828,219093,232890,235370,241812,246044,250743,267335,269250,270728,285426
122915,135105,146295,161184,167854,172269,183597,186935,188072,188815,200496,212808,222231,229791,230501,248885,251637,254433,266041,266767,281871,289981
120089,122954,129593,131386,135761,138128,147876,150442,156417,159509,167176,167446,168385,169374,198405,198756,223519,237185
123288,163973,193677,196521,196794,211940,214044,225486,229836,233464,250088,256103,257446,258611,275092,292211
120393,146713,149961,160106,175633,184298,213916,214319,222259,227413,228908,260297
119895,127943,162925,164007,165033,172023,178689,185904,194878,198193,212989,227778,228265,229193,229425,231457,237675,238447,274066
125600,149315,160955,161533,170764,181206,186218,196987,201699,202814,202918,203870,204484,207768,209994,213808,214895,216004,221365,223120,226562,229552,230338,232621,233379,233553,235795,236954,237960,241634,248440,264860,288872
119990,123924,129270,154470,155362,158021,158316,159515,167197,177297,177783,192435,194231,231699,241374,254605,258121,271547,287404
119990,123924,126571,136825,158021,164099,167197,167893,177297,178149,186729,192435,194231,204192,218752,223164,231699,241374,254605,258121,287404,288479
121334,141435,149486,152030,152785,164277,183639,188009,190381,205889,206179,210413,210940,211793,212160,214033,231859,232567,233365,242493,243656,258637
125650,126638,128098,128921,134232,136221,152147,153718,156032,159931,169826,172976,193205,234834
134377,134781,138622,159568,161300,200932,216765,244724,252299,252757,253071,254501,264755,278083,278753
125600,149315,160955,161533,170764,181206,182040,186218,196987,201699,202814,203870,204484,207768,209994,213399,213808,214895,216004,221365,223120,226562,229552,230338,233379,233553,235795,237960,241634,248440,264860,288872
125600,149315,160955,161533,181206,182040,186218,196987,201699,202814,202918,203870,204484,207768,209994,213399,213808,214895,216004,221365,223120,226562,229552,230338,233379,233553,235795,237960,241634,248440,264860,288872
123471,149153,150262,161812,177583,186593,210208,230580,231408,254382,255821,280926
121608,135435,146587,154554,162082,163837,166128,179298,179504,182715,186334,186827,191774,192450,193831,216426,232890,235370,241812,256049,269250
129432,140898,144005,144930,166419,170889,171650,175605,178283,199510,200917,206862,214959,239915,264348,274046,281081
118905,120211,129484,130269,146587,151523,154141,182715,183815,186827,187634,188622,189967,193831,194078,195569,202866,232890,235370,241812,246044,250743,267335,270728,285426
133081,135747,144461,170612,188166,192080,194239,216003,216748,218757,223099,226373,228692,233442,236086,237802,253419,276591
122915,135105,172269,183597,187899,212808,222231,230501,251637,254433,266041,289981
119990,123924,126571,128133,129270,131555,132884,136825,143493,154470,155362,156245,157908,158021,158316,159515,164099,165685,167197,177297,177783,178149,192435,194231,204192,204283,221011,223164,231699,241374,254605,258121,287404
119990,123924,128133,129270,131555,132884,136825,143493,154470,155362,156245,157908,158021,158316,159515,164099,165685,167197,177297,177783,192435,194231,204283,221011,231699,241374,254605,287404
117965,130570,139195,143789,145372,179986,189428,191281,192913,194944,199433,200188,202426,215332,237563
125600,147008,149315,161533,170308,181206,181388,186218,201699,202814,203870,204484,207768,209994,213808,214895,215340,216004,221365,223120,226562,230338,231222,233379,233553,235795,236585,237960,241634,268639,288872
120089,121441,122954,129593,131386,135761,138128,147876,150442,156417,159509,167176,167446,168385,169374,182856,198405,198756,203787,223519,237185,238042
125600,149315,160955,161533,170764,181206,182040,186218,196987,202814,202918,203870,204484,207768,214895,221365,223120,226562,229552,232621,233379,233553,235795,236954,237960,241634,248440,264860,288872
120089,121441,129593,156417,168385,169374,182856,198405,198756,223120,223519,237185,238042,242641
120105,130000,145704,157001,161695,166324,202437,206811,221573,226403,242346,243647,246141,251294,266291,269170,270040
119895,124953,127943,146608,157879,162925,164007,165033,165472,165992,172023,178362,185904,188723,194420,194878,206357,207732,228265,229193,229425,231457,237675,274066
120211,120281,121608,121721,129610,135435,146059,146587,151523,154554,162082,163837,166128,179298,179504,181293,182715,186334,186827,188622,189967,191774,192450,193831,194078,202866,216426,232890,235370,236369,241812,246044,256049,269250,270728,285426
145704,161695,166324,206811,221573,226403,232057,241505,242346,243647,251294,266291,269170,270040
149315,161533,181206,182040,186218,201699,202814,203870,204484,207768,209994,213399,213808,214895,216004,221365,223120,226562,230338,233379,235795,237960,241634,288872
147008,149315,161533,181206,186218,201699,202814,203870,204484,207768,209994,213399,213808,214895,216004,221365,223120,226562,230338,231222,233379,233553,235795,237960,241634,288872
123282,129526,148521,157144,172866,199050,207300,213430,256746,257308,260309,289420
120089,121441,129593,131386,156417,167446,168385,169374,182856,198405,198756,203787,223519,237185,238042
119895,124953,127943,146608,162925,164007,165033,165472,172023,178689,185904,188723,194420,194878,207732,212989,227778,228265,229193,229425,231457,237675,238447,274066
118905,120211,130269,139102,146587,151523,154141,182715,183815,186827,187634,188622,188722,189967,193831,194078,195569,202866,213828,219093,232890,235370,241812,246044,250743,267335,270728,285426
121608,135435,146587,154554,162082,163837,166128,179298,179504,186334,186827,191774,192450,193831,216426,232890,236369,241812,256049,269250
125600,149315,160955,161533,170764,186218,196987,202814,202918,203870,204484,207768,214895,221365,226562,229552,232621,233379,233553,235795,236954,241634,248440,264860,288872
147008,170308,176456,181388,201699,209994,215340,231222,236585,237960,240908,242641,268639
125650,126370,126638,128098,128921,134232,136221,152147,153718,156032,159931,169826,172976,193205,234834
125600,147008,149315,161533,170764,181206,181388,186218,196987,201699,202814,203870,204484,207768,209994,213808,214895,215340,216004,221365,223120,226562,230338,231222,233379,233553,235795,236585,237960,241634,248440,288872
121608,146587,151523,154554,162082,163837,166128,179298,182715,186334,186827,191774,192450,193831,216426,232890,235370,241812,256049,269250,270728,285426
166027,179448,194762,204494,230162,244719,245228,254087,259849,269928,270325,273491,285040
117965,123587,130570,139195,145372,179986,192913,194944,199433,200188,204697,215332
163216,225548,241592,244199,253606,260700,263863,269493,272499,274450,275385,281253
126884,142292,143081,151692,153133,159523,167032,168461,176066,177758,183028,191711,192684,197467,198375,198609,201909,207504,208037,224986,225574,228759,232845,241507,255267
147008,170308,181388,201699,209994,213808,215340,216004,230338,231222,236585,237960,240908,242641,268639
119895,124953,127943,162925,164007,165033,165472,172023,178689,185904,188723,194420,194878,207732,212989,223401,227655,228265,229193,229425,231457,236419,237675,238447,274066
120089,121441,122954,129593,135761,138128,147876,150442,156417,159509,167176,167446,168385,169374,182856,198405,198756,203787,219593,223519,237185,238042
125600,147008,149315,160955,161533,170764,181206,186218,196987,201699,202814,202918,203870,204484,207768,209994,213808,214895,216004,221365,226562,229552,230338,231222,233379,233553,235795,236585,237960,241634,248440,264860,288872
126168,135747,144461,170612,177448,188166,192080,197650,216003,220253,223099,233442,237802,253419,273107,276591
121951,133323,153343,159682,159753,162042,186431,197689,204316,224327,224779,228874,237316,242993
121608,121721,129610,135435,146587,151523,162082,163837,166128,179298,179504,181293,182715,186334,186827,189967,191774,192450,193831,194078,202866,216426,232890,235370,241812,246044,256049,269250,270728,285426
119895,124953,127943,146608,157879,162925,164007,165033,165472,172023,178362,185904,188723,194420,194878,206357,207732,228265,229193,229425,231457,237675,238447,274066
133081,135747,144461,170612,177448,188166,192080,197650,216003,218757,220253,223099,226373,228692,233442,236086,237802,253419,260013,273107,276591
123152,125370,126736,139795,144312,144729,153073,172388,178377,199290,201795,289286
122954,129593,131386,135761,138128,147876,150442,156417,159509,167176,167446,168385,169374,198405,203787,223519,237185
189399,190673,202845,203568,206989,244074,244387,258423,259540,260256,265772,270371,274192,283109
126168,133081,135747,144461,170612,177448,188166,192080,197650,216003,218757,220253,223099,226373,233442,236086,237802,253419,260013,273107,276591
147008,170308,181388,201699,209994,213808,215340,216004,223120,230338,231222,236585,237960,242641,268639
149513,160989,163048,165182,186598,191913,201891,205395,208121,209220,220910,227384,234761,293422
133081,135747,144461,170612,177448,188166,192080,197650,216003,218757,220253,223099,226373,233442,237802,253419,260013,273107,276591
121608,135435,154554,162082,163837,166128,179298,179504,181293,186334,186827,191774,192450,193831,216426,232890,236369,241812,256049,269250
125600,149315,160955,161533,181206,182040,186218,196987,201699,202814,202918,203870,204484,207768,209994,213399,214895,216004,221365,223120,226562,229552,230338,233379,233553,235795,237960,241634,248440,264860,288872
118905,120211,121608,130269,135435,139102,146587,151523,154141,162082,163837,166128,179298,179504,182715,183815,186334,186827,187634,188622,188722,189967,191774,192450,193831,194078,202866,213828,219093,232890,235370,241812,246044,250743,256049,267335,269250,270728,285426
119990,123924,126571,128133,129270,136825,143493,154470,155362,157908,158021,158316,164099,167197,177297,177783,178149,192435,194231,204192,221011,231699,241374,254605,258121,287404
120281,121608,121721,125911,129610,131163,135435,143438,146059,154554,162082,163837,166128,179298,179504,181293,186334,191774,192450,216426,236369,256049,269250
119895,127943,164007,178689,185904,198193,212989,227655,227778,231457,236419,238447
119895,124953,127943,146608,162925,164007,165033,165472,172023,178362,178689,185904,188723,194420,194878,198193,205350,207732,212989,227655,227778,228265,229193,229425,231457,236419,237675,238447,274066
117627,130255,156362,173856,184024,196771,206651,208090,209108,213990,228118,238067,263014
122915,135105,146295,172269,183597,186935,187899,188815,200496,212808,222231,230501,251637,254433,266041,266767,289981
121441,136428,137317,147008,170308,176456,181388,182856,215340,231222,236585,240908,242641,268639
125749,125924,129054,176797,193868,194604,199106,210116,254133,261521,262608,270789
119990,123924,126571,128133,129270,131555,132884,136825,143493,154470,155362,157908,158021,158316,159515,164099,165685,167197,177297,177783,178149,192435,194231,204192,204283,218752,221011,223164,231699,241374,254605,258121,287404
126168,133081,135747,144461,170612,177448,188166,192080,197650,211022,216003,218757,220253,223099,226373,233442,237802,253419,260013,273107,276591
119895,127943,164007,178689,185904,198193,205350,212989,223401,227655,227778,228265,231457,236419,238447
118905,120211,130269,135435,139102,146587,166128,179504,182715,186334,188622,188722,189967,191774,193831,194078,202866,213828,219093,232890,256049,269250,270728,285426
119990,123924,126571,128133,129270,136825,143493,154470,155362,157908,158021,158316,159515,164099,165685,167197,167893,177297,177783,178149,186729,192435,194231,204192,218752,223164,231699,241374,254605,258121,287404
118905,120211,129484,130269,139102,146587,151523,154141,182715,183815,186827,187634,188622,188722,189967,193831,194078,195569,213828,219093,235370,241812,246044,250743,267335,285426
126954,137223,155341,158789,161844,167003,174285,175656,191057,192033,201585,246064
117965,123587,130570,139195,143789,145372,179986,189428,191281,192913,194944,199433,200188,215332
120260,129715,169163,175593,178569,183721,199966,201925,205081,242682,250302,267585,280612
121441,136428,147008,170308,176456,181388,182856,215340,231222,236585,238042,240908,242641,268639
120260,129715,164101,169163,175593,183721,190933,199966,202941,205081,222859,223169,242682,267585,280612
122915,135105,146295,161184,167854,172269,183597,186935,187899,188815,200496,212808,222231,229791,230501,251637,254433,266041,266767,281871
119895,124953,127943,146608,162925,164007,165033,165472,172023,178689,185904,188723,194420,194878,198193,205350,207732,212989,223401,227655,227778,228265,229193,229425,231457,236419,237675,238447,274066
126884,142292,151692,153133,167032,168461,191711,197467,198375,198609,201909,207504,213306,224986,228759
119990,123924,128133,129270,131555,132884,136825,143493,154470,155362,156245,157908,158021,158316,159515,164099,165685,167197,177297,177783,178149,192435,194231,204192,204283,221011,231699,241374,254605,258121,287404
122915,135105,146295,161184,167854,172269,183597,186935,188072,188815,200496,222231,229791,230501,240895,248885,251637,254433,266041,266767,281871
120260,129715,169163,175593,183721,199966,202941,205081,222859,242682,250302,267585,280612
118905,120211,130269,139102,146587,151523,154141,182715,183815,187634,188622,188722,189967,193831,194078,195569,202866,213828,219093,234943,235370,241812,246044,250743,267335,270728,285426
119895,124953,127943,146608,162925,164007,165033,165472,172023,178362,185904,188723,194420,194878,206357,207732,223401,228265,229193,229425,231457,237675,274066
117627,130255,156362,173856,196771,208090,209108,213990,223839,228118,238067,248568,263014
117965,121322,123198,129774,130570,145372,149625,171197,189428,191281,192913,199433,202426,215332,237563
120281,121608,121721,129610,135435,146587,151523,154554,162082,163837,166128,179298,179504,181293,182715,186334,186827,189967,191774,192450,193831,194078,202866,216426,232890,235370,236369,241812,246044,256049,269250,270728,285426
119990,123924,126571,128133,129270,136825,154470,155362,157908,158021,158316,159515,164099,165685,167197,177297,177783,178149,192435,194231,204192,218752,223164,231699,241374,254605,258121,287404
131319,137375,142709,150193,171650,183282,183359,199510,200917,206862,209813,214959,281081
120089,121441,122954,129593,135761,138128,147876,150442,156417,159509,167176,167446,168385,169374,182856,198405,198756,219593,223519,237185,238042
120089,121441,129593,156417,168385,169374,182856,198405,198756,203787,223120,223519,237185,238042
149315,181206,182040,201699,203870,209994,213399,213808,216004,223120,230338,233379,235795,237960,241634
118905,120211,121608,121721,129610,130269,135435,139102,146587,151523,154141,154554,162082,163837,166128,179298,179504,181293,182715,183815,186334,186827,187634,188622,188722,189967,191774,192450,193831,194078,202866,213828,216426,219093,232890,235370,236369,241812,246044,250743,256049,267335,269250,270728,285426
119990,123924,126571,129270,136825,154470,155362,158021,158316,164099,167197,167893,177297,177783,178149,186729,192435,194231,204192,218752,223164,231699,241374,254605,258121,287404,288479
141435,149486,152030,152785,183639,190381,205889,206179,210413,210940,211793,214033,231859,232567,233365,242493,243656,258637
118905,120211,121608,130269,135435,139102,146587,151523,162082,163837,166128,179298,179504,182715,186334,186827,187634,188622,188722,189967,191774,192450,193831,194078,202866,213828,219093,232890,235370,241812,246044,256049,267335,269250,270728,285426
119895,124953,127943,162925,164007,165033,165472,172023,178689,185904,188723,194420,194878,198193,205350,207732,212989,227655,227778,228265,229193,229425,231457,236419,237675,238447,274066
117965,121322,123198,129774,130570,139195,145372,149625,179986,192913,199433,204697,215332,237563
117965,121322,123198,129774,130570,139195,145372,149625,171197,189428,192913,199433,215332,237563
147008,170308,181206,181388,201699,209994,213808,215340,216004,223120,230338,231222,236585,237960,268639
125600,147008,149315,160955,161533,170764,181206,186218,196987,201699,202814,203870,204484,207768,209994,213808,214895,216004,221365,226562,229552,230338,231222,233379,233553,235795,236585,237960,241634,248440,264860,288872
125600,149315,161533,170764,181206,186218,201699,202814,203870,204484,207768,209994,213808,214895,216004,221365,226562,230338,231222,233379,233553,235795,237960,241634,248440,288872
119895,124953,146608,157879,162925,164007,165033,165472,165992,172023,178362,188723,194420,194878,206357,207732,228265,229193,229425,231457,237675,274066
121608,146587,151523,162082,163837,166128,182715,186334,186827,191774,192450,193831,202866,232890,235370,241812,246044,256049,269250,270728,285426
119895,127943,164007,178689,185904,198193,205350,212989,223401,227655,227778,231457,236419,238447,274066
123471,149153,150262,161812,186593,201653,210208,230580,231408,254382,255821,280926
133081,135747,144461,170612,188166,192080,197650,216003,218757,223099,226373,228692,233442,236086,237802,253419,260013,276591
147008,149315,170308,181206,181388,186218,201699,203870,204484,207768,209994,213808,214895,215340,216004,221365,223120,226562,230338,231222,233379,235795,236585,237960,241634,268639
120281,121608,121721,129610,135435,146587,151523,162082,163837,166128,179298,179504,181293,182715,186334,186827,189967,191774,192450,193831,194078,202866,216426,232890,235370,241812,256049,269250,270728,285426
119895,127943,178689,185904,198193,205350,212989,227655,227778,231457,236419,238447
121334,141435,149486,152030,152785,164277,183639,188009,190381,205889,206179,210413,210940,212160,214033,231859,233365,243656,258637
121608,146587,151523,162082,182715,186827,189967,193831,202866,232890,235370,241812,246044,256049,270728,285426
123288,163973,188072,193677,196521,196794,211940,216885,225486,229836,233464,240895,248885,250088,256103,257446,258611,275092
120260,124820,129715,164101,175593,183721,190933,205081,216670,222859,223169,241012,242682,267585
119990,123924,126571,129270,136825,154470,158021,158316,164099,167197,177297,177783,178149,192435,194231,204192,231699,241374,254605,258121,287404
118905,120211,120281,121608,121721,129610,130269,135435,146587,151523,154554,162082,163837,166128,179298,179504,181293,182715,186334,186827,187634,188622,188722,189967,191774,192450,193831,194078,202866,216426,219093,232890,235370,236369,241812,246044,256049,269250,270728,285426
119895,124953,127943,146608,162925,164007,165033,165472,172023,185904,188723,194420,194878,207732,212989,223401,227655,228265,229193,229425,231457,237675,238447,274066
135747,144461,181246,194239,216748,217546,218757,223099,228692,236086,250161,253419,276591
127943,178689,185904,198193,205350,212989,223401,227655,227778,233719,236419,237048,238447
117965,121322,123198,129774,130570,143789,149625,189428,191281,192913,199433,202426,215332,237563
125600,149315,160955,161533,170764,181206,182040,186218,196987,201699,202814,202918,203870,204484,207768,209994,213399,213808,214895,216004,221365,223120,226562,229552,230338,233379,233553,235795,236954,237960,241634,248440,264860,288872
129432,137375,140898,142709,144005,144930,166419,170889,171650,175605,178283,199510,200917,206862,214959,239915,264348,274046,281081
125600,147008,149315,160955,161533,170764,181206,186218,196987,201699,202814,203870,204484,207768,209994,213808,214895,215340,216004,221365,226562,229552,230338,231222,233379,233553,235795,236585,237960,241634,248440,264860,288872
119990,123924,128133,129270,136825,154470,155362,158021,158316,159515,165685,167197,177297,177783,192435,194231,231699,241374,254605,258121,271547,287404
119990,123924,126571,128133,129270,136825,154470,155362,157908,158021,158316,159515,164099,165685,167197,167893,177297,177783,178149,186729,192435,194231,204192,218752,223164,231699,241374,254605,258121,287404
117965,130570,139195,143789,145372,149625,179986,189428,191281,192913,194944,199433,202426,215332,237563
119895,127943,164007,178689,185904,194878,205350,212989,223401,227655,228265,229425,231457,236419,238447,274066
136403,142940,153727,164571,193036,205409,209401,211631,213825,217851,226298,260779
147008,170308,176456,181206,181388,201699,207768,209994,213808,215340,216004,230338,231222,236585,240908,268639
122915,135105,146295,161184,172269,183597,186935,188072,188815,200496,216885,222231,230501,240895,248885,251637,254433,266041,266767,289981
117965,121322,123198,129774,130570,149625,171197,189428,191281,192913,199433,202426,215332,237563
118905,120211,121608,130269,139102,146587,151523,154141,162082,163837,166128,182715,183815,186827,187634,188622,188722,189967,192450,193831,194078,195569,202866,213828,219093,232890,235370,241812,246044,250743,256049,267335,270728,285426
119895,127943,162925,164007,165033,165472,172023,178689,185904,194878,207732,212989,227778,228265,229193,229425,231457,237675,238447,274066
122915,135105,172269,183597,188072,216885,222231,230501,240895,248885,251637,254433,266041,289981
131319,137375,142709,144005,150193,166419,170889,171650,175605,183282,199510,200917,206862,209813,214959,281081
147008,149315,181206,181388,186218,201699,203870,204484,207768,209994,213399,213808,214895,215340,216004,221365,223120,226562,230338,231222,233379,235795,237960,241634
125650,126370,126638,138277,148174,153718,156032,157796,166182,169826,175214,207731,221656
122136,132337,158799,161210,166811,181904,199123,205239,243618,248319,254633,260304,260695,262571,263801
121441,136428,137317,147008,170308,181388,182856,215340,231222,236585,238042,240908,242641,268639
121951,133323,153343,159682,159753,186431,197689,204316,224327,224779,228874,237316
122654,132084,133314,137363,138600,144442,149247,157121,157140,177157,195197,213913,221445,253923,259930,275579
157196,170445,171497,187340,189622,196874,201983,207744,214441,214893,215500,235005,260540,283031
129432,140898,142709,144930,170889,171650,178283,183282,199510,206862,214959,239915,264348,274046,281081
129432,137375,140898,142709,144005,144930,166419,170889,171650,178283,183282,199510,200917,206862,214959,239915,274046,281081
178689,195500,198193,205350,212989,223401,227655,227778,233719,236419,237048,238447
129432,137375,142709,144005,144930,166419,170889,171650,175605,178283,183282,199510,200917,206862,214959,239915,274046,281081
126168,133081,135747,144461,170612,177448,188166,192080,197650,211022,216003,218757,220253,223099,233442,237802,253419,260013,273107,276591
118905,120211,121608,130269,135435,139102,146587,151523,162082,163837,166128,179298,179504,182715,186334,186827,188622,188722,189967,191774,192450,193831,194078,202866,219093,232890,235370,241812,246044,256049,269250,270728,285426
119895,127943,164007,185904,194878,212989,223401,227655,228265,229425,231457,236419,237675,238447,274066
119895,124953,127943,164007,185904,194878,223401,228265,229425,231457,237675,238447,274066
118219,149513,158552,160989,163048,165182,186598,191913,201891,205395,208121,209220,213104,227384,234761,274473,293422
166027,202437,230162,244719,245228,245701,250318,254087,259849,262784,269928,270325
120211,121608,130269,135435,146587,151523,154141,154554,162082,163837,166128,179298,179504,182715,186334,186827,187634,188622,189967,191774,192450,193831,194078,202866,216426,232890,235370,241812,246044,250743,256049,267335,269250,270728,285426
122915,135105,146295,161184,167854,172269,183597,186935,188072,188815,200496,216885,222231,230501,240895,248885,251637,254433,266041,266767,281871,289981
121608,121721,129610,135435,146587,151523,154554,162082,163837,166128,179298,179504,181293,182715,186334,186827,188622,189967,191774,192450,193831,194078,202866,216426,232890,235370,236369,241812,246044,256049,269250,270728,285426
125600,147008,149315,161533,181206,186218,196987,201699,202814,203870,204484,207768,209994,213399,213808,214895,216004,221365,223120,226562,230338,233379,233553,235795,237960,241634,288872
119895,124953,146608,162925,164007,165033,165472,172023,178362,188723,194420,194878,206357,207732,228265,229193,229425,231457,237675,274066
119895,124953,127943,146608,157879,162925,164007,165033,165472,172023,178362,185904,188723,194420,194878,206357,207732,223401,228265,229193,229425,231457,237675,274066
119895,124953,127943,146608,157879,162925,165033,165472,165992,172023,178362,185904,188723,194420,194878,206357,207732,228265,229193,229425,231457,237675,274066
130269,135435,146587,163837,166128,179504,186334,188622,188722,189967,191774,192450,194078,202866,219093,232890,256049,269250,270728,285426
129432,137375,142709,144005,166419,170889,171650,178283,183282,199510,200917,206862,214959,274046,281081
123282,129526,148521,157144,172866,199050,207300,213430,233882,256746,257308,260309
118905,120211,130269,139102,146587,151523,166128,179504,182715,186827,187634,188622,188722,189967,191774,193831,194078,202866,213828,219093,232890,235370,241812,246044,269250,270728,285426
125650,126370,126638,134232,148174,152147,153718,156032,157796,159931,169826,193205,207731,221656
121608,135435,146587,151523,162082,163837,166128,179298,179504,181293,182715,186334,186827,188622,189967,191774,192450,193831,194078,202866,216426,232890,235370,241812,246044,256049,269250,270728,285426
119895,127943,164007,185904,194878,223401,228265,229425,231457,237675,238447,274066
122915,135105,146295,161184,167854,172269,183597,186935,187899,188815,200496,212808,222231,230501,251637,254433,266041,266767,281871,289981
136403,153727,190106,193036,205409,209401,211631,213825,215450,217851,226298,260779
137375,142709,144005,166419,170889,171650,175605,178283,183282,199510,200917,206862,214959,281081
188443,196687,202845,203568,205317,206989,244387,258423,259540,260256,265772,270371,274192,283109
147008,149315,170308,181206,181388,186218,201699,203870,204484,207768,209994,213808,214895,215340,216004,221365,226562,230338,231222,233379,235795,236585,237960,241634,268639,288872
120089,121441,131386,156417,167446,168385,169374,182856,198405,203787,223120,237185,238042
121899,127229,136829,141366,157497,170340,193580,196120,198705,204268,215958,228982
149315,161533,181206,182040,186218,201699,203870,204484,207768,209994,213399,213808,214895,216004,221365,223120,226562,230338,233379,235795,237960,241634
124953,146608,157879,162925,165033,165472,165992,172023,178362,188723,194420,194878,206357,207732,228265,229193,229425,237675,274066
119990,123924,128133,129270,136825,143493,154470,155362,157908,158021,158316,159515,165685,167197,177297,177783,192435,194231,231699,241374,254605,258121,271547,287404
117965,129774,130570,139195,143789,145372,149625,189428,191281,192913,199433,202426,215332,237563
125600,149315,160955,161533,170764,182040,196987,202814,202918,213399,223120,226562,229552,232621,233553,236954,248440,264860,288872
149315,181206,182040,186218,201699,203870,204484,207768,209994,213399,213808,214895,216004,221365,223120,226562,230338,233379,235795,237960,241634
157001,166027,193891,202437,230162,244719,245228,245701,254087,259849,269928,270325
147008,170308,181206,181388,201699,203870,207768,209994,213808,215340,216004,221365,230338,231222,233379,235795,236585,237960,240908,268639
121823,123448,132373,149682,156179,161881,162823,164989,178314,205442,218731,265976,277285
119895,127943,164007,178689,185904,198193,205350,212989,223401,227655,227778,228265,231457,236419,238447,274066
120393,146713,149961,160106,175633,184298,213916,214319,222259,228613,228908,260297
119895,127943,164007,178689,185904,194878,198193,205350,212989,223401,227655,227778,228265,229425,231457,236419,237675,238447,274066
120089,121441,129593,131386,156417,168385,169374,182856,198405,203787,223120,237185,238042
147008,170308,181388,201699,209994,213808,215340,231222,236585,237960,240908,242641,268639
126884,142292,143081,151692,153133,159523,167032,168461,176066,177758,183028,191711,192684,197467,198375,198609,201909,207504,208037,213306,224986,225574,228759,232845,241507,255267
126884,142292,143081,151692,153133,167032,168461,176066,177758,191711,192684,197467,198375,198609,201909,207504,213306,224986,225574,228759,232845
123288,188072,193677,196521,196794,216885,225486,229836,233464,240895,248885,250088,256103,257446,258611
119895,127943,164007,178689,185904,205350,212989,223401,227655,228265,231457,236419,238447,274066
119895,124953,127943,164007,165033,165472,185904,194420,194878,223401,228265,229193,229425,231457,237675,238447,274066
119895,124953,127943,164007,165033,165472,185904,194420,194878,212989,223401,227655,228265,229193,229425,231457,236419,237675,238447,274066
119895,127943,164007,185904,194878,212989,223401,227655,228265,231457,236419,238447,274066
135105,146295,161184,167854,172269,183597,186935,187899,188815,200496,212808,229791,254433,266041,266767,281871
137375,140898,144005,144930,166419,170889,171650,175605,178283,200917,239915,264348,274046
119895,124953,127943,146608,162925,164007,165033,165472,172023,178362,185904,188723,194420,194878,207732,223401,228265,229193,229425,231457,237675,274066
118905,120211,121608,130269,135435,139102,146587,151523,162082,163837,166128,179298,179504,182715,186334,186827,187634,188622,188722,189967,191774,192450,193831,194078,202866,219093,232890,235370,241812,246044,256049,269250,270728,285426
120116,124710,131656,131936,151901,152812,169030,170748,185533,218623,227575,228069,263162
118905,120211,130269,139102,151523,154141,182715,183815,187634,188622,188722,189967,194078,195569,202866,213828,219093,234943,235370,241812,246044,250743,267335,285426
119990,123924,126571,128133,129270,131555,132884,136825,143493,154470,155362,157908,158021,158316,159515,164099,165685,167197,177297,177783,178149,192435,194231,204192,204283,221011,231699,241374,254605,258121,287404
119990,126571,128133,129270,131555,132884,136825,143493,154470,155362,156245,157908,158021,158316,159515,164099,165685,167197,177297,177783,178149,194231,204283,221011,231699,241374,254605
117627,130255,156362,173856,184024,185077,196771,206651,208090,209108,213990,228118,263014
117965,130570,134064,139195,143789,145372,179986,192913,194944,199433,200188,215332,277188
125650,126370,126638,134232,148174,153718,156032,157796,159931,166182,169826,175214,193205,207731,221656
119895,124953,127943,164007,165033,165472,188723,194420,194878,223401,228265,229193,229425,231457,237675,274066
147008,181206,201699,203870,209994,213399,213808,215340,216004,223120,230338,233379,237960
118905,120211,121608,130269,135435,146587,151523,154141,154554,162082,163837,166128,179298,179504,182715,186334,186827,187634,188622,189967,191774,192450,193831,194078,195569,202866,232890,235370,241812,246044,250743,256049,267335,269250,270728,285426
119895,127943,164007,178689,185904,198193,205350,212989,223401,227655,227778,233719,236419,238447
123152,125370,126736,139795,144312,144729,153073,172388,178377,184961,199290,201795,289286
118219,149513,158552,160989,163048,165182,166228,172559,186598,191913,200953,201891,205395,208121,209220,213104,220910,227384,234761,274473,281897,293422
147008,149315,161533,181206,186218,201699,203870,204484,207768,209994,213399,213808,214895,215340,216004,221365,223120,226562,230338,231222,233379,235795,237960,241634,288872
120089,121441,129593,135761,156417,159509,167176,168385,169374,182856,198405,198756,203787,223519,237185,238042
119990,123924,126571,136825,158021,158316,164099,167197,167893,177297,178149,186729,192435,194231,204192,218752,223164,231699,241374,254605,258121,287404,288479
123924,126571,136825,158021,164099,167197,167893,178149,186729,192435,194231,204192,218752,223164,231699,254605,258121,287404,288479
119895,127943,162925,164007,165033,165472,172023,185904,194878,207732,227778,228265,229193,229425,231457,237675,274066
119895,124953,127943,146608,162925,164007,165033,165472,172023,178362,178689,185904,188723,194420,194878,206357,207732,212989,223401,227655,228265,229193,229425,231457,236419,237675,238447,274066
125600,149315,160955,161533,170764,181206,182040,186218,196987,201699,202814,202918,203870,204484,207768,209994,213399,213808,214895,216004,221365,223120,226562,229552,230338,232621,233379,233553,235795,236954,237960,241634,248440,264860,288872
123288,163973,188072,193677,196521,196794,199224,211940,214044,216885,225486,240895,248885,250088,256103,257446,258611,275092
119734,128098,128705,128921,134232,136221,141203,141763,152144,152147,172976,202514,221219,234834
120281,121608,121721,129610,131163,135435,143438,146059,154554,162082,163837,166128,179298,179504,180169,181293,186334,191774,192450,216426,232890,236369,256049,269250,290201
118219,149513,160989,165182,166228,172559,191913,200619,200953,205395,208121,209220,213104,220910,274473,281897,293422
125650,126370,126638,138277,148174,153718,156032,157796,159931,166182,169826,175214,193205,207731,221656
125600,149315,160955,161533,170764,181206,186218,196987,201699,202814,202918,203870,204484,207768,209994,213808,214895,216004,221365,226562,229552,230338,232621,233379,233553,235795,237960,241634,248440,264860,288872
118905,120211,129484,130269,139102,146587,151523,154141,182715,183815,186827,187634,188622,189967,193831,194078,195569,202866,213828,219093,235370,241812,246044,250743,267335,285426
118905,120211,130269,139102,146587,151523,154141,162082,166128,182715,183815,186827,187634,188622,188722,189967,192450,193831,194078,195569,202866,213828,219093,232890,235370,241812,246044,250743,256049,267335,269250,270728,285426
119895,124953,127943,162925,164007,165033,165472,172023,185904,188723,194878,207732,228265,229193,229425,231457,237675,274066
120089,121441,129593,131386,135761,150442,156417,159509,167176,167446,168385,169374,182856,198405,198756,203787,223519,237185,238042
120281,121608,121721,129610,131163,135435,143438,146059,146587,151523,154554,162082,163837,166128,179298,179504,180169,181293,182715,186334,186827,189967,191774,192450,193831,194078,202866,216426,232890,235370,236369,241812,246044,256049,269250,270728,285426,290201
149513,160989,163048,165182,166228,172559,191913,200619,200953,205395,208121,209220,213104,220910,227384,281897,293422
120089,122954,129593,135761,138128,147876,150442,156417,159509,167176,168385,169374,198405,198756,219593,223519,237185,238042
132736,165751,175778,191327,204552,221265,221374,229776,232757,235361,236356,268571
125600,149315,160955,161533,170764,186218,196987,202814,202918,204484,207768,214895,221365,226562,229552,232621,233553,235795,236954,241634,248440,264860,288872
152163,166027,172868,193891,194762,230162,244719,245228,254087,259849,269928,270325,285040
152163,157001,166027,172868,193891,202437,230162,244719,245228,254087,259849,269928,270325,285040
133979,136311,148151,152558,160959,176983,187950,189060,199159,218157,219537,227443,227839,239449
117965,130570,139195,143789,145372,179986,189428,191281,192913,194944,199433,200188,202426,215332,277188
119895,124953,127943,146608,162925,164007,165033,165472,185904,188723,194420,194878,207732,223401,228265,229193,229425,231457,237675,274066
118905,120211,121608,130269,135435,139102,146587,151523,162082,163837,166128,179298,179504,182715,186334,186827,187634,188622,188722,189967,191774,192450,193831,194078,202866,213828,219093,232890,235370,241812,246044,250743,256049,267335,269250,270728,285426
119895,127943,162925,164007,165033,165472,172023,178689,185904,194878,198193,207732,212989,227655,227778,228265,229193,229425,231457,236419,237675,238447,274066
136419,144235,147056,158463,161425,165102,178664,187307,190440,193138,194082,201646,210033,225545,227067,231668,245432,262288
118905,120211,130269,139102,151523,154141,182715,183815,187634,188622,188722,189967,195569,213828,219093,234943,235370,246044,250743,267335,285426
119990,123924,129270,136825,154470,158021,158316,159515,164099,167197,177297,177783,192435,194231,204192,231699,241374,254605,258121,287404
120089,121441,136428,137317,181388,182856,198756,215340,237185,238042,240908,242641,268639
118905,120211,130269,139102,146587,151523,166128,179504,182715,186827,187634,188622,188722,189967,193831,194078,202866,213828,219093,232890,235370,241812,246044,267335,269250,270728,285426
121608,121721,129610,135435,154554,162082,163837,166128,179298,179504,181293,186334,186827,191774,192450,193831,216426,236369,256049,269250
120281,121608,121721,129610,135435,146059,154554,162082,163837,179298,179504,181293,186334,191774,192450,216426,236369
120089,121441,122954,129593,135761,156417,159509,167176,167446,168385,169374,182856,198405,198756,219593,223519,237185,238042
120260,129715,169163,175593,183721,190933,199966,202941,205081,222859,223169,241012,242682,267585,280612
147008,149315,170308,181206,181388,186218,201699,203870,204484,207768,209994,213808,214895,215340,216004,221365,223120,226562,230338,231222,233379,235795,236585,237960,241634,268639,288872
