S0, 10000000000, 32, 455052511,  28.133471
S1, 10000000000, 32, 455052511,  13.818588
S2, 10000000000, 32, 455052511,  13.737361
S3, 10000000000, 32, 455052511,   2.723200
S0, 10000000000, 32, 455052511,  28.134228
S1, 10000000000, 32, 455052511,  13.810737
S2, 10000000000, 32, 455052511,  13.734917
S3, 10000000000, 32, 455052511,   2.722434
S0, 10000000000, 32, 455052511,  28.241726
S1, 10000000000, 32, 455052511,  13.805750
S2, 10000000000, 32, 455052511,  13.733190
S3, 10000000000, 32, 455052511,   2.718426
S0, 10000000000, 32, 455052511,  28.213995
S1, 10000000000, 32, 455052511,  13.855840
S2, 10000000000, 32, 455052511,  13.741658
S3, 10000000000, 32, 455052511,   2.723851
S0, 10000000000, 32, 455052511,  28.199291
S1, 10000000000, 32, 455052511,  13.807404
S2, 10000000000, 32, 455052511,  13.737977
S3, 10000000000, 32, 455052511,   2.701105
