S0, 10000000000, 64, 455052511,  14.444646
S1, 10000000000, 64, 455052511,   6.982069
S2, 10000000000, 64, 455052511,   6.770692
S3, 10000000000, 64, 455052511,   1.358526
S0, 10000000000, 64, 455052511,  14.230784
S1, 10000000000, 64, 455052511,   7.057695
S2, 10000000000, 64, 455052511,   6.776079
S3, 10000000000, 64, 455052511,   1.354542
S0, 10000000000, 64, 455052511,  14.193400
S1, 10000000000, 64, 455052511,   6.982169
S2, 10000000000, 64, 455052511,   6.767919
S3, 10000000000, 64, 455052511,   1.361018
S0, 10000000000, 64, 455052511,  14.271595
S1, 10000000000, 64, 455052511,   6.943461
S2, 10000000000, 64, 455052511,   6.773423
S3, 10000000000, 64, 455052511,   1.355886
S0, 10000000000, 64, 455052511,  14.284258
S1, 10000000000, 64, 455052511,   6.988890
S2, 10000000000, 64, 455052511,   6.771278
S3, 10000000000, 64, 455052511,   1.362997
