S0, 10000000000, 128, 455052511,  13.066845
S1, 10000000000, 128, 455052511,   6.317277
S2, 10000000000, 128, 455052511,   6.313208
S3, 10000000000, 128, 455052511,   0.731997
S0, 10000000000, 128, 455052511,  13.056453
S1, 10000000000, 128, 455052511,   6.291687
S2, 10000000000, 128, 455052511,   6.311653
S3, 10000000000, 128, 455052511,   0.730484
S0, 10000000000, 128, 455052511,  12.989120
S1, 10000000000, 128, 455052511,   6.360682
S2, 10000000000, 128, 455052511,   6.306881
S3, 10000000000, 128, 455052511,   0.729843
S0, 10000000000, 128, 455052511,  12.966867
S1, 10000000000, 128, 455052511,   6.352248
S2, 10000000000, 128, 455052511,   6.315717
S3, 10000000000, 128, 455052511,   0.731079
S0, 10000000000, 128, 455052511,  13.056384
S1, 10000000000, 128, 455052511,   6.294548
S2, 10000000000, 128, 455052511,   6.314115
S3, 10000000000, 128, 455052511,   0.730049
