S0, 10000000000, 256, 455052511,   6.518661
S1, 10000000000, 256, 455052511,   3.169732
S2, 10000000000, 256, 455052511,   3.109414
S3, 10000000000, 256, 455052511,   0.369310
S0, 10000000000, 256, 455052511,   6.605137
S1, 10000000000, 256, 455052511,   3.174845
S2, 10000000000, 256, 455052511,   3.104908
S3, 10000000000, 256, 455052511,   0.362010
S0, 10000000000, 256, 455052511,   6.532891
S1, 10000000000, 256, 455052511,   3.168198
S2, 10000000000, 256, 455052511,   3.107975
S3, 10000000000, 256, 455052511,   0.366585
S0, 10000000000, 256, 455052511,   6.539576
S1, 10000000000, 256, 455052511,   3.169036
S2, 10000000000, 256, 455052511,   3.110180
S3, 10000000000, 256, 455052511,   0.371801
S0, 10000000000, 256, 455052511,   6.532716
S1, 10000000000, 256, 455052511,   3.173873
S2, 10000000000, 256, 455052511,   3.107938
S3, 10000000000, 256, 455052511,   0.368718
