28 31 34                                                                        
73
14 19 15 17
10
13 12 16 21
13 12 14 16 15 17
42 36 29 35
81 79 80
42 36 29 35
13 12 14 10 15 17
81 79 80
28 31 34
32 38 34 41
28 32 34
36 29 35
74 76
32 38 34 41
12 14 19 16 15 17 21
13 12 16
14 10 19 11 15 17
13 12 16 15 17
40 31 34
13 12 14 19 16 15 17 21
44 45
81 79 80
39 30
13 16 21
28 40 31 34
40 34
38 34 41
38 31 34
42 36 29 35
81
13 12 14 19 15 17
13 12 14 16 15 17
88 85
16 21
57 55
10 11
86 87
14 19 15 17
69
61 63 65
12 14 10 19 11 15 17
14 19 15 17
13 12 14 16 15 17 21
13 12 14 19 16 15 17
4 6
13 12 14 10 15 17
24 33
75 70 72
14 10 19 11 15 17
42 36 29 35
13 12
13 12 14 10 15 17
39 30
32 38 31 34
10 19 11
87
13 12 14 16 15 17
28 31 34
65 67
81 79 80
32 38
46
52 51
12 14 10 19 11 15 17
32 38 41
21
38 34 41
61 63
19 15 17
28 32 38 31 34
1 2
57 55
14 19 11 15 17
10
31 34
13 12 14 10 15 17
61 63
28 31 34
75 72
32 38 34 41
32 38 41
14 10 11 15
36 35
44
80 82
52 51
32
13 12 14 16 15 17 21
13 12 14 16 15 17
13 12 14 10 19 15 17
16 15 17 21
13 12 14 10 19 15 17
13 12 14 10 15 17
46 41
28
36 29 35
74 76
14 10 19 11 15 17
42 36 35
13 12 14 10 19 15 17
13 12 14 16 15 17
12 14 10 19 11 15 17
32 38 34 41
65
13 12 16 15 17 21
44 45
28 40 31 34
81 82
13 12 14 16 15 17 21
42 36 35
69
63 65
46 41
38 34 41
13 12 14 16 15 17
36 35
75 70
12 14 19 15 17
34
81 80 82
61 63 65
13 12 14 16 15 17
12 14 10 11 15
80
13 12 14 16 15 17 21
65 67
13 12 10
12 14 10 11 15 17
19 11
14 19 11 15 17
32 38 41
13 12 14 10 15 17
13 12 14 10 16 15 17
32 38 41
1 2
13 12 14 10 19 16 15 17
13 12 14 10 15 17
13 12 14 16 15 17 21
86 87
14 19 15 17
12 14 10 19 11 15 17
13 12 16 15 17 21
28 40 31 34
28 40 31
69 73
13 12 14 16 15 17 21
70 72
13 12 16 15 17 21
43
41
13 12 14 10 15 17
12 14 19 16 15 17 21
75 70 72
81 79 80
81 79 80 82
88 85
4 6
13 12 14 10 15 17
86
12 14 19 16 15 17 21
42 36 35
13 12 16 15 17 21
24 33
34
19 15 17 21
75 70 72
13 12 14 10
14 10 19 11 15 17
13 12 16
12 14 19 15 17
14 19 15 17
13 12 14 10 16 15 17
14 10 19 11 15 17
36 29 35
40 31 34
12 14 10 11 15 17
14 10 19 11 15 17
61 63 65
15 17 21
13 12 14 16 15 17 21
69 73
13 12 14 16 15 17
81 80 82
14 19 11 15 17
45

