157,-319327.482928,4469578.09782
157,-319297.666505,4469608.53549
157,-319306.884907,4469613.0259
157,-319317.655495,4469624.77907
157,-319301.851242,4469716.19422
157,-319285.179067,4469717.3144
157,-319294.379455,4469742.74839
157,-319291.083281,4469755.56641
157,-319286.547512,4469856.53652
157,-319288.041239,4469981.80865
157,-319289.980624,4469986.29814
157,-319262.892198,4470045.92719
157,-319258.995405,4470077.86887
157,-319290.156637,4470106.13479
157,-319142.944974,4470110.89302
157,-319269.902882,4470125.10929
157,-319273.342921,4470126.94625
157,-319264.357021,4470138.69683
157,-319269.826642,4470148.18617
157,-319268.461143,4470167.97015
157,-319269.129063,4470172.99744
157,-319252.748677,4470172.23469
157,-319256.762884,4470173.57086
157,-319248.781091,4470177.6602
157,-319266.166808,4470188.32907
157,-319277.435791,4470198.67252
157,-319274.598736,4470199.26576
157,-319269.812096,4470205.05289
157,-319246.066695,4470203.49148
157,-319506.080424,4470237.99722
157,-319307.632444,4470228.63585
157,-319651.883754,4470266.98977
157,-319763.858739,4470292.31463
157,-319319.863455,4470244.48903
157,-319711.768574,4470289.25273
157,-319237.765651,4470240.09061
157,-319202.129644,4470237.9156
157,-319259.070501,4470245.77918
157,-319238.057111,4470246.99145
157,-319141.97702,4470239.45626
157,-319274.874841,4470254.24964
157,-319110.658125,4470236.62366
157,-319552.976626,4470287.34064
157,-319416.283079,4470272.62607
157,-319537.541764,4470289.04464
157,-319529.528529,4470289.18889
157,-319150.390944,4470249.76022
157,-319346.885303,4470276.87853
157,-319265.702256,4470280.5067
157,-319075.25737,4470271.68102
157,-319047.9494,4470276.92969
157,-319127.621179,4470286.59232
