95,-326744.981142,4473765.14435
95,-326682.647629,4473760.4942
95,-326687.181671,4473762.86819
95,-326713.616428,4473780.18182
95,-326494.520838,4473760.3421
95,-326746.298155,4473790.29499
95,-326636.489163,4473787.72883
95,-326747.82267,4473814.34196
95,-326739.922747,4473816.06732
95,-326618.622656,4473838.26259
95,-326468.987603,4473827.2816
95,-326449.155334,4473839.07722
95,-326724.044436,4473951.52508
95,-326705.412754,4474007.71962
95,-326645.876219,4474059.28316
95,-326696.077321,4474069.21288
95,-326724.615942,4474091.8262
95,-326685.315386,4474106.55727
95,-326692.550784,4474130.66664
95,-326667.553525,4474132.98587
95,-326665.402752,4474134.11323
95,-326628.91048,4474134.28351
95,-326686.074551,4474147.07866
95,-326696.989995,4474168.43723
95,-326640.529374,4474174.53008
95,-326567.631457,4474176.45741
95,-326626.200435,4474185.91419
95,-326478.929607,4474180.85601
95,-326607.667186,4474204.8353
95,-326689.17955,4474219.17134
95,-326530.563183,4474279.96922
95,-326528.20304,4474280.16127
95,-326753.400234,4474434.81941
95,-326749.020273,4474509.5842
95,-326752.937434,4474522.85456
95,-326755.604529,4474526.97661
95,-326744.916897,4474569.17266
95,-326749.441106,4474609.31829
95,-326724.873931,4474609.78043
95,-326740.6378,4474613.76051
95,-326666.496923,4474617.57719
95,-326715.107437,4474623.80432
95,-326752.470599,4474640.17618
95,-326641.263019,4474636.77765
95,-326635.516171,4474638.62614
95,-326632.434476,4474638.28852
95,-326644.223493,4474640.59388
95,-326638.81978,4474644.84543
95,-326733.18309,4474671.51742
95,-326615.626593,4474658.86273
95,-326695.090713,4474669.70913
95,-326684.894894,4474678.95504
