51,-328479.282272,4473144.26133
51,-328405.958847,4473138.38871
51,-328395.678074,4473137.78997
51,-328376.862978,4473145.5256
51,-328323.946733,4473143.47022
51,-328322.848711,4473175.82587
51,-328364.929647,4473188.52026
51,-328370.333648,4473212.94943
51,-328457.956406,4473229.14391
51,-328485.131979,4473252.8198
51,-328358.756153,4473249.99029
51,-328331.407502,4473255.21246
51,-327825.693933,4473204.08479
51,-328326.750034,4473272.38699
51,-328338.188948,4473288.96223
51,-328326.507191,4473444.37256
51,-328250.493928,4473463.51726
51,-328339.08039,4473497.72028
51,-327816.662828,4473468.86946
51,-327773.890778,4473465.41778
51,-327828.845337,4473471.5573
51,-327775.23694,4473468.94476
51,-328483.854394,4473588.14478
51,-328295.924615,4473576.19312
51,-328432.98924,4473614.47866
51,-328447.493068,4473617.93678
51,-328303.47539,4473606.08472
51,-328307.010694,4473610.19005
51,-328381.466093,4473619.52152
51,-328315.521241,4473612.46451
51,-328344.81104,4473616.62515
51,-328409.128616,4473628.7194
51,-328445.304494,4473633.85026
51,-328325.423477,4473622.19127
51,-327759.286301,4473574.0957
51,-328382.38168,4473643.4695
51,-328467.377616,4473675.10277
51,-328270.576044,4473675.87526
51,-328338.321314,4473752.02479
51,-328259.480087,4473750.69442
51,-328293.749138,4473760.24525
51,-328282.662189,4473769.76381
51,-328308.782529,4473774.84955
51,-328269.4975,4473772.00264
51,-328285.753396,4473782.5731
51,-327711.547932,4473733.66006
51,-327648.614058,4473750.52657
51,-328091.634068,4473804.97896
51,-328007.159945,4473808.80973
51,-327731.816502,4473805.61022
51,-327644.982391,4473809.71741
