125,-325083.919879,4477822.54494
125,-325125.873123,4477873.87079
125,-325093.273223,4477876.3169
125,-325134.951092,4477913.54432
125,-325038.784326,4477946.94557
125,-325198.120624,4478039.10154
125,-325191.528111,4478126.99197
125,-325254.878508,4478154.39484
125,-324730.539743,4478115.76378
125,-325276.98443,4478203.17737
125,-325231.472441,4478232.1429
125,-324556.929837,4478176.54751
125,-325362.43251,4478387.49643
125,-325321.547024,4478420.9441
125,-324664.503295,4478388.25788
125,-325402.275717,4478502.06614
125,-325437.774974,4478520.5461
125,-325495.102495,4478668.98305
125,-325515.065481,4478765.97868
125,-324796.502556,4478702.31722
125,-325591.864628,4478826.25219
125,-325498.283863,4478838.86523
125,-324762.499224,4478848.2106
125,-324970.167555,4478885.32848
125,-324579.145644,4478864.93009
125,-325636.872695,4479025.25137
125,-324947.243239,4481114.80981
125,-324703.833316,4481144.284
125,-324735.422432,4481157.49851
125,-324772.610816,4481499.30645
125,-324771.058222,4481552.45183
125,-325037.967494,4482195.77101
125,-324861.733066,4482305.87807
125,-324668.489928,4482294.05161
125,-324657.899198,4482295.66964
125,-324583.896997,4482298.41275
125,-325643.878172,4482417.99483
125,-324581.859084,4482309.11537
125,-324589.217424,4482319.67598
125,-325239.34891,4482407.07243
125,-325622.827465,4482457.397
125,-325137.48695,4483121.69199
125,-324787.410936,4483390.62605
125,-325217.613007,4483539.78283
125,-325215.257743,4490946.50659
