100,-326423.804482,4467990.12011
100,-325758.257772,4468002.01891
100,-325736.889738,4468002.65132
100,-325858.957977,4468037.34635
100,-325743.726415,4468112.05227
100,-325842.519728,4468125.69222
100,-325736.508969,4468149.55961
100,-325719.104627,4468225.0384
100,-325690.140397,4468224.31553
100,-326166.570644,4468292.8785
100,-325963.081875,4468528.57925
100,-325729.06591,4468929.64021
100,-325762.296145,4468956.6233
100,-326059.191628,4469332.21676
100,-325874.144901,4469398.05848
100,-325872.530022,4469661.111
100,-326378.62994,4469756.31104
100,-326200.946256,4469762.78912
100,-326279.150379,4469790.11256
100,-326413.767183,4469917.27186
100,-326045.626903,4470021.95611
100,-326083.278394,4470280.10536
100,-326096.716721,4470391.84604
100,-326126.055259,4470432.6747
100,-326094.933587,4470566.68873
100,-326103.182293,4470656.9118
100,-326101.286252,4470679.00659
100,-326120.313916,4470727.71904
100,-326140.894712,4470732.10978
100,-326115.509101,4470733.61393
100,-326115.387383,4470734.72699
100,-325749.580373,4470694.84614
100,-326097.765777,4470749.24502
100,-326106.760539,4470753.64528
100,-325746.173508,4470765.65948
100,-325670.441206,4470761.54932
100,-325756.309729,4470776.00358
100,-325686.547216,4470770.95762
100,-326213.646843,4470832.42885
100,-326203.829099,4470832.96581
100,-325843.321995,4470800.6085
100,-325730.613147,4470788.28794
100,-325809.072613,4470801.06573
100,-325748.479824,4470812.27243
100,-325917.97055,4470834.45061
100,-326014.810495,4470845.26419
100,-325750.990173,4470826.2546
100,-325885.33374,4470841.24498
100,-325655.588981,4470819.01453
100,-325740.4017,4470829.89359
100,-325660.39792,4470822.51371
100,-325712.964654,4470829.22798
