42,-328366.093615,4440682.76637
42,-328256.960074,4443147.04672
42,-328490.293855,4450053.46366
42,-328247.987662,4450434.98148
42,-328191.470743,4450460.48659
42,-328153.048969,4450539.346
42,-328140.768382,4450591.70053
42,-328137.822639,4450604.70416
42,-328044.034331,4450800.97879
42,-327929.551695,4451457.17588
42,-327979.92086,4451705.94938
42,-328032.47957,4453001.8587
42,-327987.432557,4453476.04879
42,-327994.027314,4453635.17624
42,-327922.68187,4454396.7243
42,-327835.134338,4454750.98831
42,-328237.885733,4455675.33946
42,-327768.546358,4455738.66104
42,-327666.037259,4455749.0414
42,-327811.631741,4457686.49845
42,-328448.471336,4459261.86463
42,-327843.255822,4459789.28985
42,-328212.670038,4459832.64569
42,-328058.646782,4459830.29812
42,-327801.538803,4459812.16477
42,-327629.076139,4461687.33662
42,-328416.204634,4463099.03417
42,-328107.491312,4463103.90622
42,-328293.096753,4463139.41086
42,-327682.752382,4463074.14399
42,-328306.423134,4463143.45919
42,-328394.012716,4463175.7935
42,-328219.620282,4464067.30834
42,-328271.190421,4464274.69105
42,-328366.434687,4464335.80132
42,-328017.20844,4464846.26818
42,-327904.306064,4466035.45733
42,-327908.167128,4466043.76471
42,-327636.813207,4466566.00282
42,-328313.234566,4467103.38634
42,-328316.111882,4467120.9021
42,-328336.084401,4467137.28252
42,-327827.656799,4467096.40704
42,-328207.90462,4467153.20849
42,-328300.952939,4467164.29931
42,-328159.138635,4467541.78096
42,-327918.429726,4467565.21255
42,-327924.924762,4467606.47481
42,-327829.670233,4467725.69754
42,-327941.257985,4467744.78549
42,-327820.154145,4467738.9613
42,-327889.620141,4467749.15704
42,-327911.96064,4467754.98223
