63,-327386.591817,4474823.44573
63,-327135.927871,4474806.6738
63,-327447.75049,4474841.87913
63,-327141.443533,4474809.30607
63,-327142.006505,4474811.28272
63,-327139.435434,4474850.53871
63,-327202.554711,4474887.98529
63,-327206.02843,4474891.85811
63,-327377.929044,4474920.84558
63,-327145.964014,4474897.66358
63,-327137.936446,4474925.84551
63,-327175.699238,4474933.81558
63,-327135.003794,4474935.21134
63,-327149.214308,4474940.71183
63,-327138.059872,4474984.77161
63,-327600.704025,4475049.92713
63,-327106.809789,4475007.47882
63,-327410.592987,4475059.03806
63,-327141.354397,4475029.54817
63,-327132.029211,4475029.50578
63,-327309.708088,4475090.05815
63,-327115.253599,4475090.07108
63,-327136.312351,4475099.47647
63,-327154.916033,4475121.79206
63,-327134.042491,4475120.17931
63,-327121.190586,4475118.88288
63,-327133.162623,4475122.67365
63,-327132.943477,4475127.04272
63,-327247.670601,4475146.49362
63,-327060.12604,4475127.5076
63,-327389.397982,4475170.93516
63,-327131.003793,4475147.89441
63,-327148.307754,4475154.41004
63,-327451.397212,4475188.54912
63,-327139.849719,4475171.50566
63,-327136.672628,4475181.52054
63,-327129.667903,4475190.10194
63,-327062.512492,4475190.2863
63,-327057.829236,4475190.33607
63,-327390.582596,4475229.6403
63,-327136.362285,4475216.74398
63,-327138.076247,4475226.39397
63,-327123.68429,4475227.29415
63,-327128.099727,4475232.84724
63,-327222.941234,4475244.8236
63,-327058.644724,4475227.93572
63,-327127.834788,4475251.85497
63,-327138.306647,4475274.85603
63,-327132.511179,4475277.14932
63,-327128.782227,4475279.55655
63,-327128.587129,4475282.12596
63,-327212.545089,4475293.02168
63,-327060.077962,4475294.66511
