7,-394806.03926,4473706.41148
7,-368184.189624,4472073.44473
7,-344430.471655,4470468.33666
7,-344504.060753,4470544.97406
7,-340378.660724,4470284.10614
7,-337304.664149,4470523.26977
7,-335555.537513,4470457.1319
7,-336771.575542,4470598.687
7,-362770.529158,4473577.8006
7,-345305.11654,4471912.80706
7,-345352.215265,4471958.54178
7,-340272.489153,4471412.6318
7,-345810.888694,4472153.03602
7,-342573.154797,4471958.19907
7,-337077.692447,4471384.73122
7,-346303.878301,4472456.60719
7,-346300.307912,4472521.21091
7,-340918.292895,4471973.81582
7,-337018.829618,4471571.63489
7,-346531.19384,4472842.40823
7,-334931.369226,4471918.81329
7,-336867.795056,4472135.19925
7,-346487.420117,4473219.72774
7,-346514.854765,4473227.98848
7,-346434.320598,4473233.83879
7,-346411.294687,4473252.78667
7,-346404.193456,4473259.65543
7,-346408.754627,4473261.51935
7,-336812.562342,4472377.24432
7,-341034.648311,4472924.74086
7,-334512.229303,4472335.86894
7,-334396.186017,4472361.46647
7,-335659.89559,4472515.24806
7,-337803.806214,4472757.97411
7,-333328.357843,4472263.60806
7,-335168.06497,4472471.15098
7,-333549.214973,4472298.30362
7,-335040.727799,4472469.10648
7,-337787.587599,4472778.95733
7,-333727.896814,4472338.91758
7,-336744.804047,4472687.03001
7,-333234.270117,4472530.00023
7,-340773.770064,4473424.34238
7,-336597.327449,4473278.59251
7,-333278.316061,4473022.33282
7,-333214.971723,4473059.65316
7,-336535.883395,4473605.1637
7,-336477.785399,4474034.00868
7,-338734.82029,4474473.81558
7,-335531.318273,4474136.68992
7,-336468.809583,4474253.11033
7,-338695.273686,4474548.86573
