148,-321076.951004,4470971.75937
148,-322336.401359,4471193.80199
148,-321789.584049,4471215.66699
148,-320623.901993,4471244.22241
148,-322272.903732,4471425.57012
148,-321863.064192,4471389.77841
148,-320659.156081,4471264.86917
148,-320717.593021,4471294.50442
148,-321573.576237,4471387.93481
148,-320716.748833,4471300.97073
148,-320086.850604,4471242.69495
148,-322314.143479,4471510.43917
148,-321457.563549,4471424.30513
148,-322305.047345,4471537.55944
148,-321816.722328,4471556.86556
148,-320453.442186,4471423.83082
148,-320410.653034,4471425.56778
148,-320599.955611,4471711.05315
148,-322283.94509,4471987.2515
148,-321972.131844,4472069.42734
148,-321775.319597,4472072.65817
148,-321777.318918,4472096.71767
148,-320576.948172,4471970.87435
148,-319968.115822,4471917.76219
148,-321799.477893,4472156.04815
148,-322250.018307,4472308.10295
148,-321651.548687,4472263.97855
148,-320537.696069,4472292.25819
148,-321745.356531,4472525.70464
148,-320954.36154,4472501.02876
148,-320918.98395,4472557.81554
148,-320863.970622,4472564.78484
148,-320630.40899,4472548.40277
148,-320670.713584,4472566.52324
148,-320668.107116,4472568.26701
148,-320576.171704,4472562.58704
148,-320538.783813,4472561.10297
148,-320505.718735,4472558.27441
148,-320518.869718,4472572.57635
148,-320107.646574,4472528.19752
148,-319946.68049,4472513.19112
148,-320219.828262,4472544.1347
148,-320313.848968,4472554.53033
148,-319949.000084,4472519.74946
148,-320341.963514,4472563.48429
148,-320220.048024,4472552.79618
148,-319833.421534,4472518.34635
148,-319857.806219,4472525.77442
148,-320012.74284,4472543.00186
148,-319861.461874,4472531.10999
148,-319943.613064,4472543.82695
148,-319908.67389,4472562.44259
