70,-326987.572037,4455560.09834
70,-326897.87357,4458076.99688
70,-326882.92833,4459594.96659
70,-326871.576596,4459604.58635
70,-326983.833925,4459994.15436
70,-326966.54111,4460000.71538
70,-326963.368128,4460126.85722
70,-326871.91566,4460479.62904
70,-326880.35207,4460491.63261
70,-326888.28681,4460604.00595
70,-326806.305234,4460746.92605
70,-326810.66093,4461398.39207
70,-326785.279425,4461590.51337
70,-326803.502173,4461737.60876
70,-326782.266402,4461742.88285
70,-326807.962537,4462249.27618
70,-326882.419357,4463251.97311
70,-326913.605892,4463275.42772
70,-326784.248262,4463335.07917
70,-326821.260665,4463369.532
70,-326963.686792,4463554.03898
70,-326936.413274,4463551.96142
70,-326909.702332,4464042.82934
70,-326832.054436,4464100.0266
70,-326956.259558,4464150.98826
70,-326945.427605,4464173.12076
70,-326912.128921,4464246.07613
70,-326855.222764,4464397.77616
70,-326809.224634,4464545.71163
70,-326766.157884,4464651.7287
70,-326987.589391,4464693.15191
70,-326768.50759,4464681.83389
70,-326933.92201,4465877.18565
70,-326986.046391,4465902.76127
70,-326834.414804,4465902.8729
70,-326858.694941,4465905.60084
70,-326782.116509,4466364.75877
70,-326762.990263,4466392.96785
70,-326956.228821,4466494.28709
70,-326785.026184,4466519.84015
70,-326834.277508,4466528.37709
70,-326770.300391,4467621.28896
70,-326818.913987,4467833.52012
70,-326869.017434,4468361.6411
70,-326827.835632,4468690.13036
70,-326931.015881,4470344.4551
70,-326986.425288,4470942.33226
70,-326818.303558,4470926.85762
70,-326936.973105,4470941.19897
70,-326912.223382,4470942.43209
70,-326903.330595,4470946.07689
70,-326792.575291,4470936.24052
70,-326837.851464,4470944.87946
