73,-326952.673888,4471988.56169
73,-326937.526046,4471989.71893
73,-326963.123458,4471993.45695
73,-326949.907256,4471993.77813
73,-326917.404721,4471993.82345
73,-326974.414498,4472006.33677
73,-326978.893141,4472010.01873
73,-326834.466727,4471994.39151
73,-326953.589666,4472013.25152
73,-326947.165769,4472015.17258
73,-326829.895921,4472004.74208
73,-326818.633245,4472013.68412
73,-326933.260007,4472028.67612
73,-326959.651248,4472035.68884
73,-326828.751537,4472028.12112
73,-326926.695957,4472041.13631
73,-326940.778784,4472048.64845
73,-326980.60017,4472055.44236
73,-326946.518034,4472054.00787
73,-326802.864012,4472040.30541
73,-326938.580755,4472055.34644
73,-326837.876618,4472056.90494
73,-326917.617942,4472068.64038
73,-326829.030073,4472061.19286
73,-326815.151795,4472061.3629
73,-326970.38279,4472082.19086
73,-326962.383069,4472104.33113
73,-326820.316124,4472090.6517
73,-326930.219239,4472103.92525
73,-326957.401218,4472112.97332
73,-326900.468031,4472110.50461
73,-326863.279606,4472107.18333
73,-326804.764473,4472100.77617
73,-326853.106399,4472107.75899
73,-326938.984659,4472121.48093
73,-326934.045058,4472127.54827
73,-326834.620132,4472120.94128
73,-326968.814009,4472137.6638
73,-326774.283475,4472116.9256
73,-326954.322233,4472137.05297
73,-326805.241832,4472121.4792
73,-326936.752091,4472136.856
73,-326796.136886,4472131.82143
73,-326813.649964,4472142.29968
73,-326944.894664,4472157.22335
73,-326970.390075,4472164.41973
73,-326807.953046,4472160.8248
73,-326817.062879,4472162.57322
73,-326943.998844,4472181.467
73,-326929.834353,4472183.40769
73,-326958.460452,4472188.6828
73,-326809.711796,4472184.33398
