91,-326731.300962,4472182.09416
91,-326631.851862,4472182.84609
91,-326584.168234,4472178.56488
91,-326744.897627,4472197.73795
91,-326545.61435,4472184.29449
91,-326503.698482,4472194.08676
91,-326601.456158,4472215.37568
91,-326664.143547,4472226.93163
91,-326549.012144,4472215.26684
91,-326563.576669,4472233.94481
91,-326511.114175,4472228.46502
91,-326721.118243,4472257.95018
91,-326560.869605,4472244.16152
91,-326564.172956,4472245.64952
91,-326669.987841,4472259.29841
91,-326460.788354,4472241.46702
91,-326457.567968,4472243.1796
91,-326646.749248,4472265.7655
91,-326498.060819,4472252.71803
91,-326606.973722,4472264.97803
91,-326479.16162,4472251.73825
91,-326475.797933,4472252.12101
91,-326600.009552,4472266.18798
91,-326658.658375,4472273.07675
91,-326469.926857,4472252.98026
91,-326600.084974,4472269.8559
91,-326624.592068,4472274.22836
91,-326479.206301,4472260.56656
91,-326493.683252,4472265.53033
91,-326440.474103,4472267.40343
91,-326482.882104,4472274.48562
91,-326466.470395,4472274.00341
91,-326473.019415,4472275.65889
91,-326454.503179,4472273.81996
91,-326669.005818,4472299.92908
91,-326482.864117,4472279.92789
91,-326489.69531,4472283.4916
91,-326597.549269,4472299.61561
91,-326463.661937,4472285.14768
91,-326477.391384,4472287.17608
91,-326468.841461,4472287.96739
91,-326520.484668,4472295.122
91,-326494.522757,4472301.66684
91,-326458.024723,4472307.62173
91,-326457.757282,4472311.38465
91,-326520.854967,4472321.55774
91,-326598.180252,4472345.30384
91,-326743.895596,4472370.45619
91,-326540.265239,4472354.54573
91,-326500.694948,4472374.31909
91,-326689.511353,4472439.78293
91,-326741.378605,4472510.04255
