31,-329307.352135,4471294.14259
31,-329039.186516,4471301.12445
31,-328793.227672,4471284.83445
31,-329026.728939,4471330.3638
31,-328855.264809,4471323.74634
31,-328616.65593,4471303.58219
31,-328719.827583,4471336.29273
31,-328952.494708,4471372.34505
31,-328871.846679,4471379.26528
31,-328625.299125,4471356.52827
31,-328806.511251,4471376.97348
31,-329306.000631,4471435.36966
31,-329191.035252,4471425.64287
31,-329193.216043,4471438.93834
31,-328594.777815,4471374.01971
31,-328546.735779,4471369.50434
31,-328668.250594,4471385.08779
31,-329118.140248,4471434.65076
31,-328752.995222,4471397.38212
31,-328642.04568,4471385.59229
31,-328836.824502,4471415.41215
31,-329225.407368,4471463.8871
31,-328850.28667,4471438.85579
31,-328607.162946,4471415.18786
31,-328845.938418,4471444.99107
31,-329262.506888,4471497.81238
31,-328614.56923,4471430.63322
31,-328877.349504,4471460.78431
31,-328949.041247,4471469.59843
31,-328822.232778,4471457.55215
31,-328589.707102,4471433.35787
31,-329297.80535,4471512.61501
31,-328541.995916,4471435.0743
31,-328604.478204,4471447.56099
31,-328581.928546,4471445.08722
31,-329245.540537,4471519.39551
31,-328669.91681,4471456.80165
31,-328611.083481,4471453.16324
31,-328628.945182,4471462.8166
31,-328517.605308,4471450.64756
31,-328745.499993,4471478.01524
31,-329228.507654,4471536.004
31,-329011.794703,4471519.10093
31,-329151.651852,4471542.53001
31,-328642.549878,4471487.33427
31,-328612.514263,4471485.39085
31,-328546.547525,4471487.84175
31,-329019.238367,4471544.70068
31,-328747.30546,4471515.03787
31,-328930.194067,4471536.05398
31,-328564.728793,4471516.22942
31,-328695.376517,4471531.49786
31,-328708.509601,4471542.14214
