40,-329268.74473,4473806.32073
40,-328963.530955,4473791.8748
40,-329238.433036,4473823.76316
40,-329110.86948,4473810.5711
40,-329112.002415,4473822.52761
40,-328691.96478,4473806.24481
40,-328577.048028,4473800.57841
40,-328826.169319,4473830.74819
40,-328586.041671,4473813.39385
40,-328607.777242,4473818.48369
40,-328598.20969,4473823.55011
40,-329109.028158,4473890.35443
40,-328545.659553,4473835.24522
40,-328629.954754,4473855.37776
40,-328578.814887,4473854.28038
40,-329260.675793,4473932.35815
40,-328611.169363,4473864.14082
40,-329232.711951,4474006.82331
40,-328712.577492,4473973.54259
40,-328608.645293,4474006.06004
40,-328609.200016,4474014.18659
40,-329165.683218,4474101.59924
40,-328617.477643,4474045.33034
40,-328967.100352,4474139.86722
40,-329066.594388,4474160.93548
40,-329079.276884,4474190.11218
40,-329232.157906,4474219.49282
40,-329115.424004,4474246.27457
40,-329225.955477,4474292.96955
40,-329182.137207,4474315.93443
40,-328812.523617,4474289.03973
40,-329224.431859,4474388.36416
40,-329197.465926,4474493.17434
40,-328675.85742,4474464.41531
40,-329210.626887,4474540.24437
40,-329145.496102,4474538.68605
40,-328587.075231,4474729.89341
40,-328666.005554,4474740.03743
40,-328619.448736,4474736.38878
40,-328643.234355,4474740.64192
40,-329209.844916,4475849.70045
40,-329130.542862,4476219.60554
40,-328868.385353,4476556.45385
40,-328873.248282,4476599.68318
40,-328990.759735,4476618.15469
40,-328844.941255,4476639.71711
40,-328713.396097,4476680.2214
40,-329310.90326,4477644.10838
40,-328669.902333,4477665.6418
40,-329257.683419,4478667.75021
40,-328936.617498,4478673.73598
40,-328542.296958,4478742.26737
40,-329216.771902,4479383.10739
