44,-328071.298546,4469589.25442
44,-328095.541838,4469627.50632
44,-328139.562916,4469709.15342
44,-328063.805936,4469729.94804
44,-328144.149946,4469745.691
44,-328079.091094,4469750.73861
44,-328075.769325,4469769.18618
44,-328067.730762,4469840.17225
44,-328086.066769,4469890.3932
44,-327925.594817,4470020.82366
44,-328121.507236,4470042.40427
44,-328093.115782,4470068.91828
44,-328082.600192,4470126.90414
44,-328060.34354,4470165.46755
44,-328089.712456,4470244.72107
44,-328358.570471,4470325.47904
44,-328069.224367,4470302.74041
44,-328108.832443,4470371.13104
44,-328278.316551,4470477.39189
44,-328316.335454,4470527.51926
44,-328109.709542,4470518.61135
44,-327758.591028,4470632.57832
44,-327691.663321,4470630.31459
44,-327975.697323,4470665.75591
44,-327889.662595,4470665.15118
44,-328494.734232,4470839.99414
44,-328097.006465,4470823.49989
44,-328108.775003,4470838.22845
44,-328101.785153,4470854.55046
44,-328364.109372,4470897.99777
44,-328344.461101,4470907.40261
44,-327839.444537,4470852.08685
44,-328082.947225,4470886.6544
44,-328103.718331,4470927.79377
44,-328111.417217,4470934.07473
44,-328185.499951,4470955.34191
44,-328130.704285,4470954.40749
44,-328109.002128,4470963.14271
44,-328062.645174,4470958.57923
44,-328014.187455,4470955.15252
44,-327676.032905,4470918.28273
44,-327942.252567,4470953.83147
44,-327718.646695,4470929.89816
44,-327990.442211,4470962.31236
44,-327788.674266,4470940.76304
44,-328039.640368,4470969.39468
44,-328122.000273,4470978.98617
44,-327787.762422,4470957.78495
44,-327943.975893,4470978.99358
44,-327759.757795,4470977.9546
44,-327646.535559,4470988.94479
