198,-312380.176745,4458393.36834
198,-309978.037053,4458168.29479
198,-312844.749161,4458486.11461
198,-310366.938103,4458220.91024
198,-309728.164472,4458548.36051
198,-301154.373924,4458401.95921
198,-299418.129474,4458754.03862
198,-298228.201615,4458871.36594
198,-311405.551409,4460318.16836
198,-297860.130241,4458893.71613
198,-297872.576458,4458898.17684
198,-297872.339605,4458912.77996
198,-297869.239455,4458922.46823
198,-297870.569723,4458934.53574
198,-303754.115467,4460354.81058
198,-304627.758952,4460621.6136
198,-304611.764466,4460774.67072
198,-307613.17339,4461145.58031
198,-307485.014183,4461137.38939
198,-303188.426128,4460700.51465
198,-304812.014215,4460887.33103
198,-300070.707259,4460570.42881
198,-297235.714291,4460416.70992
198,-303557.157235,4461501.95463
198,-307142.796318,4461934.35667
198,-303651.820046,4461664.09313
198,-304064.689798,4461729.97174
198,-304354.42274,4461872.27221
198,-304204.797389,4461872.47733
198,-304818.710293,4461950.18399
198,-305317.56367,4462019.07136
198,-305331.682549,4462030.33105
198,-303093.86491,4461794.32429
198,-304650.360701,4461960.99615
198,-305220.897146,4462022.76072
198,-305656.056621,4462071.95587
198,-307461.322383,4462285.28104
198,-307571.353677,4462298.02691
198,-304930.081395,4462027.59247
198,-305177.069939,4462061.9177
198,-305204.86628,4462065.43577
198,-306094.234352,4462162.86211
198,-304865.764402,4462041.39874
198,-306037.222143,4462181.86004
198,-304890.531052,4462069.34372
198,-306719.132139,4462304.62612
198,-304900.922121,4462148.29995
198,-304856.499654,4462299.83371
198,-304829.758403,4462317.63349
198,-304282.496673,4462321.80834
198,-304085.527624,4462316.42255
198,-294652.395645,4462256.66394
