178,-318971.408482,4473023.20171
178,-319000.620357,4473031.77653
178,-318823.751915,4473045.90953
178,-319007.264863,4473098.2624
178,-319007.207073,4473118.75137
178,-318989.67344,4473137.45673
178,-318977.86022,4473154.53057
178,-318996.852441,4473165.4876
178,-319001.108335,4473202.09759
178,-318972.074932,4473225.41092
178,-318986.441778,4473243.0732
178,-319001.924979,4473254.43783
178,-319009.440941,4473324.0589
178,-318984.604626,4473322.26477
178,-318962.949543,4473331.06352
178,-318965.254111,4473335.36759
178,-318887.985118,4473332.27643
178,-318965.722964,4473356.58936
178,-318960.557945,4473361.8847
178,-318958.574484,4473368.9892
178,-318987.36009,4473379.8829
178,-318967.185998,4473380.62169
178,-318956.6038,4473385.55443
178,-318981.270408,4473397.69035
178,-319004.435931,4473402.9068
178,-318955.380452,4473403.21426
178,-319014.633335,4473411.89617
178,-318997.199673,4473413.72052
178,-318979.424677,4473416.29615
178,-318862.519447,4473424.89487
178,-318946.350302,4473480.04873
178,-316697.211836,4473389.4748
178,-317765.482339,4473601.56068
178,-316695.458858,4473516.67242
178,-318852.263503,4473788.41626
178,-318970.32379,4473824.98876
178,-318874.138184,4473816.69043
178,-316594.999195,4473641.79149
178,-317701.421022,4473812.43284
178,-316542.780143,4473781.84837
178,-316513.719091,4473855.94891
178,-317034.418625,4474402.5769
178,-318430.839715,4474668.23891
178,-317559.989791,4474628.88178
178,-317091.483918,4475524.57086
178,-316567.603688,4475478.08044
178,-316533.959981,4475488.74672
178,-316697.166805,4475572.60946
178,-316795.118225,4475600.86209
178,-316832.747581,4475615.22953
178,-316826.67919,4475638.52379
178,-316824.248746,4475644.93744
178,-316930.870982,4475691.76516
