14,-333042.892063,4423563.38315
14,-332409.546365,4427798.94826
14,-329785.235057,4428969.2058
14,-331942.261847,4432604.45532
14,-333061.492202,4432847.27471
14,-333083.324583,4433177.77796
14,-331849.980702,4435055.80006
14,-331606.33465,4436965.37446
14,-332246.446032,4437589.44685
14,-331696.907799,4437548.89575
14,-331652.692797,4437579.18911
14,-332211.57689,4437981.20755
14,-332134.764723,4438792.29833
14,-332098.388742,4439189.70707
14,-332071.02849,4439477.90178
14,-330960.964482,4439662.74864
14,-330247.671731,4440211.52975
14,-329937.602477,4440208.77602
14,-329561.809304,4440169.01705
14,-330801.017301,4440313.63946
14,-330826.931334,4440336.73644
14,-330960.923309,4440495.32709
14,-330008.200594,4440462.37078
14,-330720.989809,4440579.75814
14,-331765.960327,4440708.65046
14,-329969.40346,4440544.31435
14,-330062.801142,4440706.90553
14,-329854.636891,4440715.42049
14,-329996.138624,4440971.66301
14,-331751.844901,4441163.88213
14,-331136.310053,4441175.04944
14,-330010.367876,4441066.13497
14,-330079.833946,4441074.06708
14,-330076.963144,4441084.45492
14,-330054.403339,4441083.88053
14,-329932.815183,4441127.15669
14,-331153.028301,4441421.87254
14,-330638.078219,4441438.2242
14,-329834.712295,4441351.6948
14,-330475.333416,4441620.99187
14,-330138.571235,4441987.73723
14,-329683.967439,4442435.72378
14,-329558.988419,4442527.62638
14,-329436.754124,4442696.98263
14,-329527.752715,4444105.23625
14,-331350.421764,4445207.73785
14,-329364.498953,4445436.8101
14,-330693.243887,4445850.28474
14,-331752.543875,4446255.07228
14,-329814.548021,4446800.87868
14,-329803.983968,4446826.00539
14,-332361.875205,4447591.19097
14,-331802.808451,4448286.37179
