83,-326989.613154,4475878.09213
83,-326997.617088,4475916.48005
83,-326914.642857,4475955.93162
83,-326861.860595,4475955.43896
83,-326923.35134,4476031.34367
83,-326995.20692,4476162.79267
83,-326791.49505,4476230.68375
83,-326801.362685,4476236.2713
83,-326850.137896,4476323.8485
83,-326824.144587,4476981.87693
83,-326997.942034,4478588.58635
83,-326756.851784,4481485.27217
83,-326933.665967,4481918.29589
83,-326971.519093,4481963.19488
83,-326982.686303,4481973.23446
83,-326952.728133,4482546.51664
83,-326827.454087,4482534.07112
83,-326996.661579,4482556.49197
83,-326974.965677,4482554.67126
83,-326966.630286,4482556.49271
83,-326931.707122,4482560.84498
83,-326977.639289,4482568.93332
83,-326978.372213,4482569.35179
83,-326916.522096,4482562.78127
83,-326788.080509,4482565.22941
83,-326985.154211,4482592.69409
83,-326970.217903,4482598.7467
83,-326969.215942,4482610.46459
83,-326987.540924,4483050.11429
83,-326872.977719,4483061.00066
83,-326906.467962,4483067.30543
83,-326915.079853,4483084.77716
83,-326849.884443,4483088.6864
83,-326930.466549,4483100.9207
83,-326797.296451,4483094.73611
83,-326986.178767,4483180.30939
83,-326759.079013,4483890.14047
83,-326799.042577,4483991.03764
83,-326803.46276,4484062.29997
83,-326813.761066,4484119.99228
83,-326801.112319,4484552.29619
83,-326945.141804,4484684.86784
83,-326947.043267,4484734.3832
83,-326957.557384,4484739.48195
83,-326768.979885,4488924.01188
