26,-330469.725592,4475996.23589
26,-331826.441901,4476167.52324
26,-330457.617519,4476064.18677
26,-330473.725009,4476127.73026
26,-330460.036979,4476190.43759
26,-330479.786178,4476337.56835
26,-330500.772213,4476364.66401
26,-330646.805118,4476417.74046
26,-330430.056412,4476509.89898
26,-329668.106652,4476514.65664
26,-330456.521967,4476669.40715
26,-330191.55346,4476646.2355
26,-330501.881481,4476750.1537
26,-330501.601748,4476869.87798
26,-330529.801346,4476890.2094
26,-330523.797705,4476919.78547
26,-330538.202255,4476930.56499
26,-330520.083942,4476937.77343
26,-330569.400535,4477002.54268
26,-330579.195872,4477023.70864
26,-330591.39075,4477077.03249
26,-330678.477085,4477208.89492
26,-330768.879213,4477340.89926
26,-329416.713186,4477303.48109
26,-330873.252262,4477530.56102
26,-330351.583256,4477551.41452
26,-329354.192181,4477629.37053
26,-331148.365874,4478031.58436
26,-329769.800152,4478094.5683
26,-329813.985199,4478127.22494
26,-329826.085567,4478200.83715
26,-331437.453255,4478591.92053
26,-332124.119971,4478901.68127
26,-330271.329839,4478772.60444
26,-331109.934618,4479014.59544
26,-331971.598622,4480848.40332
26,-332680.069005,4481135.30047
26,-332655.550384,4481174.11894
26,-331603.157365,4481770.99141
26,-333056.596085,4481954.14658
26,-329810.831808,4482497.78094
26,-331759.148544,4484166.2365
26,-331082.764815,4484585.51741
26,-330910.452227,4484727.33098
26,-329361.799453,4485220.30456
26,-329633.702777,4487407.17249
26,-330414.555942,4487511.55739
26,-329714.788179,4487448.02082
26,-329772.365369,4487565.44901
26,-329779.000057,4487592.31906
26,-330053.802361,4487881.97288
26,-330186.539582,4488031.08976
