43,-328095.254027,4467762.20365
43,-327995.027704,4467770.83589
43,-327856.833338,4467759.30986
43,-328009.243803,4467835.81032
43,-328096.138034,4467872.13487
43,-328401.881768,4467946.51413
43,-328381.310109,4467984.69966
43,-328451.123077,4468040.78546
43,-328082.561998,4468004.01743
43,-328469.036297,4468057.72988
43,-328093.908077,4468059.55399
43,-328066.951397,4468355.55652
43,-328106.775193,4468409.14354
43,-328101.569672,4468417.0892
43,-328095.774514,4468443.08332
43,-328083.524205,4468444.89552
43,-328176.373896,4468564.02636
43,-328090.431219,4468631.17571
43,-328198.244541,4468827.04646
43,-328128.067818,4468854.60442
43,-328055.313505,4468886.07086
43,-328105.255496,4468912.15565
43,-328089.745451,4468993.58752
43,-328382.208128,4469161.03221
43,-328102.232974,4469131.25448
43,-328411.621334,4469177.4353
43,-328103.720415,4469177.10577
43,-328470.606256,4469245.96784
43,-328041.4369,4469208.77256
43,-328078.850812,4469227.32365
43,-328101.123039,4469236.3422
43,-327874.28498,4469229.62838
43,-328017.937074,4469249.41943
43,-327694.609673,4469218.96176
43,-328157.156868,4469282.84195
43,-327715.436449,4469244.10888
43,-328137.226954,4469298.4973
43,-328382.084005,4469333.02742
43,-328391.204973,4469344.72837
43,-328093.858955,4469346.16259
43,-328082.795731,4469349.44307
43,-328456.730986,4469400.23538
43,-328070.055925,4469375.09492
43,-328110.554694,4469389.21956
43,-328120.395155,4469393.56445
43,-328097.412409,4469394.2003
43,-328053.714399,4469479.1446
43,-328144.847515,4469499.5384
43,-328394.623823,4469541.33085
43,-328079.789829,4469519.6697
43,-328259.387105,4469567.39867
43,-328129.66539,4469578.51674
