107,-326428.37794,4473656.23997
107,-326399.716243,4473671.31178
107,-326387.478418,4473672.03689
107,-326264.441629,4473662.6214
107,-326413.916356,4473695.65744
107,-326380.017551,4473702.19595
107,-326380.690873,4473703.95927
107,-326268.323799,4473700.28499
107,-326433.835964,4473720.25396
107,-326232.4386,4473699.33014
107,-325929.949207,4473667.7539
107,-325672.181558,4473642.9295
107,-326404.571888,4473725.61025
107,-326432.351415,4473729.32789
107,-325806.303711,4473661.54562
107,-326151.332103,4473703.40513
107,-326290.420352,4473719.983
107,-326435.827331,4473747.16772
107,-326395.112663,4473743.1601
107,-325697.484331,4473670.2863
107,-325864.628861,4473689.32871
107,-326401.709313,4473755.7096
107,-326434.687884,4473763.37576
107,-326436.584429,4473765.83624
107,-326414.615969,4473766.80989
107,-326373.57207,4473765.0191
107,-326376.285481,4473786.44745
107,-326390.002876,4473813.56376
107,-326190.433484,4473827.48837
107,-326408.012997,4473867.46291
107,-326388.616769,4474031.93364
107,-326385.916453,4474038.39635
107,-326435.500462,4474079.03754
107,-326381.502198,4474073.16931
107,-326373.088463,4474073.26173
107,-326378.621577,4474121.62703
107,-326379.488559,4474151.68424
107,-325946.641178,4474126.59921
107,-326369.517405,4474309.18963
107,-326399.260918,4474351.64579
107,-326413.716335,4474354.13004
107,-326407.451914,4474358.8845
107,-326350.57158,4474354.90807
107,-326101.286809,4474366.32695
107,-326375.223021,4474397.89913
107,-326350.252834,4474470.07026
107,-326372.48826,4474480.61551
107,-326321.218309,4474480.47501
107,-326317.218345,4474490.89547
107,-325738.559778,4474450.30128
107,-325748.233959,4474453.72536
107,-325680.873556,4474467.64257
107,-325731.192207,4474493.08585
