161,-319177.248848,4471630.46285
161,-319463.864207,4471684.4197
161,-319151.281334,4471671.7895
161,-319493.03705,4471714.16196
161,-319510.573253,4471721.80825
161,-319521.545619,4471741.24222
161,-319144.408962,4471707.19213
161,-319150.629885,4471712.93443
161,-319136.859968,4471713.69296
161,-319140.14001,4471715.40009
161,-319124.00625,4471757.11779
161,-319121.555241,4471770.92828
161,-319125.597461,4471801.54647
161,-319133.903108,4471806.79535
161,-319125.788639,4471815.75618
161,-319133.31793,4471821.41521
161,-319124.183861,4471822.56398
161,-319478.71188,4471873.30506
161,-319294.86409,4471862.62329
161,-319664.451998,4471913.172
161,-319131.484085,4471865.47238
161,-319107.476668,4471917.4844
161,-319142.448384,4471931.3005
161,-319080.221514,4471981.86914
161,-319426.990825,4472030.11271
161,-319094.837619,4472035.5935
161,-319110.131707,4472058.31086
161,-319153.380271,4472079.66916
161,-319126.839501,4472077.5781
161,-319129.473925,4472081.24223
161,-319093.618323,4472090.75319
161,-319101.423897,4472093.0639
161,-319697.665565,4472164.78551
161,-319117.433434,4472137.9307
161,-319134.034482,4472159.77649
161,-319119.117064,4472187.88745
161,-319082.973228,4472209.64166
161,-319108.323568,4472226.69342
161,-319107.075433,4472243.78751
161,-319139.16627,4472262.58419
161,-319089.837625,4472291.6915
161,-319080.131121,4472294.12941
161,-319077.11368,4472296.39211
161,-319081.935517,4472316.62214
161,-319110.364331,4472331.64316
161,-319080.374526,4472337.39845
161,-319117.645936,4472344.36994
161,-319085.326854,4472363.61104
161,-319240.507175,4472386.41657
161,-319073.093503,4472386.94567
161,-319202.125255,4472416.82355
161,-319079.687881,4472406.80497
