138,-324201.529724,4474663.17846
138,-324505.179682,4474732.51064
138,-323677.644021,4474687.39925
138,-323700.103222,4474736.96439
138,-323000.448429,4474886.73358
138,-322538.764883,4474857.28615
138,-323838.633038,4474999.95645
138,-323845.875908,4475024.12958
138,-323886.474275,4475169.16065
138,-323961.819618,4475216.81097
138,-323422.851426,4475257.45709
138,-323035.866554,4475232.1187
138,-322989.149842,4475234.34254
138,-322812.73729,4475222.59885
138,-323981.833637,4475354.71812
138,-323076.362476,4475257.93653
138,-323990.292901,4475360.53038
138,-323971.080535,4475364.59267
138,-322965.98237,4475266.72955
138,-324070.967204,4475498.11556
138,-324031.323737,4475513.9907
138,-324011.729741,4475558.09677
138,-322986.9294,4475462.35174
138,-322782.228471,4475455.6864
138,-324069.527837,4475605.15024
138,-322541.847456,4475438.70456
138,-324098.013916,4475608.63423
138,-322995.916104,4475488.49334
138,-324174.068225,4475692.22783
138,-324191.628729,4475699.55309
138,-323863.393702,4475696.38948
138,-324169.750933,4475730.23135
138,-324109.086882,4475732.88357
138,-322961.276114,4475899.92779
138,-322486.275261,4475848.23471
138,-324282.225448,4476075.91656
138,-322983.229537,4475975.15999
138,-323382.506008,4476046.60666
138,-324352.893818,4476166.24632
138,-322515.492126,4476056.8402
138,-324418.237339,4476318.49558
138,-322944.425435,4476194.49224
138,-324417.993114,4476365.59114
138,-324469.637468,4476423.98776
138,-322452.753684,4476216.50432
138,-322951.976148,4476446.66864
138,-324456.429472,4476823.32988
138,-324366.849779,4476846.57057
138,-323070.057695,4476710.91052
138,-322446.313653,4476644.71684
138,-322936.127539,4476712.23974
138,-322908.251498,4476802.30708
