200,-312715.539711,4463560.56539
200,-312158.72226,4463567.00633
200,-309650.21872,4463711.33236
200,-306910.573982,4463937.37112
200,-301363.796061,4463459.51874
200,-309609.410414,4464347.59376
200,-301373.048072,4463471.97722
200,-301364.253306,4463502.6696
200,-299863.1548,4463395.21711
200,-301355.809663,4463577.51446
200,-300175.545575,4463577.567
200,-309586.267844,4464659.76378
200,-297097.21434,4463528.97493
200,-289403.888557,4463394.27796
200,-289468.75036,4463796.9135
200,-289417.770307,4463811.61941
200,-288574.78153,4463888.08014
200,-288182.622379,4463933.72924
200,-288034.160881,4463935.02813
200,-287833.848457,4463957.8162
200,-287699.492944,4463957.55273
200,-287769.633745,4464013.22476
200,-287288.101898,4463981.8946
200,-287362.017376,4463990.48529
200,-283324.795664,4463583.81949
200,-287257.921744,4464109.6897
200,-287257.147244,4464355.9563
200,-288241.658565,4464477.4726
200,-287283.005722,4464401.16723
200,-288054.349864,4464526.80436
200,-288198.044469,4464557.85944
200,-287049.909098,4464439.68315
200,-288197.120279,4464560.9129
200,-288283.344986,4464580.13314
200,-288299.743096,4464586.45387
200,-287918.743355,4464547.77741
200,-288210.018059,4464581.71756
200,-287672.659169,4464533.85195
200,-287424.995586,4464510.99598
200,-287295.917846,4464510.04894
200,-288279.416058,4464646.09361
200,-288277.646911,4464648.94654
200,-286744.91518,4464555.20523
200,-286737.075317,4464588.13563
200,-286863.559146,4464616.47556
200,-286956.594923,4464665.073
200,-288060.08125,4464782.64224
200,-286964.268556,4464670.37069
200,-286976.384431,4464672.08099
200,-286927.79355,4464670.62602
200,-286793.85012,4464677.39193
200,-286725.818915,4464827.90924
