46,-328267.149984,4471586.09812
46,-328256.627225,4471589.82171
46,-328327.729415,4471602.69601
46,-328221.823041,4471598.96679
46,-328228.69775,4471612.14925
46,-328207.615715,4471616.55859
46,-328286.017196,4471626.09513
46,-328458.952196,4471661.12498
46,-328247.252589,4471645.27427
46,-328129.568668,4471636.72503
46,-328228.852066,4471658.68887
46,-328031.017535,4471638.91135
46,-328278.173813,4471670.74392
46,-328330.738416,4471714.92121
46,-328306.005751,4471722.00883
46,-327885.032098,4471681.93316
46,-328293.616201,4471730.7431
46,-328235.74416,4471743.36583
46,-328311.049188,4471754.51225
46,-328285.210048,4471781.23282
46,-328323.992807,4471789.54167
46,-328493.693193,4471819.53369
46,-328310.967432,4471804.7847
46,-328313.44667,4471839.86429
46,-328327.051832,4471845.93747
46,-328324.678996,4471848.08034
46,-328304.956978,4471877.49569
46,-328320.97563,4471906.65573
46,-328331.482545,4471910.10616
46,-328339.863606,4471915.08071
46,-328329.760758,4471924.22339
46,-328294.325058,4471927.02036
46,-328344.848464,4471941.53615
46,-328313.495046,4471945.83217
46,-328345.866824,4471955.16542
46,-327762.627662,4471924.47744
46,-328309.177073,4472002.8457
46,-328078.109515,4471984.03797
46,-328213.051267,4472001.65233
46,-328101.355095,4471993.34572
46,-327820.827697,4471982.48947
46,-327727.751859,4471976.41728
46,-327796.00026,4471988.92964
46,-327733.218401,4471984.52607
46,-327716.91142,4471983.86513
46,-327714.416985,4471987.6469
46,-327739.071662,4471990.42437
46,-327806.805233,4471999.72639
46,-327693.324565,4471987.47529
46,-327659.711467,4471991.00043
46,-327666.064057,4472002.88596
46,-327636.948733,4472001.00911
