160,-319586.00804,4470838.2179
160,-319214.809206,4470805.7212
160,-319636.716321,4470861.96325
160,-319218.27358,4470841.6819
160,-319198.20078,4470849.41467
160,-319193.905651,4470865.05217
160,-319220.940792,4470901.76746
160,-319208.609763,4470925.99271
160,-319572.257067,4470968.14418
160,-319196.699428,4470979.09191
160,-319175.483212,4470990.97984
160,-319381.763271,4471043.75975
160,-319781.922709,4471108.69016
160,-319203.123403,4471074.8321
160,-319171.577438,4471073.32505
160,-319171.456724,4471074.43806
160,-319779.244705,4471155.23524
160,-319760.389015,4471157.81708
160,-319649.495207,4471152.98906
160,-319161.835138,4471120.01534
160,-319265.729725,4471140.63087
160,-319191.5471,4471139.22859
160,-319198.570772,4471167.12959
160,-319205.787236,4471184.46611
160,-319198.705566,4471193.0447
160,-319192.522869,4471197.32897
160,-319159.728232,4471228.90655
160,-319190.678638,4471233.50223
160,-319139.306305,4471239.86705
160,-319758.765023,4471314.62331
160,-319149.582043,4471249.76518
160,-319163.907552,4471260.66562
160,-319185.034655,4471298.31694
160,-319359.874553,4471325.94303
160,-319131.878884,4471305.95219
160,-319153.965506,4471313.18999
160,-319192.229483,4471335.0202
160,-319178.252538,4471336.88248
160,-319160.436609,4471374.13862
160,-319160.051413,4471378.48866
160,-319147.822198,4471379.41443
160,-319421.362811,4471443.77323
160,-319153.762135,4471454.04398
160,-319149.022076,4471457.80905
160,-319163.53377,4471470.98202
160,-319177.009174,4471486.52006
160,-319134.885361,4471510.66669
160,-319488.631597,4471551.1845
160,-319153.137724,4471557.24038
160,-319252.105972,4471584.07962
160,-319134.070155,4471574.09074
160,-319190.852002,4471624.05571
