147,-322382.449934,4470479.49392
147,-322311.490143,4470473.00867
147,-322257.947282,4470473.78053
147,-322315.09755,4470482.06198
147,-322188.664329,4470480.47549
147,-322196.382768,4470482.0926
147,-322140.307446,4470481.29448
147,-322267.489899,4470496.21736
147,-322197.590861,4470489.5445
147,-322084.447895,4470478.59443
147,-322287.323175,4470501.57456
147,-322253.629405,4470498.24511
147,-322270.857303,4470501.5843
147,-322001.758195,4470473.20068
147,-322334.258409,4470514.37547
147,-322246.848704,4470506.40424
147,-321842.204572,4470464.62632
147,-322057.300387,4470490.04462
147,-322154.947655,4470501.24506
147,-322226.769973,4470509.4333
147,-321950.597124,4470482.27492
147,-322318.760161,4470522.45284
147,-322024.19083,4470491.70131
147,-321847.755924,4470473.33891
147,-322047.329294,4470497.9806
147,-322018.079114,4470496.10425
147,-321763.259656,4470471.01718
147,-321852.610271,4470493.23773
147,-321589.56503,4470473.52326
147,-321513.060541,4470481.15048
147,-321613.113395,4470505.35408
147,-320876.101194,4470464.66277
147,-320872.739982,4470466.88774
147,-320863.85237,4470471.32763
147,-320881.094167,4470476.12914
147,-320888.948875,4470477.20787
147,-320880.162917,4470484.69944
147,-320874.6179,4470501.43991
147,-320892.676801,4470504.30315
147,-321209.284503,4470540.09844
147,-321375.849295,4470560.08747
147,-320758.591779,4470501.44647
147,-320865.032146,4470534.63384
147,-321844.747795,4470659.50006
147,-320724.16583,4470605.3675
147,-321834.010977,4470752.9333
147,-321845.296292,4470758.00145
147,-321825.552192,4470955.48479
147,-321093.53609,4470898.89655
147,-320854.723374,4470893.43719
147,-320693.754099,4470903.9427
147,-320858.266699,4470970.06396
