141,-321660.294386,4461399.38674
141,-322178.726033,4461868.1875
141,-321810.470951,4461939.3804
141,-319881.941838,4461819.48347
141,-322242.737596,4462140.0104
141,-322160.969938,4462137.84693
141,-319925.195057,4461905.27655
141,-322415.457584,4462537.11228
141,-321214.014242,4462448.41599
141,-322193.41706,4462595.14803
141,-322420.032523,4462645.88008
141,-322406.208923,4462681.3177
141,-320275.077919,4462505.7199
141,-322237.552308,4462754.85598
141,-322044.315349,4462820.25704
141,-320067.57032,4462615.00116
141,-320079.879043,4462616.67181
141,-320350.298644,4462653.42488
141,-320885.156889,4462766.93187
141,-322078.376102,4462933.34907
141,-320163.310639,4462764.89194
141,-319855.157205,4462744.02484
141,-319960.530765,4462820.97154
141,-319983.757436,4462834.74734
141,-321357.419264,4463004.9612
141,-319833.831417,4462842.79338
141,-320281.384651,4462906.65257
141,-319924.527127,4463015.71512
141,-320095.496335,4463062.83367
141,-319961.500843,4463085.14442
141,-322171.007937,4463354.95008
141,-319907.834431,4463167.23579
141,-320340.359856,4463273.57453
141,-322391.596836,4463672.79923
141,-322346.561347,4463671.96177
141,-321241.468666,4463569.9276
141,-320244.359152,4463463.24894
141,-322133.373951,4463670.3867
141,-320338.417023,4463490.26328
141,-322033.771028,4463675.64774
141,-321319.060039,4463607.61464
141,-322308.592941,4463716.81557
141,-321008.946753,4463585.80441
141,-320648.206405,4463555.02822
141,-320778.141227,4463572.71665
141,-320981.902013,4463664.85416
141,-320559.385007,4463671.18846
141,-320752.296645,4463706.8515
141,-320609.358608,4463715.00553
141,-320586.049311,4463738.8302
141,-321100.609537,4463802.94178
141,-320570.144768,4463753.54765
