35,-329234.970767,4472484.98147
35,-329243.216473,4472493.54726
35,-329233.740071,4472494.60932
35,-329239.742802,4472499.92477
35,-329232.892401,4472500.74954
35,-329223.131221,4472509.92869
35,-329220.635874,4472512.13295
35,-328924.062699,4472485.38862
35,-329162.144249,4472513.96671
35,-329201.297014,4472529.61024
35,-328893.053799,4472496.81654
35,-328917.207057,4472504.81889
35,-329276.567541,4472548.12807
35,-329067.199689,4472525.13589
35,-328762.329584,4472494.25742
35,-329030.798762,4472524.89403
35,-328973.181504,4472519.50672
35,-328814.173744,4472506.18134
35,-328877.907892,4472516.36937
35,-328589.863312,4472489.07219
35,-329329.88011,4472571.43322
35,-328932.712943,4472534.2141
35,-328943.906176,4472536.19396
35,-328858.84742,4472534.7415
35,-328815.808002,4472530.76791
35,-328830.732243,4472532.96941
35,-328858.032336,4472538.21923
35,-328865.841227,4472540.76619
35,-328855.096856,4472541.27645
35,-329024.482754,4472566.63181
35,-328877.463553,4472550.67848
35,-328981.059361,4472567.49656
35,-328950.637371,4472564.34425
35,-328865.150593,4472561.5304
35,-328871.638251,4472563.48174
35,-328853.223785,4472562.28634
35,-328886.49752,4472568.3798
35,-328972.563372,4472587.02086
35,-328908.660755,4472582.26558
35,-328930.333334,4472584.83267
35,-328993.476081,4472599.0874
35,-328873.329685,4472590.96599
35,-328886.726218,4472605.76679
35,-328826.43905,4472601.02605
35,-328908.246069,4472617.69697
35,-328639.505294,4472606.60469
35,-328650.53569,4472611.38247
35,-328498.54403,4472596.01694
35,-328699.476813,4472624.82335
35,-328540.749173,4472614.16598
35,-328543.093899,4472615.17427
35,-328516.855552,4472617.36412
