84,-326452.227797,4456263.69052
84,-326475.023093,4456342.7612
84,-326591.181332,4457931.68063
84,-326655.305371,4457960.63177
84,-326708.869295,4458305.49139
84,-326687.470012,4459256.07224
84,-326674.945572,4459314.7398
84,-326634.175615,4459365.14667
84,-326683.03262,4459489.41354
84,-326642.124535,4459503.19959
84,-326650.791401,4459531.17636
84,-326644.371539,4459555.03025
84,-326647.665708,4459636.25958
84,-326680.474131,4459645.80656
84,-326721.716716,4459655.29351
84,-326677.210944,4459690.61643
84,-326640.045491,4459686.56386
84,-326727.543024,4459701.3537
84,-326580.908981,4459699.2634
84,-326526.216963,4459800.48118
84,-326723.820046,4460877.22147
84,-326691.11772,4461305.04057
84,-326699.430562,4461352.12735
84,-326612.644391,4461938.37816
84,-326745.608488,4462396.77978
84,-326556.423451,4462537.08703
84,-326699.659683,4462563.14929
84,-326719.511598,4462621.56579
84,-326660.855972,4462701.10372
84,-326557.497364,4462732.91701
84,-326674.148384,4462753.16122
84,-326709.06728,4462806.27288
84,-326626.477181,4462814.97549
84,-326674.405962,4462924.39384
84,-326657.326462,4462949.64066
84,-326507.710139,4462938.94258
84,-326584.86627,4463145.89263
84,-326674.880441,4463267.27185
84,-326647.456248,4463304.71392
84,-326735.655445,4463364.57799
84,-326712.058104,4464091.53995
84,-326756.616151,4464837.54959
84,-326746.568906,4465231.2417
84,-326700.223934,4465347.74701
84,-326500.322156,4465359.21803
84,-326711.772056,4465392.56499
84,-326711.280553,4465406.59082
84,-326715.689808,4465574.22474
84,-326710.360312,4465618.79838
84,-326675.289224,4465774.13307
84,-326694.356549,4465782.18602
84,-326687.840606,4465811.66064
84,-326701.396062,4465832.85307
