4,-349484.874521,4462788.78807
4,-351812.026356,4463171.27956
4,-350943.566761,4463104.29692
4,-352662.320504,4463612.09759
4,-348195.145518,4463224.03331
4,-348213.30483,4463277.72947
4,-335813.558084,4462669.26404
4,-334971.021001,4462657.64628
4,-333951.285411,4462592.43774
4,-333992.159922,4462599.57421
4,-334968.739925,4462741.33139
4,-339716.31226,4463462.44628
4,-339907.981854,4463490.08988
4,-333920.769183,4462881.43725
4,-340324.714804,4463609.55454
4,-336136.010595,4463162.10397
4,-333449.868144,4462888.76389
4,-333191.725427,4462926.44875
4,-340525.045054,4463750.86452
4,-333156.591805,4462969.70942
4,-338783.12572,4463686.00448
4,-335879.890428,4463378.96983
4,-335863.325897,4463386.71855
4,-335867.84386,4463431.49669
4,-340981.263452,4464024.07975
4,-333619.195146,4463219.08773
4,-338626.087648,4463810.7709
4,-341042.679105,4464108.09433
4,-338614.165017,4463846.63536
4,-333870.006811,4463358.23551
4,-334884.769192,4463501.77891
4,-338448.178191,4463952.95848
4,-333860.336753,4463618.17639
4,-338213.138538,4464103.69748
4,-333850.350711,4463628.71481
4,-333843.262198,4463677.32558
4,-337850.947728,4464164.90847
4,-336671.240441,4464039.41491
4,-335064.41853,4463865.03136
4,-335672.504219,4463937.00836
4,-337593.766554,4464152.29607
4,-334749.857299,4463839.06725
4,-336080.667426,4463987.13718
4,-337679.366689,4464164.39144
4,-335816.930202,4463963.83348
4,-335234.813605,4463906.9222
4,-335226.682706,4463907.15198
4,-333872.743817,4463882.41897
4,-333805.248918,4463955.53997
4,-333786.601119,4464090.7547
4,-334790.47869,4464213.65541
4,-333777.939734,4464190.44252
