71,-326990.003585,4470955.56503
71,-326937.353002,4470951.71611
71,-326969.840657,4471040.30491
71,-326975.986556,4471245.09384
71,-326998.208919,4471286.72587
71,-326980.539049,4471325.15418
71,-326998.23216,4471435.40308
71,-326994.851708,4471446.48852
71,-326990.647066,4471458.42614
71,-326979.380307,4471459.48287
71,-326984.854889,4471488.95215
71,-326974.662987,4471559.55464
71,-326976.571564,4471589.61345
71,-326980.413217,4471710.44728
71,-326993.53292,4471718.37204
71,-326997.926446,4471734.99461
71,-326985.159023,4471742.05588
71,-326993.460963,4471749.34045
71,-326972.021803,4471781.53979
71,-326967.919387,4471792.09559
71,-326983.692919,4471801.58382
71,-326969.870759,4471807.77864
71,-326990.555477,4471810.22018
71,-326989.31343,4471830.74255
71,-326963.252878,4471828.64348
71,-326796.83954,4471820.93566
71,-326999.096493,4471865.41472
71,-326984.644574,4471881.29149
71,-326816.912033,4471874.79766
71,-326813.663633,4471878.34688
71,-326996.763091,4471901.20436
71,-326903.362176,4471895.48224
71,-326885.053547,4471896.48501
71,-326945.69984,4471903.20459
71,-326894.107697,4471900.85563
71,-326808.687514,4471894.5104
71,-326794.838715,4471894.67251
71,-326802.770455,4471897.42201
71,-326838.612387,4471902.17977
71,-326890.810392,4471908.57093
71,-326786.375858,4471897.24909
71,-326950.17068,4471917.77429
71,-326922.004557,4471915.17438
71,-326789.493247,4471901.22867
71,-326954.673356,4471920.18225
71,-326860.223345,4471910.85385
71,-326842.425692,4471913.78625
71,-326806.501646,4471913.41995
71,-326758.393692,4471912.99651
71,-326803.079029,4471919.61592
71,-326765.849684,4471917.98048
