163,-319076.031531,4472628.92787
163,-319049.691044,4472646.56526
163,-319036.798119,4472679.17499
163,-319052.344159,4472690.77144
163,-319055.58063,4472705.64943
163,-319062.033211,4472711.64225
163,-319045.337116,4472744.17715
163,-319018.189034,4472770.06013
163,-319019.549976,4472772.68523
163,-319042.348551,4472785.2938
163,-319053.792167,4472855.45349
163,-319656.601833,4472924.60068
163,-319051.62081,4472868.2808
163,-319043.319385,4472887.31226
163,-319014.983383,4472938.51635
163,-319628.849743,4473034.20081
163,-319023.978759,4473079.13026
163,-319019.576244,4473087.77407
163,-319018.348038,4473119.84762
163,-319071.660276,4473346.91423
163,-319019.378705,4473349.0109
163,-319045.600009,4473371.56337
163,-319041.407188,4473399.8243
163,-319019.895004,4473405.71047
163,-319028.999478,4473411.20292
163,-319022.299904,4473421.06138
163,-319046.368651,4473425.13726
163,-319034.482911,4473424.52308
163,-319031.7368,4473428.27909
163,-319033.548659,4473429.93966
163,-319028.85361,4473430.10582
163,-319016.673782,4473429.00931
163,-319211.662016,4473475.05882
163,-319099.499898,4473464.68685
163,-319033.672221,4473458.33117
163,-319057.006658,4473461.98959
163,-319032.638176,4473462.27297
163,-319016.691869,4473460.7677
163,-319024.531106,4473461.95624
163,-319032.666548,4473465.20394
163,-319037.388893,4473467.18037
163,-319055.820832,4473471.32028
163,-319050.648422,4473471.09678
163,-319066.474978,4473474.50353
163,-319018.397708,4473474.5788
163,-319017.405178,4473482.12867
163,-319022.337062,4473485.36656
163,-319055.269939,4473489.16574
163,-319058.572194,4473508.21765
163,-319064.326981,4473514.24755
163,-319076.26405,4473516.78178
