205,-312849.890803,4483340.88969
205,-312519.374687,4483656.10232
205,-312459.675218,4483660.65431
205,-310745.284876,4483560.9113
205,-312900.601186,4483847.90812
205,-312886.161915,4484068.72124
205,-299229.261116,4482965.89244
205,-306006.030268,4483696.87224
205,-306545.263969,4483829.34453
205,-312685.569607,4484686.83539
205,-311582.049967,4484976.5372
205,-306402.780839,4484420.44603
205,-306285.366231,4484537.29936
205,-303565.946406,4484289.16941
205,-297494.055688,4484105.71353
205,-312362.899394,4485855.21784
205,-298950.633591,4484790.03558
205,-305018.353764,4485463.83788
205,-303483.000294,4485329.96542
205,-306309.032536,4485919.01153
205,-306308.932007,4486102.49066
205,-312312.164769,4487107.51727
205,-312300.480126,4487193.7733
205,-306297.516142,4486608.9596
205,-298458.96289,4485984.57246
205,-312265.425964,4487492.66974
205,-312233.986167,4488025.97238
205,-308659.00782,4487753.79375
205,-308656.45818,4487792.16813
205,-312241.350281,4488213.30349
205,-310902.203128,4488214.40607
205,-312192.794035,4488658.31719
205,-257147.195166,4482953.92937
205,-312188.640889,4488919.65003
205,-306247.755007,4488286.92989
205,-257893.88482,4483390.69168
205,-272659.464238,4485005.71169
205,-304741.928248,4488471.02249
205,-258555.981524,4483736.73717
205,-258224.011001,4483716.57387
205,-306635.221572,4488781.83287
205,-285157.134052,4486735.69294
205,-284767.393168,4486740.25701
205,-256921.556769,4484045.36143
205,-281273.153669,4486857.95046
205,-274040.325012,4486169.42898
205,-276432.686431,4486527.57862
205,-253730.430969,4485657.90934
205,-245977.335239,4486014.50295
205,-243612.037082,4486017.54595
205,-257139.717386,4488190.00906
205,-258129.622304,4488829.68735
