173,-318772.46497,4467584.64753
173,-318775.625889,4467671.51711
173,-317899.603529,4467615.4421
173,-317486.600869,4467800.58854
173,-318738.155814,4467957.98591
173,-317548.892719,4467844.30644
173,-317992.053255,4467931.08466
173,-317687.349431,4467911.15197
173,-317679.156632,4467946.03615
173,-318170.860654,4468005.68797
173,-317544.613443,4468037.51642
173,-317519.693736,4468050.21444
173,-317439.989162,4468131.48632
173,-318156.14056,4468220.18403
173,-316552.238932,4468399.42299
173,-316572.980118,4468414.62368
173,-316570.671589,4468453.40118
173,-316524.232355,4468462.392
173,-316678.888968,4468530.78287
173,-316499.453261,4468531.10313
173,-318438.039344,4468744.13892
173,-318763.382827,4468788.49556
173,-318789.50759,4468806.52762
173,-318773.159194,4468819.84609
173,-316852.483679,4468693.65775
173,-316830.615898,4468708.93898
173,-318765.33188,4468975.29782
173,-316719.044653,4468755.81725
173,-316722.076809,4468761.43709
173,-316695.099307,4468764.107
173,-318490.51545,4468963.77404
173,-316866.902515,4468790.0369
173,-316973.298268,4468816.62504
173,-316556.609744,4468778.80275
173,-316706.221383,4468807.12838
173,-316935.266884,4468871.13426
173,-318648.723358,4469117.38905
173,-317068.696839,4468952.15008
173,-318779.496246,4469143.71728
173,-318011.889468,4469062.17183
173,-318014.986288,4469063.18265
173,-316800.539271,4468938.25332
173,-317793.761288,4469067.95552
173,-316753.805235,4468963.37964
173,-316771.609526,4468972.62274
173,-317062.686129,4469014.96241
173,-317129.342939,4469026.30143
173,-317963.411282,4469122.57356
173,-317631.751167,4469138.14484
173,-316554.536587,4469037.18205
173,-317233.738007,4469121.28636
173,-317285.354579,4469147.7044
173,-316564.778123,4469128.18056
