92,-326728.746437,4472518.57173
92,-326723.780385,4472518.81645
92,-326708.710985,4472519.53188
92,-326742.670194,4472528.31911
92,-326749.337838,4472531.5273
92,-326734.907521,4472539.85957
92,-326720.780361,4472541.46662
92,-326742.064851,4472544.13514
92,-326567.084754,4472525.12722
92,-326739.301978,4472548.00031
92,-326729.235844,4472549.7141
92,-326752.428786,4472553.15483
92,-326742.987034,4472556.28866
92,-326735.782213,4472555.61238
92,-326744.345182,4472557.3385
92,-326745.129251,4472560.46565
92,-326742.59733,4472560.63897
92,-326743.502968,4472561.86454
92,-326440.263502,4472529.79244
92,-326739.811947,4472569.45786
92,-326584.897197,4472561.62019
92,-326588.567592,4472563.71163
92,-326587.387464,4472569.21442
92,-326560.619956,4472568.34904
92,-326547.614667,4472571.05541
92,-326739.576252,4472592.18545
92,-326582.334395,4472575.79508
92,-326590.163144,4472576.83991
92,-326551.420089,4472574.288
92,-326441.929796,4472564.44249
92,-326595.751855,4472583.8347
92,-326501.405644,4472576.81024
92,-326553.86097,4472590.51253
92,-326447.777453,4472594.93203
92,-326725.660015,4472632.22599
92,-326569.059474,4472616.58174
92,-326669.627415,4472634.31337
92,-326715.391141,4472646.87122
92,-326716.298627,4472652.8279
92,-326723.041441,4472660.88787
92,-326703.217582,4472670.2065
92,-326519.335221,4472659.19778
92,-326584.762507,4472680.25292
92,-326449.53656,4472675.43655
92,-326676.796229,4472729.49096
92,-326617.180846,4472762.72548
92,-326701.287946,4472781.99743
92,-326703.408262,4472814.06935
92,-326456.383716,4472802.86055
92,-326735.75084,4472963.17668
92,-326452.412225,4472938.15656
92,-326507.495236,4472956.50977
