60,-327419.450521,4472016.60006
60,-327512.234741,4472045.35309
60,-327134.338685,4472018.14474
60,-327033.37421,4472325.18606
60,-327047.456659,4472333.48702
60,-327014.909318,4472374.30287
60,-327132.01991,4472417.46904
60,-327262.854855,4472450.57636
60,-327015.479721,4472425.34691
60,-327627.543129,4472502.70761
60,-327586.78169,4472504.84814
60,-327554.773004,4472501.71527
60,-327028.794925,4472446.90061
60,-327240.803014,4472471.252
60,-327074.887919,4472453.30117
60,-327328.062714,4472481.56381
60,-327503.357149,4472503.02641
60,-327004.511301,4472450.24833
60,-327023.718537,4472456.85404
60,-327398.750975,4472502.07594
60,-327029.463852,4472470.06541
60,-327190.784341,4472503.31945
60,-327462.640672,4472585.67495
60,-327008.490321,4472549.99647
60,-327151.283735,4472613.39889
60,-327353.013511,4472645.36969
60,-327426.469294,4472662.70134
60,-327422.751234,4472664.2088
60,-327430.228933,4472677.41907
60,-327435.165979,4472702.74167
60,-327421.674596,4472704.07918
60,-327409.625955,4472703.32195
60,-327437.931588,4472706.762
60,-327436.147049,4472711.1848
60,-327410.05765,4472715.1968
60,-327539.95335,4472733.37607
60,-327414.291574,4472720.84239
60,-327413.777819,4472720.78609
60,-327435.065581,4472735.2846
60,-327406.295334,4472732.13153
60,-327396.027618,4472755.44985
60,-327473.352326,4472865.86685
60,-327511.953249,4472901.60054
60,-327293.438247,4472992.74816
60,-327081.413658,4472969.57832
60,-327186.449551,4472986.0429
60,-327141.146897,4472985.4271
60,-327178.292779,4472990.89391
60,-327151.055714,4472989.89205
60,-327011.404246,4472977.45311
60,-327011.318624,4472977.44373
60,-327001.037797,4472986.97339
