61,-327611.941351,4473019.72331
61,-327513.533169,4473012.35238
61,-327601.606797,4473028.39039
61,-327321.088208,4472998.58153
61,-327518.551077,4473021.91018
61,-327400.150741,4473012.50317
61,-327440.784002,4473018.64641
61,-327531.890447,4473034.60301
61,-327619.110325,4473053.20987
61,-327095.812457,4472995.85827
61,-327314.167596,4473020.08887
61,-327519.031639,4473043.92841
61,-327132.443073,4473008.13585
61,-327403.278729,4473039.54249
61,-327299.623878,4473030.30081
61,-327219.059096,4473027.68931
61,-327536.705135,4473063.40443
61,-327277.051526,4473040.12698
61,-327581.623939,4473073.69048
61,-327322.884202,4473050.77065
61,-327520.317676,4473072.98506
61,-327384.942213,4473059.08145
61,-327503.597619,4473073.74304
61,-327005.363894,4473019.14473
61,-327333.890177,4473055.73912
61,-327178.364512,4473039.82242
61,-327293.205939,4473054.09654
61,-327545.064126,4473082.00586
61,-327229.025315,4473047.99825
61,-327293.754367,4473055.65479
61,-327328.693032,4473059.67527
61,-327140.433222,4473040.73516
61,-327521.630652,4473088.67385
61,-327284.837569,4473063.17089
61,-327212.67114,4473056.727
61,-327474.234483,4473089.44854
61,-327154.718962,4473054.99525
61,-327123.787199,4473058.13934
61,-327522.062569,4473102.91433
61,-327504.326677,4473101.08277
61,-327475.97494,4473098.15518
61,-327510.176115,4473111.74928
61,-327415.87421,4473177.36808
61,-327375.781329,4473245.43713
61,-327373.715753,4473298.98671
61,-327606.167086,4473454.91113
61,-327615.085426,4473463.66145
61,-327348.767359,4473531.33903
61,-327360.095462,4473541.02901
61,-327373.501893,4473547.56753
61,-327390.798266,4473556.56007
61,-327316.797131,4473724.27362
