154,-319395.757705,4431986.45382
154,-319304.983908,4457527.63814
154,-319447.637848,4457839.53318
154,-319320.805257,4457847.48528
154,-319112.239645,4457828.70845
154,-319189.568317,4458434.41941
154,-319491.79965,4458631.47632
154,-319205.29164,4458612.90528
154,-319329.679345,4458635.73535
154,-319308.931592,4458637.42348
154,-319825.645045,4458711.2986
154,-319730.517779,4458811.35658
154,-319172.58549,4459141.79516
154,-319158.810679,4459144.81101
154,-319301.12834,4459188.23867
154,-319651.64979,4459245.18988
154,-319503.661044,4459292.44221
154,-319421.065148,4460556.40206
154,-319764.462608,4461184.05126
154,-319016.886638,4461529.86379
154,-319281.852585,4462644.55127
154,-319031.77933,4462641.0819
154,-319716.050031,4462730.31784
154,-319457.313804,4462721.68501
154,-319628.291194,4462783.09126
154,-319701.845537,4462882.94045
154,-319779.288131,4462962.07525
154,-319591.796488,4462967.4962
154,-319753.098148,4463091.52084
154,-319371.325128,4463055.49331
154,-319618.495986,4463108.36788
154,-319635.445859,4463444.23495
154,-319732.991615,4463477.50469
154,-319397.518481,4463456.16788
154,-319019.209712,4463725.01369
154,-319147.067156,4463816.84547
154,-319762.928141,4464006.2452
154,-319040.779064,4463982.51216
154,-319750.072067,4464339.23359
154,-319161.276998,4464279.31889
154,-319018.301186,4464572.50072
154,-319086.47524,4465170.72557
154,-319683.769871,4465253.98249
154,-319654.505704,4465485.71522
154,-319659.224158,4465511.78866
154,-319633.556416,4465863.16421
154,-319143.442385,4466246.09917
154,-319028.162066,4466235.53108
154,-319784.424458,4466334.22985
154,-319081.003924,4466269.51699
154,-319601.555818,4466327.36409
154,-319584.983655,4466326.69462
154,-319583.897042,4466351.12574
