209,-292338.400348,4527310.98425
209,-254541.000079,4526084.71446
209,-254487.861978,4526090.21124
209,-254348.534724,4526272.99994
209,-281928.580403,4529304.31582
209,-253141.582859,4526375.08557
209,-254278.510674,4526517.28647
209,-253018.504804,4527293.83415
209,-279962.316241,4530644.40886
209,-279918.711293,4530669.74212
209,-280309.18303,4530768.57548
209,-280310.437735,4530777.03257
209,-278583.293497,4531149.80718
209,-278665.213864,4531275.22091
209,-278777.80967,4532054.07602
209,-280381.254858,4532751.28817
209,-280538.069824,4532797.99727
209,-282015.536949,4533138.63965
209,-263570.182341,4531470.55115
209,-287031.284452,4533947.4603
209,-285167.640731,4537173.59059
209,-260907.098679,4535225.54807
209,-258057.644455,4535261.70413
209,-280334.702816,4537774.06674
209,-279835.883651,4538277.17533
209,-281758.525977,4538956.43014
209,-281849.420284,4539002.2386
209,-288165.637098,4539970.45797
209,-288264.923682,4540057.95826
209,-281562.870535,4539918.30437
209,-255633.260648,4537379.33714
209,-281280.375451,4540060.36694
209,-291916.776798,4541559.81483
209,-282299.021253,4540538.54351
209,-291888.938624,4541587.58845
209,-282667.025906,4540724.92952
209,-287942.316966,4541415.00749
209,-283206.451899,4540996.27758
209,-287595.790301,4541547.76637
209,-283063.393517,4541072.23041
209,-255263.038224,4538459.6478
209,-297054.086472,4549153.54181
209,-290452.120482,4549145.58993
209,-291874.41722,4551525.60873
209,-292142.348137,4552370.09485
