10,-398863.388457,4482977.70271
10,-397578.660944,4485038.56373
10,-396344.415741,4485207.81272
10,-396101.297223,4485230.58675
10,-396152.053014,4485393.48636
10,-397264.242518,4486240.29222
10,-397354.856565,4486258.66424
10,-346193.350229,4482550.16887
10,-347135.592895,4482667.41237
10,-342407.441886,4482254.17945
10,-351545.942691,4483679.62806
10,-346932.380671,4483164.13443
10,-351430.878077,4484036.78295
10,-338488.234379,4482706.84387
10,-351292.744316,4484189.52689
10,-338351.782109,4482779.76984
10,-350701.393554,4484581.62149
10,-338986.578121,4483492.17331
10,-338112.331208,4483506.21836
10,-348301.1659,4484782.1033
10,-333292.949522,4483119.11378
10,-347897.982987,4484841.1079
10,-351803.671879,4485318.61661
10,-334110.595788,4483395.68951
10,-333731.391245,4483523.46603
10,-376626.322148,4488469.94126
10,-333486.488695,4484498.67907
10,-338303.623721,4485129.74496
10,-344480.650434,4486649.28645
10,-344641.217245,4486669.05961
10,-343868.845695,4486628.87883
10,-344942.2082,4486756.423
10,-344949.788231,4486763.69997
10,-345302.093454,4487052.53187
10,-338621.109116,4486575.3335
10,-346950.671566,4487714.93533
10,-347133.227567,4487801.23064
10,-346254.835733,4487714.14577
10,-346437.386491,4487771.519
10,-343606.860322,4487903.77383
10,-346111.354775,4488209.383
10,-337797.899162,4487290.76376
10,-346090.194133,4488252.47402
10,-337809.85924,4487344.94973
10,-346199.10588,4488456.37215
10,-337073.863843,4487640.90513
10,-345929.445096,4488902.45431
10,-346765.93165,4489205.42637
10,-346058.55337,4489501.37638
10,-346243.920188,4489725.16622
10,-337188.204893,4489578.6275
10,-335995.974614,4489510.62207
