21,-332605.193349,4469280.19871
21,-332342.049673,4469338.19114
21,-332377.148019,4469360.41992
21,-332279.199249,4469351.43646
21,-332378.096877,4469394.32255
21,-332509.632489,4469452.63447
21,-332541.350699,4469481.13895
21,-332453.231169,4469537.22692
21,-332256.233037,4469540.31704
21,-331528.546188,4469474.64485
21,-332282.757404,4469582.4436
21,-332494.309976,4469637.40076
21,-332235.986725,4469801.10388
21,-332224.129333,4469855.00159
21,-332244.994447,4469862.36906
21,-330488.302565,4469670.05465
21,-332195.045132,4469860.6201
21,-332240.474685,4469870.02792
21,-333024.686136,4469960.29543
21,-332562.412851,4469951.11644
21,-332558.433303,4469960.47957
21,-332213.058207,4469926.63973
21,-332190.520263,4469926.59125
21,-331973.857312,4469912.54789
21,-329347.489754,4469646.39969
21,-332748.486166,4470104.85301
21,-329336.205885,4469757.202
21,-332199.315023,4470088.67504
21,-332163.274629,4470086.058
21,-332184.575141,4470161.41125
21,-330505.119787,4469985.09065
21,-332201.91822,4470186.59309
21,-332134.357638,4470283.29578
21,-331620.068799,4470228.02884
21,-331764.920614,4470258.9558
21,-331091.926943,4470215.20966
21,-332183.134943,4470357.6157
21,-331183.26663,4470250.17978
21,-331065.582709,4470243.68242
21,-331542.511834,4470300.94513
21,-331403.703699,4470325.7316
21,-330924.470174,4470275.53952
21,-330534.511347,4470285.05098
21,-331238.226388,4470363.78636
21,-330349.440618,4470303.80154
21,-330338.999033,4470314.76261
21,-330212.707092,4470320.54475
21,-330099.602681,4470321.07316
21,-330153.447818,4470346.25216
21,-330187.937346,4470379.8159
21,-329357.68067,4470288.94219
21,-329906.193512,4470363.7009
