110,-325686.469368,4482825.20641
110,-325686.432126,4482846.60442
110,-325677.590674,4482845.63435
110,-325679.018762,4482849.73353
110,-325683.844007,4482857.02151
110,-325698.232593,4482865.1673
110,-325697.868701,4482869.82457
110,-325689.486599,4482870.0313
110,-325714.258114,4482878.18994
110,-325680.161979,4482887.97722
110,-325695.493562,4482898.09636
110,-325685.473512,4482901.32242
110,-325686.732976,4482904.27668
110,-325693.655427,4482908.22401
110,-326012.029539,4482953.34674
110,-325686.713838,4482920.22478
110,-325687.161009,4482924.03611
110,-325686.649276,4482927.35924
110,-325746.059324,4482947.20375
110,-325695.269892,4482943.51189
110,-325685.29132,4482942.41701
110,-325700.661673,4482944.29499
110,-325725.453827,4482960.14951
110,-325723.604921,4482986.22621
110,-325714.814948,4482986.20789
110,-325713.754154,4483026.0797
110,-325710.613711,4483028.35968
110,-325730.794198,4483032.45523
110,-325724.315487,4483041.49919
110,-325734.564184,4483066.47031
110,-325733.363536,4483073.46886
110,-325728.087892,4483072.88994
110,-325728.1078,4483104.25192
110,-325733.892893,4483115.95955
110,-325737.86276,4483119.21126
110,-325733.646198,4483120.80992
110,-325724.647491,4483120.01394
110,-326104.568645,4483165.65658
110,-326098.646671,4483169.7037
110,-325730.12109,4483131.87888
110,-326110.86084,4483188.50454
110,-325759.584674,4483153.88974
110,-325732.203887,4483151.06525
110,-325718.965454,4483150.73896
110,-326099.521528,4483193.26358
110,-325749.336442,4483156.51612
110,-326099.239202,4483197.17514
110,-325765.198669,4483171.0193
110,-326074.171432,4483206.07052
110,-325973.010213,4483211.85075
110,-325769.313879,4483193.99954
110,-325755.972904,4483194.60812
