181,-318529.042814,4481994.42333
181,-318580.164352,4482014.39764
181,-318887.726015,4482049.43006
181,-318638.887924,4482027.31613
181,-318944.802801,4482064.76206
181,-318433.955273,4482014.37646
181,-318569.910279,4482032.31434
181,-318954.269216,4482078.74295
181,-318717.07241,4482057.78027
181,-318614.675367,4482047.09307
181,-318700.033601,4482056.94041
181,-319011.320814,4482093.5097
181,-318375.420745,4482031.54813
181,-318960.54712,4482106.44269
181,-318969.009605,4482116.6093
181,-318949.934811,4482132.89023
181,-319012.222304,4482144.06001
181,-317906.874248,4482063.27508
181,-318936.980021,4482321.91482
181,-318855.464197,4482656.02892
181,-318801.34608,4482766.5177
181,-318788.827258,4483676.10899
181,-318740.067109,4483716.41166
181,-318740.720777,4483722.40643
181,-318722.513134,4485077.38929
181,-317861.506813,4485250.69942
181,-318702.142121,4485462.23662
181,-318705.284228,4486036.39872
181,-317771.132079,4486903.16646
181,-317215.515097,4487122.2185
181,-318639.797357,4487547.72712
181,-317577.573995,4487657.7919
181,-318342.883266,4491257.28189
181,-318333.438512,4491321.78519
181,-318331.331635,4492040.64268
181,-318887.582926,4493477.95146
181,-318269.161512,4493557.2276
181,-316744.416938,4493495.45108
181,-318198.526151,4494014.23697
181,-318812.293044,4494091.71182
181,-317453.320793,4494031.90229
181,-318692.465633,4494216.02633
181,-318190.67216,4494723.67821
181,-318192.163543,4495759.61768
181,-318492.747199,4527788.37716
