69,-327189.468004,4482582.63689
69,-327122.865253,4482578.35852
69,-327089.698401,4482575.38948
69,-327445.224292,4482614.80632
69,-327495.606947,4482624.40107
69,-327162.737652,4482589.6121
69,-327007.812637,4482575.51559
69,-327005.283547,4482578.05387
69,-327044.936531,4482585.79062
69,-327180.111004,4482610.36759
69,-327047.216049,4482622.53899
69,-327290.582158,4482724.64864
69,-327491.332245,4482941.41137
69,-327493.941306,4482942.63325
69,-327373.719918,4482943.30428
69,-327369.70584,4482943.05446
69,-327284.655065,4482952.78683
69,-327516.448042,4482993.73905
69,-327381.971658,4482987.58148
69,-327536.246706,4483036.65044
69,-327166.52098,4483005.57632
69,-327555.021085,4483151.82694
69,-327534.224916,4483153.40379
69,-327556.18896,4483156.94577
69,-327622.316898,4483444.89829
69,-327190.210137,4484103.3188
69,-327193.178399,4484506.41161
69,-327477.080942,4484583.37555
69,-327431.233536,4484578.55706
69,-327439.462234,4484589.48819
69,-327598.306379,4484637.60557
69,-327468.260296,4484677.70754
69,-327403.905046,4484692.48178
69,-327413.662162,4484696.59673
69,-327418.484048,4484704.67477
69,-327403.156354,4484705.57951
69,-327589.301057,4484731.24161
69,-327474.840068,4484730.36339
69,-327443.94118,4484729.66756
69,-327431.017863,4484736.24398
69,-327484.77034,4484768.29272
69,-327584.986834,4484819.98659
69,-327052.329016,4484776.26284
69,-327536.199308,4494548.51111
69,-327549.910688,4520306.66089
