105,-326430.210306,4472156.64461
105,-325947.953843,4472147.58308
105,-326279.511804,4472199.46844
105,-326428.289683,4472237.53459
105,-326428.082217,4472254.02479
105,-325928.011554,4472211.06928
105,-326372.38147,4472266.70934
105,-326274.611341,4472258.82213
105,-325666.250055,4472194.26899
105,-326173.153395,4472258.6126
105,-325817.400205,4472285.92697
105,-325912.490377,4472308.60495
105,-326286.595861,4472352.49729
105,-326118.880561,4472335.68877
105,-325868.101839,4472310.39535
105,-325929.612237,4472327.14812
105,-325972.502766,4472338.26017
105,-326077.756092,4472359.12364
105,-325735.933375,4472331.29702
105,-326376.33991,4472418.71715
105,-326349.299488,4472428.26064
105,-326195.174385,4472420.06738
105,-326050.036743,4472404.97585
105,-325795.506936,4472382.31502
105,-325675.226917,4472394.27894
105,-325755.875005,4472403.21122
105,-325929.590339,4472428.7446
105,-326088.796199,4472449.09022
105,-325757.446452,4472414.1962
105,-325745.508684,4472414.80545
105,-325676.280602,4472420.30053
105,-326285.686518,4472503.33368
105,-325788.788553,4472469.8875
105,-326225.959951,4472521.20635
105,-325846.181411,4472498.12911
105,-326239.052055,4472583.68918
105,-325717.055482,4472548.99773
105,-326240.115464,4472635.73198
105,-325916.463784,4472620.03126
105,-325723.962005,4472611.02742
105,-325976.093915,4472649.19483
105,-326397.281206,4472698.4396
105,-325765.257245,4472662.85139
105,-325749.670101,4472677.81681
105,-325916.57959,4472780.55233
105,-325852.13832,4472814.39012
105,-325833.394357,4472888.62891
105,-325951.768035,4472906.38863
105,-325902.264302,4472908.55319
105,-325794.608395,4472897.53089
105,-325925.052605,4472915.36033
105,-325668.236645,4472916.93631
