99,-326228.516717,4465298.78789
99,-325669.193654,4465279.86644
99,-325720.074227,4465303.10128
99,-326210.61095,4465824.97552
99,-325944.914644,4465802.50005
99,-326157.167153,4465862.50408
99,-325727.928156,4465820.82886
99,-325782.812124,4465839.20832
99,-325798.966415,4465847.7294
99,-325985.287182,4465875.16325
99,-326150.692891,4465895.58746
99,-325943.959219,4465885.21518
99,-325728.516914,4465936.21774
99,-325905.928834,4466013.77973
99,-325910.961616,4466063.48238
99,-325892.18392,4466072.1665
99,-325669.851781,4466114.9158
99,-326234.644984,4466238.60415
99,-325653.479093,4466206.61403
99,-325874.907435,4466278.08927
99,-325877.913733,4466339.99422
99,-325854.103254,4466385.25282
99,-325899.163996,4466504.68686
99,-326163.362124,4466634.34454
99,-326144.299301,4466860.16786
99,-325979.260119,4466842.93202
99,-326210.719112,4466868.92079
99,-325726.293584,4466821.27041
99,-325999.775913,4466859.92749
99,-325821.464933,4466848.85977
99,-325861.403829,4466870.38582
99,-326211.327106,4467142.76965
99,-326414.661302,4467499.06402
99,-325825.290507,4467440.68388
99,-326320.611178,4467674.97404
99,-326162.322451,4467665.22536
99,-326230.582459,4467697.46318
99,-326088.963499,4467698.5481
99,-325718.06386,4467670.94621
99,-325841.001782,4467685.76817
99,-325669.398888,4467701.11193
99,-325908.992849,4467772.93917
99,-325698.401937,4467762.55551
99,-325945.423777,4467805.41496
99,-325841.264535,4467808.79347
99,-325650.636171,4467829.98845
99,-325776.380017,4467865.98378
99,-325724.352394,4467881.4021
99,-325694.107513,4467909.86203
99,-325684.501628,4467960.51196
99,-325714.197495,4467967.2465
99,-325668.87406,4467989.02881
