116,-325398.939951,4470722.41879
116,-325517.758581,4470747.82547
116,-325310.238262,4470728.90202
116,-325271.013893,4470738.88763
116,-325591.355927,4470775.43299
116,-325570.228724,4470775.33174
116,-325499.814215,4470768.00858
116,-325590.265203,4470778.27609
116,-325012.737125,4470715.18232
116,-325272.303161,4470749.53721
116,-325602.330321,4470795.55506
116,-325628.762137,4470801.43991
116,-325500.499606,4470789.49534
116,-325058.111277,4470749.42231
116,-325064.015532,4470751.38496
116,-325644.13861,4470822.20088
116,-324920.238926,4470746.60885
116,-324855.775544,4470742.49829
116,-325613.97627,4470833.32164
116,-325023.681522,4470770.74545
116,-325006.700814,4470770.69309
116,-325385.739624,4470812.61579
116,-325144.369315,4470788.545
116,-325367.400575,4470827.13551
116,-325557.466929,4470852.37608
116,-325531.407337,4470850.54192
116,-325560.897638,4470860.63546
116,-325555.003347,4470864.60934
116,-325538.063999,4470872.10683
116,-325560.613118,4470875.13428
116,-325551.872227,4470885.32989
116,-325598.548473,4470891.21953
116,-325599.847251,4470894.40262
116,-324614.320535,4470793.69579
116,-325558.379346,4470902.71101
116,-325398.913974,4470889.22744
116,-325367.317554,4470887.38577
116,-325553.343984,4470910.72098
116,-325549.085342,4470928.27717
116,-325127.711326,4470884.71649
116,-325262.419875,4470933.93169
116,-325366.876422,4470965.42694
116,-325476.057493,4471038.22515
116,-325483.035268,4471066.92112
116,-325591.676162,4471081.23494
116,-325532.546311,4471080.40418
116,-325278.583908,4471086.06403
116,-325488.07692,4471200.56149
116,-325487.916699,4471222.32757
116,-325362.0981,4471236.5452
116,-325234.49553,4471254.33178
