108,-326305.012065,4474512.49227
108,-326249.907867,4474547.05339
108,-325805.165833,4474502.64579
108,-325723.211201,4474502.68778
108,-325674.027275,4474499.33303
108,-325735.577559,4474510.79936
108,-326168.653844,4474558.88184
108,-325851.41165,4474527.30635
108,-325727.021701,4474520.11309
108,-326088.374575,4474560.2297
108,-325855.158341,4474538.98026
108,-325827.714457,4474560.19373
108,-325924.946332,4474570.94899
108,-325948.976807,4474575.38169
108,-326263.874575,4474620.4471
108,-325762.248002,4474569.4739
108,-325690.764063,4474718.44272
108,-325664.529451,4474734.15695
108,-326346.275022,4474963.5625
108,-326131.959512,4474969.94081
108,-326309.967114,4474990.56182
108,-326305.469343,4474996.82762
108,-326078.249983,4474993.22197
108,-326278.302379,4475072.76791
108,-326299.927594,4475100.41297
108,-326294.759234,4475340.55949
108,-325674.31037,4475295.3757
108,-326317.772525,4475376.71484
108,-326304.914992,4475441.58413
108,-326370.089069,4475617.30966
108,-326385.541721,4475652.044
108,-326357.489208,4477107.78894
108,-325879.8084,4477072.11758
108,-325716.248115,4477062.37999
108,-326022.314148,4477790.14574
108,-326268.199152,4478223.29405
108,-326268.837227,4478237.21899
108,-326114.573522,4478831.6144
108,-326151.565742,4478933.36463
108,-326359.209891,4478956.77659
108,-326375.573567,4479043.61672
108,-326375.000602,4479055.15611
108,-326385.706977,4479057.79473
108,-326384.533863,4479059.01778
108,-326382.615394,4479061.51079
108,-326388.812903,4479071.31462
108,-325663.995791,4479044.22975
108,-325759.238309,4479283.28303
108,-325839.884742,4479443.99679
108,-325851.587075,4479492.58895
108,-325868.248137,4479660.12217
108,-325987.495776,4479932.94894
