37,-329311.879668,4473081.0891
37,-329277.711339,4473080.5274
37,-328998.609767,4473084.52651
37,-329100.043419,4473100.42895
37,-329032.847787,4473097.64702
37,-329333.014711,4473137.9715
37,-329036.014406,4473106.17157
37,-329268.943523,4473139.04382
37,-328877.530746,4473109.2258
37,-328851.922022,4473108.29528
37,-329286.388382,4473159.38983
37,-328543.42856,4473080.10806
37,-329071.919922,4473139.59525
37,-329067.307262,4473139.46041
37,-328772.949617,4473108.79452
37,-328816.99716,4473115.65808
37,-328952.81374,4473131.20158
37,-328765.37832,4473110.66688
37,-328878.744448,4473125.47915
37,-328857.576128,4473126.56819
37,-328998.648692,4473142.62206
37,-328637.198238,4473105.37117
37,-328767.412326,4473143.44566
37,-328616.238291,4473127.85308
37,-328830.834989,4473152.2112
37,-329003.661479,4473177.14768
37,-329183.309645,4473203.64865
37,-328628.61793,4473146.67242
37,-328514.197516,4473134.29415
37,-329199.841284,4473209.58754
37,-328609.474183,4473147.39855
37,-328644.907314,4473160.10831
37,-329026.936145,4473227.76312
37,-328634.101406,4473196.65932
37,-329170.822541,4473284.51181
37,-328605.119227,4473251.49181
37,-328525.308164,4473248.36395
37,-328739.447205,4473272.4336
37,-328733.276766,4473276.07062
37,-329253.485199,4473333.95495
37,-328727.098186,4473283.64945
37,-329252.571969,4473347.55296
37,-328521.662338,4473269.73862
37,-329216.976675,4473348.15998
37,-329255.198853,4473369.6282
37,-329277.664818,4473374.15779
37,-329232.346628,4473372.55878
37,-328740.023954,4473326.37681
37,-329026.634985,4473373.05656
37,-329288.942178,4473410.88177
37,-328886.360499,4473372.10483
37,-328737.33966,4473367.95364
