53,-327911.394216,4475293.53881
53,-327788.750028,4475316.23929
53,-327757.238668,4475316.83679
53,-327804.312139,4475332.6248
53,-328404.41393,4475405.45199
53,-327936.018735,4475382.52883
53,-327877.68188,4475404.96386
53,-327927.865641,4475422.40089
53,-327864.698,4475423.81532
53,-327822.123202,4475520.25448
53,-327666.01668,4475876.59089
53,-327646.172314,4475877.45471
53,-327631.884587,4475925.56376
53,-327860.82614,4475964.99603
53,-327817.282251,4476061.82397
53,-327840.013367,4476079.63901
53,-328221.847672,4476124.49023
53,-327849.790039,4476174.43445
53,-327845.646827,4476195.60787
53,-327851.544356,4476253.93054
53,-327978.692714,4476313.95079
53,-327961.146959,4476322.28661
53,-327833.026245,4476323.20332
53,-328289.882539,4476408.06411
53,-328308.014436,4476415.68813
53,-327839.961787,4476368.91085
53,-328292.08344,4476425.09053
53,-328291.765562,4476426.4074
53,-328289.625941,4476426.96093
53,-328291.569953,4476428.1883
53,-328272.325589,4476431.48171
53,-327815.148265,4476383.48953
53,-328326.843306,4476463.4918
53,-327844.061311,4476424.67061
53,-327867.283152,4476494.01973
53,-327904.58581,4476506.11304
53,-327853.727182,4476541.75835
53,-327891.984206,4476572.76855
53,-328359.339952,4476627.36123
53,-327873.009915,4476582.28805
53,-328490.63563,4476670.06077
53,-328313.699525,4476669.09698
53,-328268.108565,4476671.74913
53,-328449.165098,4476699.06275
53,-328213.873943,4476679.76047
53,-327959.538069,4476695.87481
53,-327981.266892,4476763.88938
53,-327717.239124,4476765.6992
53,-327826.22037,4476795.46158
53,-328091.628184,4477012.94215
53,-328061.145447,4477030.25394
53,-327727.26882,4477066.99314
