134,-323888.905357,4471489.02536
134,-323889.374346,4471554.62659
134,-323890.274703,4471556.22278
134,-323262.434672,4471501.08118
134,-324287.192144,4471632.56817
134,-324152.585825,4471619.3869
134,-324422.799957,4471655.07441
134,-323911.899619,4471602.87892
134,-324420.533853,4471658.58141
134,-324484.644674,4471666.10591
134,-324353.444835,4471654.26147
134,-323033.690824,4471510.99637
134,-322588.359183,4471467.43403
134,-323071.899917,4471520.56644
134,-323938.979804,4471615.4143
134,-323998.074935,4471622.57511
134,-323922.118936,4471614.28812
134,-323292.134951,4471546.26096
134,-323997.027728,4471623.43698
134,-323617.604315,4471582.7958
134,-323628.499633,4471584.51336
134,-323248.464671,4471543.86563
134,-324402.985148,4471670.36918
134,-324197.638194,4471647.95585
134,-323276.835259,4471549.09818
134,-324497.493155,4471682.55618
134,-323401.908051,4471563.85978
134,-323200.098214,4471542.42281
134,-323385.114082,4471564.50658
134,-323731.990661,4471602.5921
134,-324325.948263,4471667.77179
134,-323755.194028,4471607.45439
134,-323318.200249,4471563.10196
134,-324409.183695,4471682.64683
134,-324417.602876,4471687.28273
134,-323027.316599,4471536.093
134,-323535.676896,4471591.84817
134,-323576.856441,4471599.60496
134,-323150.124521,4471553.60695
134,-322730.640015,4471508.27282
134,-322747.693309,4471519.47843
134,-323850.927621,4471659.23199
134,-322875.835221,4471604.42697
134,-324494.050197,4471783.14311
134,-323855.72191,4471810.67783
134,-324471.562475,4471878.0015
134,-322893.784038,4471868.54057
134,-322866.358064,4471955.15664
134,-324180.549148,4472151.78974
134,-322912.73769,4472037.29172
134,-323822.333165,4472154.04526
134,-322916.491778,4472076.78191
134,-322909.09663,4472176.43799
