193,-316475.25689,4472109.05424
193,-316467.667246,4472125.57405
193,-316418.4075,4472120.50733
193,-316349.000016,4472116.0079
193,-316261.956769,4472114.36646
193,-316457.735403,4472145.33121
193,-316412.073025,4472151.09058
193,-316395.365296,4472155.81479
193,-316440.9786,4472164.12514
193,-316398.350016,4472163.45658
193,-316418.386518,4472174.40603
193,-316382.750114,4472172.35422
193,-316404.437044,4472176.05045
193,-316157.837224,4472157.72157
193,-316254.893433,4472170.35331
193,-316438.383013,4472190.53086
193,-316456.424368,4472228.73933
193,-315975.369152,4472177.52145
193,-315981.977529,4472190.18164
193,-316225.884585,4472274.97543
193,-316372.032598,4472303.2785
193,-316200.2541,4472309.36251
193,-314814.712468,4472177.49098
193,-315715.726084,4472314.4211
193,-316232.371351,4472383.20989
193,-314899.923435,4472265.05391
193,-316198.956346,4472411.36353
193,-315726.816094,4472368.09013
193,-315716.342187,4472377.65527
193,-316200.733378,4472576.5018
193,-315703.863235,4472576.50661
193,-313083.681627,4472337.41948
193,-314432.283433,4472536.19659
193,-314856.61667,4472642.18925
193,-316137.782174,4472890.45326
193,-315197.814487,4472829.29906
193,-316123.206987,4472997.23877
193,-316127.54149,4472998.72084
193,-316111.206439,4473024.65393
193,-316453.326051,4473071.78724
193,-315648.034302,4472990.57819
193,-315779.6403,4473008.74078
193,-315659.888985,4473035.5474
193,-315028.046715,4473094.14549
193,-314789.605691,4473131.38739
193,-315646.039843,4473304.73744
193,-315173.507669,4473358.96314
193,-315598.635487,4473442.61186
193,-315517.748268,4473448.22043
193,-315487.083378,4473458.25895
