167,-319430.383216,4480460.10577
167,-319400.690494,4480465.77157
167,-319477.198592,4480475.22306
167,-319425.994882,4480470.21426
167,-319403.366436,4480492.07728
167,-319441.729145,4480508.52699
167,-319426.5688,4480508.67917
167,-319157.776188,4480548.58145
167,-319117.390618,4480700.60077
167,-319111.573248,4480822.16769
167,-319119.073303,4480834.35783
167,-319127.549771,4480870.9793
167,-319281.206922,4481022.2743
167,-319091.549953,4481060.31232
167,-319074.635145,4481063.87774
167,-319146.563365,4481081.16286
167,-319095.507174,4481097.90619
167,-319425.292513,4481136.71987
167,-319094.755274,4481218.54905
167,-319059.413063,4481233.5447
167,-319155.771814,4481272.48667
167,-319248.171743,4481304.38867
167,-319180.705051,4481300.98883
167,-319224.091363,4481312.5795
167,-319240.356208,4481319.75502
167,-319227.431539,4481318.4612
167,-319232.749165,4481322.86882
167,-319256.504299,4481332.77397
167,-319237.290182,4481332.82279
167,-319208.245712,4481335.74355
167,-319227.321802,4481344.91422
167,-319236.557578,4481359.43329
167,-319237.853119,4481360.24997
167,-319246.044006,4481367.6731
167,-319240.095051,4481393.71594
167,-319227.284635,4481396.93919
167,-319216.192049,4481447.98635
167,-319236.792525,4481481.31043
167,-319071.923083,4481765.32894
167,-319028.979542,4482091.03923
167,-319635.434743,4494025.66234
167,-319560.85407,4494089.9285
167,-319095.336546,4505087.51678
167,-319070.946763,4517641.1151
167,-319493.750384,4518781.57412
