136,-324521.482617,4472842.27604
136,-324326.313771,4472821.90864
136,-324321.712241,4472828.34429
136,-324415.299177,4472838.75529
136,-324388.433315,4472836.20441
136,-324425.865235,4472841.96289
136,-324053.418558,4472804.50494
136,-324008.538008,4472802.61332
136,-324111.435523,4472817.96758
136,-324507.064574,4472861.32428
136,-324010.041133,4472807.65428
136,-324023.582528,4472809.32381
136,-324259.442857,4472835.97329
136,-324462.953392,4472859.91945
136,-324503.133628,4472864.87087
136,-324103.851553,4472823.15416
136,-324149.973104,4472831.37653
136,-324027.985028,4472820.50423
136,-324260.973974,4472846.31106
136,-324078.787327,4472827.35615
136,-324165.669861,4472837.03223
136,-324263.805526,4472848.38853
136,-324005.589488,4472824.62606
136,-323925.639907,4472817.55562
136,-323821.475984,4472807.53949
136,-323786.917984,4472803.94861
136,-323872.852875,4472818.17039
136,-324042.656607,4472840.86991
136,-323940.058064,4472832.30693
136,-323671.487566,4472803.17965
136,-323641.463461,4472804.40906
136,-323895.52972,4472851.32466
136,-323486.996731,4472807.2004
136,-323136.953421,4472812.27399
136,-322988.103052,4472813.49122
136,-323026.989028,4472820.44484
136,-324111.233312,4472950.84966
136,-323840.602291,4472930.70349
136,-323105.568244,4472889.56027
136,-324094.521486,4473015.28587
136,-323017.330654,4473023.53858
136,-323063.863635,4473054.89919
136,-323029.575237,4473068.79796
136,-323756.122924,4473164.18955
136,-323010.937131,4473090.04576
136,-323059.339627,4473106.95754
136,-323032.860448,4473143.30952
136,-324380.591682,4473303.3219
136,-323048.184687,4473215.93524
136,-323034.152842,4473232.04258
136,-323053.623422,4473242.8041
