15,-332163.901857,4448600.0366
15,-331921.206082,4448678.48257
15,-331960.443253,4449202.8626
15,-332172.960007,4449265.87265
15,-332474.087967,4449858.3489
15,-332597.035975,4450096.20568
15,-332591.925414,4450103.98226
15,-332581.893763,4450209.90127
15,-332668.241968,4450240.53368
15,-329444.464704,4449996.96885
15,-332893.270153,4450704.85416
15,-333052.985508,4451046.85667
15,-332339.59936,4452508.27305
15,-332837.746892,4453957.34553
15,-332620.463378,4454335.08451
15,-332781.652708,4455053.50606
15,-332786.58276,4455055.28597
15,-332774.328623,4455071.17794
15,-332762.422561,4455071.22396
15,-332777.947451,4455074.61649
15,-332787.598476,4455076.91419
15,-332792.880052,4455096.08131
15,-332739.967603,4455114.38581
15,-332529.691134,4455708.21287
15,-332828.629679,4456120.00534
15,-330823.338887,4455901.74953
15,-330270.501396,4455847.83888
15,-331010.826762,4455930.54124
15,-330217.375724,4455845.21607
15,-329874.9024,4455808.13873
15,-330660.203497,4455903.04548
15,-329807.701219,4455816.38191
15,-329356.194944,4455767.7815
15,-330102.493271,4455857.9856
15,-330179.117215,4455866.74837
15,-332221.360028,4456096.20722
15,-332231.937653,4456108.26042
15,-332405.585129,4456175.92263
15,-332623.069117,4456439.35734
15,-332623.105753,4456519.537
15,-330443.852515,4456508.49596
15,-332667.157434,4456930.66796
15,-332673.854799,4457175.68231
15,-332695.492391,4457393.97035
15,-331421.429698,4457256.314
15,-332729.372378,4457430.74159
15,-329766.205182,4457168.28889
15,-332827.035936,4457660.56419
15,-332827.705286,4457845.5838
15,-332799.460265,4458118.68001
15,-332800.054216,4458177.88929
15,-332781.30572,4458310.45408
