47,-328393.444023,4472019.18578
47,-328466.104495,4472030.72393
47,-328463.996955,4472034.13497
47,-328416.579951,4472031.86197
47,-328390.685536,4472029.58461
47,-328377.412042,4472028.12856
47,-328176.545393,4472011.84208
47,-328196.621165,4472015.80857
47,-328353.170704,4472033.16695
47,-328369.323675,4472037.36823
47,-328235.096906,4472024.5342
47,-328466.871572,4472051.46002
47,-328142.448439,4472017.18955
47,-328174.378212,4472021.06666
47,-328244.619713,4472029.89673
47,-328191.362831,4472024.24356
47,-328289.048572,4472037.02266
47,-328397.968643,4472050.09672
47,-327961.189536,4472005.1993
47,-328381.046199,4472051.61976
47,-328369.220626,4472051.44901
47,-328341.674651,4472048.42741
47,-328019.340646,4472014.95458
47,-328108.768185,4472025.32389
47,-327915.397302,4472007.87618
47,-328217.877177,4472045.09971
47,-328324.733604,4472058.02152
47,-328016.285106,4472025.69632
47,-328013.259341,4472025.36455
47,-327948.470528,4472018.44864
47,-327916.990102,4472017.06238
47,-328324.251758,4472062.46701
47,-328248.784753,4472055.13568
47,-327825.687785,4472009.30594
47,-328113.319537,4472044.40951
47,-328114.155541,4472044.68893
47,-328176.485849,4472053.21411
47,-327795.208759,4472015.91506
47,-327851.197728,4472022.99142
47,-328150.878668,4472057.54005
47,-327819.900805,4472021.25018
47,-327718.269799,4472010.29386
47,-327674.546573,4472005.88079
47,-327678.481851,4472006.87533
47,-327759.936674,4472016.17896
47,-327677.02662,4472008.55568
47,-327636.868213,4472004.3796
47,-328104.983691,4472057.2006
47,-327723.62451,4472015.3903
47,-327824.527144,4472029.11677
47,-327719.040034,4472025.32615
47,-327658.546038,4472060.93713
