113,-324531.922949,4461710.73312
113,-324540.727753,4461760.57094
113,-324601.649635,4461823.40209
113,-324772.69886,4461862.85818
113,-325478.229708,4462141.76051
113,-325116.749587,4462413.68228
113,-325107.314944,4463056.1009
113,-325501.381693,4463104.22815
113,-325245.972452,4463081.66846
113,-324868.130647,4463041.67869
113,-324723.524612,4463031.52659
113,-324633.072952,4463022.83659
113,-324648.615284,4463030.35186
113,-325121.214874,4463771.57006
113,-325155.123459,4463797.90405
113,-325295.771716,4463850.06426
113,-325480.250355,4463941.27986
113,-325204.433636,4463922.47422
113,-325225.93487,4463930.52817
113,-324691.644364,4463875.34982
113,-324573.109946,4463868.63332
113,-324710.73198,4463884.06282
113,-325229.037526,4463947.42292
113,-325488.582177,4463978.30897
113,-324819.658652,4463907.31598
113,-324888.765893,4463917.88633
113,-325098.914004,4463948.89572
113,-325073.104856,4463954.90179
113,-324889.450035,4463951.41149
113,-324921.955662,4464296.58955
113,-325174.368231,4464483.4714
113,-325512.42088,4464528.06929
113,-325535.999536,4464695.19501
113,-324766.536927,4464665.59747
113,-325116.640466,4464801.85589
113,-325102.957267,4464801.74954
113,-325077.420303,4464925.86542
113,-325233.285212,4465150.84956
113,-325229.205087,4465209.52808
113,-325587.808355,4465344.76109
113,-324639.530674,4465736.25518
113,-324656.197295,4465747.00309
113,-324890.067298,4465772.80037
113,-325641.354468,4465979.20359
113,-325645.590282,4466457.66727
113,-325527.987209,4466467.92214
113,-325631.289597,4466484.61378
113,-325633.487998,4466516.98783
113,-325627.690243,4466562.16276
113,-325612.042302,4466610.19347
113,-325633.993253,4466638.12319
113,-325581.549102,4466667.12379
