52,-328247.68928,4473816.05381
52,-328345.352292,4473834.09414
52,-328341.168725,4473837.94938
52,-328150.90711,4473832.54757
52,-328100.14903,4473828.76921
52,-328289.847756,4473851.84994
52,-328300.758793,4473862.96037
52,-327946.426068,4473826.22135
52,-328176.224858,4473854.02508
52,-328315.188641,4473875.26803
52,-327873.658561,4473842.42027
52,-327712.693199,4473852.54734
52,-328325.585475,4473950.95928
52,-328285.408558,4473948.3521
52,-328299.548484,4473961.61931
52,-328299.319358,4473967.97
52,-327974.074826,4473944.60414
52,-328295.005914,4474018.0077
52,-328287.980024,4474070.18087
52,-328312.618926,4474133.03895
52,-328305.236202,4474190.35477
52,-328272.175375,4474213.94167
52,-328291.356753,4474224.68707
52,-328273.164078,4474228.85207
52,-328267.986084,4474250.84703
52,-328295.762045,4474312.66398
52,-328185.332875,4474354.95222
52,-328187.387865,4474358.33188
52,-328282.113276,4474421.22255
52,-327996.050442,4474404.47205
52,-328276.161897,4474462.81215
52,-328301.957695,4474500.11393
52,-328304.372981,4474524.44063
52,-328257.506907,4474530.94392
52,-328292.80961,4474619.75548
52,-328260.600234,4474644.83229
52,-328281.795217,4474663.26755
52,-327980.090701,4474665.18725
52,-327900.485872,4474674.62207
52,-328370.98456,4474729.27025
52,-327704.933689,4474660.48962
52,-328289.214048,4474736.24415
52,-328246.012929,4474793.50303
52,-327662.316114,4474783.63339
52,-327698.221339,4474793.54241
52,-328253.508194,4474918.57633
52,-328235.29796,4474956.37568
52,-328215.427693,4475057.1206
52,-327923.886218,4475039.2018
52,-327911.129527,4475181.57275
52,-327924.711385,4475191.92859
52,-328194.779634,4475280.71261
52,-328196.465853,4475288.03566
