183,-314469.479094,4458452.36756
183,-314610.404929,4458494.52618
183,-314375.29865,4458494.6044
183,-314569.965165,4458517.24753
183,-314205.632038,4458651.83613
183,-315751.582903,4458827.12216
183,-314533.910709,4458703.22782
183,-315020.266967,4458792.45337
183,-315289.377754,4458829.82969
183,-315626.246439,4459301.04108
183,-314790.107537,4459367.99652
183,-315837.762159,4459616.8756
183,-314752.508713,4459543.16022
183,-315824.024251,4459680.92513
183,-315097.529392,4459607.38586
183,-314718.169731,4460097.45126
183,-316192.40312,4460419.59736
183,-315756.379971,4460484.97736
183,-314659.851725,4460445.49428
183,-314743.693313,4460761.19672
183,-314742.220987,4460784.56926
183,-315684.62424,4460971.86714
183,-314596.735266,4461205.20344
183,-313932.859005,4461150.61731
183,-313805.73943,4461141.2513
183,-313569.897242,4461125.49189
183,-313476.086702,4461486.04303
183,-313422.053179,4461713.2883
183,-316173.207733,4462161.56445
183,-314470.204095,4462417.37213
183,-315434.554783,4462524.48904
183,-315466.068784,4462535.42598
183,-315458.258036,4462635.34311
183,-314336.08623,4462704.19947
183,-316475.804956,4462935.16817
183,-314418.673886,4462715.10771
183,-315949.599599,4462974.82927
183,-313951.59182,4462782.49594
183,-315383.908478,4462952.96298
183,-315445.432062,4462966.49384
183,-315436.767559,4462967.77507
183,-313243.825682,4462736.66976
183,-315594.113518,4462998.68268
183,-315104.050193,4462946.13873
183,-313233.004333,4462746.20301
183,-315448.264738,4462989.84267
183,-314944.552427,4462942.48203
183,-313908.100822,4462833.55122
183,-313421.107979,4462783.74452
183,-313860.842525,4462832.45734
183,-315396.335357,4463017.12722
183,-314418.431453,4462980.74369
