94,-326575.705593,4473625.74013
94,-326577.222267,4473626.13151
94,-326524.92542,4473623.44569
94,-326552.922656,4473630.45408
94,-326596.574181,4473636.92419
94,-326530.957298,4473630.07617
94,-326563.064265,4473638.32315
94,-326568.837254,4473639.40594
94,-326565.365374,4473643.4187
94,-326680.861554,4473664.74143
94,-326538.560388,4473652.4231
94,-326549.232733,4473673.64186
94,-326637.158658,4473685.63689
94,-326680.058415,4473711.62476
94,-326507.968485,4473692.9239
94,-326670.898613,4473712.98694
94,-326602.555421,4473707.30384
94,-326544.326256,4473701.03938
94,-326610.029551,4473711.83957
94,-326437.739365,4473693.30984
94,-326489.475224,4473701.90371
94,-326708.441732,4473728.02534
94,-326551.998591,4473712.46781
94,-326756.47094,4473735.15627
94,-326457.935415,4473705.09574
94,-326664.459265,4473729.85363
94,-326488.513196,4473713.06239
94,-326665.21074,4473733.80328
94,-326450.84439,4473711.30294
94,-326641.406627,4473732.2849
94,-326586.419275,4473728.06474
94,-326450.185934,4473716.52493
94,-326639.471902,4473739.42845
94,-326569.617591,4473734.33477
94,-326505.335992,4473731.12483
94,-326508.952526,4473732.64728
94,-326444.918353,4473725.86045
94,-326625.28433,4473746.32635
94,-326688.095784,4473753.73174
94,-326479.090608,4473731.06676
94,-326608.039864,4473745.56407
94,-326509.948339,4473735.68498
94,-326711.611938,4473759.72439
94,-326486.014508,4473735.88002
94,-326445.752175,4473731.6964
94,-326545.821217,4473742.76744
94,-326527.476293,4473742.56067
94,-326645.793881,4473757.88435
94,-326559.215355,4473749.41578
94,-326528.810675,4473746.19865
94,-326564.364133,4473752.79568
94,-326551.024331,4473757.75526
94,-326451.017893,4473750.07015
