197,-298985.615036,4444677.61173
197,-298970.743861,4444946.28969
197,-311317.096786,4447023.17897
197,-310441.536012,4447150.06209
197,-311024.731734,4447573.86943
197,-256717.341256,4443120.06363
197,-311685.669889,4449061.24326
197,-312508.588507,4449187.40133
197,-297671.565407,4448054.64483
197,-270664.162416,4445591.69305
197,-312681.544316,4450398.48668
197,-312815.129831,4450415.24495
197,-312682.291578,4450402.05635
197,-274925.594772,4446642.85478
197,-312410.308478,4450598.01942
197,-312511.001355,4450840.97558
197,-284818.220614,4448059.19411
197,-311591.984442,4451074.02123
197,-309092.728852,4450925.63922
197,-310630.820394,4451194.10464
197,-310608.448553,4451201.17407
197,-308365.019262,4451355.28313
197,-308270.005186,4451398.97963
197,-310004.273215,4451773.87322
197,-310142.553232,4451809.77732
197,-307902.490203,4451906.58754
197,-291537.843806,4450206.83245
197,-307314.31495,4452770.95968
197,-306634.635511,4453431.69624
197,-312137.173449,4454184.21945
197,-306411.963483,4453653.97473
197,-302744.580989,4453683.48651
197,-305900.101995,4454148.43142
197,-305841.761544,4454192.88681
197,-299728.356359,4453743.50898
197,-304883.952139,4455012.93556
197,-312349.97607,4456969.02918
197,-309608.580726,4456703.56977
197,-303138.224916,4456405.05927
197,-303075.320426,4456460.18564
197,-301259.088189,4456478.252
197,-306986.237171,4457538.48369
197,-308483.668375,4457744.11326
197,-308441.69677,4457743.20728
197,-309531.236391,4457903.71341
197,-310665.104881,4458126.37412
197,-299966.376661,4457106.76376
197,-299954.453647,4457141.70719
197,-300055.848993,4457698.93011
197,-300294.186693,4457727.00495
197,-300261.587564,4457728.62862
197,-298870.484364,4457934.83796
