174,-317680.605157,4469148.72281
174,-317766.629874,4469176.94826
174,-317673.472586,4469169.79624
174,-318177.707915,4469233.82793
174,-317738.328336,4469202.26211
174,-318185.633532,4469255.06764
174,-318169.729348,4469284.31238
174,-317334.862123,4469199.78368
174,-317300.297673,4469226.38065
174,-317346.62155,4469255.29616
174,-317423.117349,4469310.48034
174,-317486.97906,4469319.76427
174,-317632.317486,4469410.81969
174,-317502.477697,4469421.91676
174,-317514.115959,4469456.58523
174,-317317.614994,4469467.64654
174,-317603.250104,4469516.90032
174,-317625.503673,4469556.839
174,-317597.003815,4469554.68993
174,-317676.327886,4469588.98057
174,-317714.405655,4469601.10722
174,-317683.468361,4469605.70925
174,-318436.428358,4469717.33725
174,-317744.493169,4469739.74744
174,-317889.415624,4469811.81423
174,-317872.975646,4469826.81284
174,-318013.908875,4469925.6226
174,-318008.27203,4469956.87969
174,-318677.237611,4470066.72184
174,-318073.584719,4470049.86935
174,-318765.647131,4470134.40817
174,-318165.025078,4470083.19295
174,-318937.022311,4470206.53921
174,-318913.42473,4470217.68589
174,-318300.96627,4470153.94848
174,-317885.931989,4470116.93474
174,-319002.502818,4470244.64897
174,-318654.575194,4470211.89548
174,-318885.42513,4470246.82338
174,-318768.883251,4470234.8679
174,-318693.900629,4470227.19247
174,-318711.309174,4470231.81535
174,-318420.701204,4470206.94055
174,-318707.175992,4470245.40971
174,-318426.708224,4470215.02148
174,-318489.349099,4470227.84337
174,-318606.639665,4470252.87065
174,-318350.834679,4470230.85539
174,-318779.761603,4470277.59945
174,-318890.00678,4470381.21224
174,-317363.219838,4470356.63555
174,-317185.791518,4470349.14178
