93,-326747.660398,4472966.54227
93,-326728.685387,4472971.04247
93,-326502.180591,4472965.00669
93,-326572.498698,4472980.96214
93,-326452.914252,4472969.18743
93,-326657.488948,4473009.23705
93,-326583.249944,4473018.56717
93,-326593.265599,4473020.79024
93,-326571.080191,4473018.92426
93,-326554.082046,4473017.24332
93,-326501.317189,4473013.7303
93,-326602.333398,4473026.28875
93,-326455.374384,4473036.0719
93,-326497.159461,4473168.83086
93,-326438.903053,4473165.70796
93,-326477.945178,4473231.15718
93,-326585.006041,4473518.13562
93,-326512.204264,4473542.07801
93,-326449.176841,4473539.0063
93,-326528.391032,4473569.64518
93,-326530.238868,4473572.5509
93,-326553.701055,4473585.3705
93,-326543.317612,4473585.24717
93,-326557.506111,4473589.39169
93,-326543.380597,4473590.21025
93,-326554.915329,4473594.85263
93,-326553.814821,4473595.40796
93,-326562.266558,4473597.34729
93,-326558.695421,4473597.51941
93,-326536.619391,4473595.7777
93,-326557.399595,4473599.0671
93,-326557.583303,4473599.76307
93,-326578.864998,4473603.2201
93,-326532.890385,4473598.97383
93,-326571.845197,4473604.0283
93,-326549.317019,4473603.25079
93,-326551.726698,4473604.19052
93,-326545.623705,4473603.74746
93,-326548.632975,4473605.54133
93,-326554.161335,4473606.48467
93,-326567.272798,4473608.59638
93,-326549.698074,4473608.47398
93,-326575.05237,4473611.92644
93,-326555.324525,4473610.10391
93,-326549.136211,4473610.43998
93,-326568.559604,4473615.83366
93,-326569.56317,4473617.74581
93,-326566.407923,4473618.07611
93,-326561.981518,4473620.52001
93,-326547.488352,4473619.15812
93,-326542.083634,4473621.83282
