17,-332978.574385,4461414.41355
17,-332333.282314,4461392.70373
17,-332364.964227,4461401.9968
17,-331210.006208,4461457.6276
17,-331557.818864,4461498.62499
17,-331129.398155,4461480.15534
17,-331123.276278,4461481.63361
17,-331035.811138,4461585.21104
17,-330851.60607,4461608.49283
17,-330794.779376,4461621.5248
17,-330098.324963,4461565.65961
17,-330670.073788,4461669.24591
17,-330070.900288,4461705.33435
17,-330059.728274,4461720.4104
17,-330315.913145,4461817.8725
17,-330124.853351,4461819.09014
17,-330246.043489,4461836.23724
17,-330119.002871,4461896.65634
17,-330210.137648,4461922.97224
17,-329981.778265,4461898.33496
17,-333135.361166,4462326.57876
17,-329489.406701,4462164.85191
17,-333141.552996,4462723.77549
17,-330031.014743,4462448.19372
17,-333106.274592,4462808.03984
17,-330007.285831,4462509.05151
17,-333109.783256,4462905.53817
17,-329962.927585,4462777.22959
17,-333073.104867,4463221.15226
17,-329948.867312,4462887.41472
17,-333082.399651,4463400.93164
17,-331366.686202,4463215.20161
17,-330145.346309,4463309.11199
17,-329597.340114,4463251.71684
17,-329513.856077,4463249.71347
17,-330165.399164,4463329.36778
17,-332566.992674,4463601.67277
17,-332551.461908,4463602.20709
17,-330734.107785,4463406.1201
17,-333046.416514,4463660.96839
17,-329951.691823,4463322.4684
17,-330245.640348,4463370.46107
17,-330004.479083,4463449.13244
17,-329833.575786,4463431.73486
17,-333018.595457,4463823.14555
17,-331210.73907,4463629.35068
17,-329897.072811,4463554.34855
17,-332950.16993,4463912.3924
17,-329916.747497,4463631.00994
17,-332975.544255,4463996.21987
17,-332568.800533,4463983.44373
17,-329893.977174,4463916.32864
