72,-326943.252059,4471930.83397
72,-326906.412362,4471926.98394
72,-326974.192314,4471935.90422
72,-326878.548267,4471926.92914
72,-326888.964343,4471929.38756
72,-326915.368281,4471933.59665
72,-326829.160568,4471924.15736
72,-326960.058663,4471939.61682
72,-326885.085048,4471931.78632
72,-326839.381005,4471926.81957
72,-326852.935864,4471928.86691
72,-326935.280106,4471940.58681
72,-326785.580185,4471925.09679
72,-326912.979036,4471939.2712
72,-326835.807078,4471932.02274
72,-326848.717696,4471934.14973
72,-326816.544067,4471931.19025
72,-326983.087372,4471949.64055
72,-326781.447374,4471929.60049
72,-326881.186403,4471940.74616
72,-326848.901455,4471937.77435
72,-326991.31218,4471954.38232
72,-326825.806666,4471936.82266
72,-326931.613502,4471948.74601
72,-326976.840469,4471953.84884
72,-326785.302217,4471933.17646
72,-326901.972326,4471946.40139
72,-326820.463706,4471937.65693
72,-326857.393998,4471941.9708
72,-326956.509199,4471953.27447
72,-326815.152498,4471938.35952
72,-326770.060403,4471933.87319
72,-326997.903569,4471959.34697
72,-326775.761968,4471936.4123
72,-326828.047515,4471942.23821
72,-326860.319346,4471946.12089
72,-326887.812688,4471949.16508
72,-326904.284035,4471951.72336
72,-326876.846981,4471948.71906
72,-326929.37725,4471954.65884
72,-326839.528039,4471948.19232
72,-326964.102967,4471964.64925
72,-326835.922876,4471950.80509
72,-326949.345028,4471964.09197
72,-326938.849905,4471965.75873
72,-326876.229256,4471963.85792
72,-326960.639809,4471973.852
72,-326860.305797,4471962.86532
72,-326823.655358,4471970.48065
72,-326956.840137,4471985.86397
72,-326796.669077,4471968.66364
72,-326824.816083,4471977.00196
72,-326806.364839,4471976.67136
