189,-314308.828833,4468888.71214
189,-316488.188164,4469152.73948
189,-313218.45911,4468829.29256
189,-313511.439224,4468870.61816
189,-313244.658232,4468886.9414
189,-313274.814392,4468894.12697
189,-314417.558968,4469035.08725
189,-313276.394634,4468916.47665
189,-313308.906875,4468932.35996
189,-313329.716288,4468960.38187
189,-316366.370056,4469288.38921
189,-316288.173552,4469345.00249
189,-316203.469032,4469346.05463
189,-313411.604281,4469055.2119
189,-314545.406569,4469212.56307
189,-314608.182105,4469247.15125
189,-313514.637178,4469133.06702
189,-313344.50797,4469117.56937
189,-313511.317948,4469158.26718
189,-314014.89194,4469215.75893
189,-314652.792822,4469288.215
189,-314713.899576,4469326.62145
189,-315321.813445,4469429.04952
189,-315337.385429,4469441.91174
189,-314702.052869,4469377.51965
189,-315373.694618,4469482.79454
189,-313648.82285,4469304.57423
189,-313654.427231,4469305.62803
189,-313678.650854,4469403.85792
189,-315947.387017,4469674.403
189,-314924.424867,4469582.39036
189,-315870.790429,4469746.66383
189,-315035.249195,4469700.78992
189,-313679.437642,4469585.85238
189,-315802.230317,4469820.0532
189,-315655.543516,4469829.42847
189,-313689.422465,4469621.04206
189,-313646.036801,4469673.18233
189,-315234.036502,4469849.80533
189,-315184.675314,4469849.53498
189,-315717.824331,4469942.4701
189,-315613.668883,4469964.52761
189,-313654.150626,4469788.49138
189,-315310.475153,4469991.09593
189,-315376.463409,4470073.70133
189,-315405.455665,4470082.52638
189,-315371.963919,4470099.3379
189,-315426.588612,4470106.13427
189,-315402.265898,4470114.76866
189,-313510.665748,4469951.2683
189,-313594.493126,4469984.50162
189,-313574.444897,4469996.11228
189,-313619.59668,4470115.78157
