120,-325577.935137,4472890.95347
120,-325565.190234,4472890.23553
120,-325304.453163,4472865.89419
120,-325548.661207,4472903.52123
120,-325217.738361,4472867.86607
120,-325369.031502,4472885.52442
120,-325194.793967,4472866.47688
120,-325551.091357,4472905.62295
120,-325504.369426,4472905.01923
120,-325240.72578,4472878.18824
120,-325505.434152,4472908.51474
120,-325481.050843,4472906.15258
120,-325283.195243,4472885.98466
120,-325429.178772,4472903.5219
120,-325267.141338,4472886.21204
120,-325293.387985,4472891.89719
120,-325276.040049,4472892.0732
120,-325267.312046,4472893.92368
120,-325458.51557,4472915.01963
120,-325115.075521,4472881.04502
120,-325223.932816,4472897.06611
120,-325030.595703,4472878.37862
120,-325287.353967,4472908.17788
120,-325273.230338,4472908.62008
120,-325213.39827,4472904.17397
120,-325165.665866,4472899.04327
120,-325110.526629,4472893.01648
120,-325251.12038,4472910.08954
120,-325013.688338,4472886.74152
120,-324936.32955,4472878.37193
120,-325159.35798,4472904.43606
120,-324993.563388,4472889.8075
120,-325023.173002,4472894.84551
120,-325122.083608,4472908.08863
120,-324839.953378,4472879.44237
120,-324966.7024,4472893.55131
120,-324869.640522,4472885.27667
120,-324978.732887,4472898.42523
120,-324872.673256,4472888.52525
120,-324634.552101,4472864.51128
120,-325044.615246,4472912.61977
120,-324750.911618,4472883.48909
120,-324804.528406,4472890.43946
120,-324867.899923,4472898.82777
120,-324974.482962,4472910.91371
120,-324991.48846,4472915.21625
120,-324931.506531,4472911.67259
120,-324830.439024,4472900.70424
120,-324717.284397,4472893.89451
120,-324681.440644,4472890.17028
120,-324671.541657,4472891.88502
120,-324803.487009,4472907.10805
