115,-325387.449408,4468353.83114
115,-325408.225802,4468385.94718
115,-325439.277926,4468500.05587
115,-325422.124007,4468862.77651
115,-325389.218825,4468876.25858
115,-325391.356949,4468902.96086
115,-325376.48089,4468947.89902
115,-325429.927706,4468990.56647
115,-324873.305811,4469048.21135
115,-325369.332995,4469119.25581
115,-325408.909689,4469133.89492
115,-325572.979434,4469162.14268
115,-324853.387898,4469135.88362
115,-325392.500372,4469255.67595
115,-325388.686891,4469270.57471
115,-324883.244373,4469294.64848
115,-325366.032951,4469496.02567
115,-324848.164378,4469523.4037
115,-325164.625656,4469635.1044
115,-324719.341826,4469594.53091
115,-324961.158555,4469625.09212
115,-325274.739064,4469685.34886
115,-324697.353216,4469669.73402
115,-324676.129398,4469737.13641
115,-324758.33743,4469752.17914
115,-324579.88815,4469739.8119
115,-324549.387315,4469772.30024
115,-324794.144693,4469938.93323
115,-325283.251651,4470058.98229
115,-324827.633739,4470022.55724
115,-324796.437954,4470054.25921
115,-324646.709193,4470121.07215
115,-325439.314188,4470211.19029
115,-324647.859589,4470127.7641
115,-324734.673529,4470138.36587
115,-324548.07041,4470127.5736
115,-325430.8917,4470309.38822
115,-325299.060351,4470390.90571
115,-324762.679917,4470384.70713
115,-324886.680485,4470422.46058
115,-325435.776047,4470497.11998
115,-325381.828124,4470659.38879
115,-324793.593953,4470646.84235
115,-324756.867105,4470656.26965
115,-324959.053014,4470690.92682
115,-324828.040634,4470677.74759
115,-325055.413509,4470710.64098
115,-324579.341036,4470663.66305
115,-324645.917174,4470672.31553
115,-324928.894997,4470704.64109
115,-324884.116759,4470702.00419
115,-324528.29631,4470689.06517
