145,-320758.858217,4470209.46138
145,-320762.656656,4470223.95106
145,-320753.129395,4470232.44339
145,-320763.07058,4470251.24915
145,-320046.41305,4470179.915
145,-319859.312304,4470171.25354
145,-319841.844633,4470189.29049
145,-320059.161009,4470214.14804
145,-320039.878726,4470221.43581
145,-319986.534977,4470240.61238
145,-320872.834147,4470346.39804
145,-320594.6003,4470319.77565
145,-320004.56708,4470264.72055
145,-320974.803427,4470370.83453
145,-319970.543731,4470266.83865
145,-320522.320404,4470347.01613
145,-320368.865436,4470330.54266
145,-320422.633775,4470336.75307
145,-320032.09614,4470298.48581
145,-320581.46306,4470358.31601
145,-320287.059866,4470327.0993
145,-320563.053081,4470357.56644
145,-320606.62017,4470362.5238
145,-320215.004927,4470321.71988
145,-320541.60494,4470360.93524
145,-320114.649848,4470316.26452
145,-320538.1186,4470363.75486
145,-320116.628962,4470317.98839
145,-320184.045433,4470327.22148
145,-320299.73395,4470339.89454
145,-319877.772632,4470295.77957
145,-319840.763854,4470291.876
145,-320065.084994,4470316.5149
145,-320225.022148,4470334.48552
145,-319890.072013,4470299.01749
145,-320332.37424,4470350.03788
145,-320010.773244,4470315.31567
145,-319920.755881,4470310.42185
145,-319919.762669,4470310.47172
145,-319985.903402,4470319.00151
145,-320315.235787,4470360.72221
145,-319926.905819,4470318.90464
145,-319865.626854,4470314.28135
145,-320205.49827,4470352.29856
145,-319967.247818,4470327.22451
145,-319981.361851,4470334.49967
145,-319898.612485,4470328.10885
145,-320182.053969,4470361.54886
145,-319872.526077,4470340.93103
145,-320007.59892,4470360.20794
145,-320013.174105,4470367.11943
145,-319850.238108,4470354.76233
