78,-326991.745814,4473625.39022
78,-326840.932822,4473638.23291
78,-326823.210639,4473636.29147
78,-326761.728653,4473633.61159
78,-326818.472585,4473658.18809
78,-326893.177421,4473667.49864
78,-326832.057416,4473679.23087
78,-326859.158167,4473683.03337
78,-326763.182599,4473701.80621
78,-326863.548897,4473721.24937
78,-326811.949384,4473718.52519
78,-326977.795147,4473737.37116
78,-326863.379193,4473725.96173
78,-326841.28001,4473727.59576
78,-326848.319977,4473732.45591
78,-326867.396398,4473743.86131
78,-326981.497919,4473763.75218
78,-326937.896872,4473764.65197
78,-326825.80569,4473754.96205
78,-326840.867594,4473756.98384
78,-326874.16513,4473761.16122
78,-326856.846903,4473759.48916
78,-326861.681872,4473764.70476
78,-326861.889665,4473771.98166
78,-326806.963015,4473766.4148
78,-326807.012305,4473767.54661
78,-326827.905941,4473771.14219
78,-326888.018538,4473789.71305
78,-326765.861364,4473779.93484
78,-326934.226998,4473801.3091
78,-326993.044842,4473814.06186
78,-326852.238963,4473806.29386
78,-326831.755215,4473810.58296
78,-326772.231758,4473809.01833
78,-326781.566091,4473817.92579
78,-326792.893097,4473824.4608
78,-326820.52501,4473838.75211
78,-326783.261171,4473840.4145
78,-326864.409427,4473850.20584
78,-326879.881063,4473852.91471
78,-326859.580065,4473854.74561
78,-326862.763136,4473865.23211
78,-326838.241813,4473863.67199
78,-326773.179663,4473865.21761
78,-326826.578499,4473876.02384
78,-326825.958351,4473887.22007
78,-326786.391372,4473906.26972
78,-326761.942134,4473907.69144
78,-326885.467192,4473922.12568
78,-326811.315669,4473914.11421
78,-326840.858235,4473919.18689
78,-326837.63382,4473926.15909
78,-326794.615366,4473931.32104
