98,-325954.368161,4442531.8923
98,-326282.831319,4457718.06896
98,-325959.332472,4458064.65098
98,-326139.583003,4458200.59404
98,-325734.444839,4459322.05764
98,-325787.633233,4459423.40499
98,-325692.317734,4459591.95733
98,-326219.5934,4459658.18786
98,-326395.814795,4459682.23826
98,-326259.007482,4459667.32657
98,-325978.820454,4459638.88957
98,-325690.63582,4459663.18085
98,-325985.891427,4459820.92678
98,-325750.51543,4460709.50328
98,-325981.204439,4461451.64465
98,-325783.675257,4461999.68597
98,-325865.104869,4462024.02708
98,-326235.85982,4463009.07205
98,-326181.314176,4463043.84925
98,-326215.013683,4463058.0457
98,-325721.970394,4463098.12621
98,-325932.88351,4463199.21431
98,-325903.660243,4463248.89639
98,-326169.517288,4463362.93504
98,-325903.705918,4463413.11864
98,-326254.443115,4463490.72537
98,-326218.128301,4463793.54197
98,-325859.492214,4463781.96373
98,-325865.482395,4463846.25422
98,-325859.666396,4463862.5146
98,-326299.42551,4464000.60439
98,-326092.721448,4464008.72794
98,-325669.559103,4463969.80777
98,-326169.442411,4464029.8275
98,-325859.231976,4464007.00793
98,-326174.57953,4464051.11264
98,-326177.023557,4464143.17555
98,-325818.19294,4464210.90042
98,-325803.291865,4464322.28988
98,-325749.17163,4464343.15867
98,-326081.977139,4464390.17009
98,-326122.371807,4464419.01988
98,-326107.536968,4464453.21827
98,-326128.14242,4464465.49145
98,-325757.020287,4464717.40326
98,-326086.515003,4464766.63529
98,-325781.566791,4464745.07234
98,-325747.200218,4464787.38948
98,-326050.743385,4464828.95954
98,-325703.38081,4464909.99573
98,-326021.887989,4464946.32787
98,-325752.192062,4464934.01804
98,-325702.288574,4465209.36537
