77,-326941.568957,4472957.63772
77,-326870.572446,4472951.85113
77,-326902.184634,4472969.20613
77,-326855.597826,4472964.65533
77,-326864.246311,4472967.41612
77,-326841.594938,4472969.8801
77,-326942.655085,4472985.69181
77,-326765.697796,4472966.64781
77,-326861.279577,4472982.63567
77,-326997.906499,4473001.08231
77,-326938.863309,4472999.50309
77,-326844.281648,4472992.26331
77,-326780.287152,4472986.44839
77,-326971.731736,4473026.37538
77,-326918.854592,4473024.98737
77,-326868.264738,4473020.12183
77,-326874.288064,4473022.08822
77,-326968.172576,4473033.87041
77,-326760.973197,4473020.31066
77,-326888.683683,4473034.63631
77,-326767.797798,4473022.63506
77,-326897.197607,4473037.59643
77,-326852.250054,4473042.92352
77,-326833.650006,4473042.41819
77,-326863.994033,4473048.82816
77,-326881.930709,4473065.43621
77,-326896.513973,4473076.27022
77,-326894.721114,4473076.89611
77,-326886.498536,4473081.48107
77,-326885.76563,4473084.21683
77,-326891.29751,4473097.55126
77,-326839.815698,4473124.80348
77,-326863.333451,4473187.75526
77,-326869.586964,4473197.90214
77,-326873.201175,4473215.53218
77,-326883.280952,4473220.01557
77,-326825.549475,4473214.70559
77,-326889.692907,4473228.71549
77,-326910.474084,4473267.60047
77,-326900.270417,4473294.30518
77,-326879.673759,4473294.07648
77,-326873.978351,4473342.11373
77,-326851.562443,4473350.58445
77,-326847.718264,4473375.39504
77,-326833.844718,4473375.48985
77,-326874.823474,4473381.85614
77,-326849.715608,4473386.42742
77,-326844.169118,4473404.63097
77,-326860.760223,4473496.78695
77,-326828.348981,4473604.4136
77,-326865.070885,4473612.45403
