75,-326927.081487,4472476.86308
75,-326928.67093,4472484.74182
75,-326962.638039,4472497.89011
75,-326871.256502,4472507.81944
75,-326776.774222,4472500.9647
75,-326851.225474,4472510.05632
75,-326955.882771,4472522.3819
75,-326894.232285,4472518.78375
75,-326897.580212,4472528.64606
75,-326876.646305,4472528.23454
75,-326937.809057,4472536.2848
75,-326923.512172,4472535.80031
75,-326872.855825,4472531.98714
75,-326773.518715,4472527.52934
75,-326834.436671,4472535.43932
75,-326873.300328,4472542.962
75,-326949.350149,4472553.54391
75,-326835.981279,4472544.28182
75,-326757.659244,4472540.99918
75,-326890.540171,4472556.4521
75,-326872.461314,4472556.16176
75,-326811.545311,4472552.98257
75,-326881.479476,4472564.809
75,-326760.404251,4472553.91552
75,-326864.820027,4472565.80054
75,-326803.572578,4472559.3185
75,-326911.414315,4472573.94482
75,-326838.534741,4472568.44133
75,-326857.374986,4472576.8125
75,-326853.990674,4472587.14276
75,-326819.764787,4472583.95779
75,-326908.009059,4472593.95993
75,-326861.735109,4472591.59541
75,-326854.457165,4472591.58685
75,-326871.399591,4472595.13194
75,-326877.027438,4472598.33904
75,-326850.385459,4472595.53394
75,-326947.229146,4472606.9289
75,-326850.116689,4472596.40563
75,-326900.808646,4472605.11129
75,-326854.998878,4472600.88274
75,-326820.175477,4472602.36323
75,-326851.930608,4472605.95349
75,-326889.951586,4472618.00236
75,-326823.836934,4472613.23981
75,-326912.081159,4472624.03057
75,-326925.402839,4472627.40453
75,-326838.664228,4472619.48187
75,-326889.159799,4472626.81429
75,-326872.354192,4472629.14146
75,-326805.774666,4472623.87756
75,-326841.114393,4472629.54997
