104,-326415.324994,4471886.18377
104,-326426.299266,4471889.37468
104,-326422.25123,4471891.52238
104,-326286.188963,4471881.06041
104,-326357.190539,4471892.20864
104,-326434.093188,4471903.44017
104,-326426.333224,4471912.34548
104,-326266.481464,4471894.8537
104,-326430.399643,4471920.79913
104,-326418.612255,4471920.89462
104,-326073.359091,4471883.64925
104,-326393.832799,4471921.56209
104,-326432.330614,4471927.46466
104,-326193.194749,4471917.82219
104,-326072.943439,4471908.04614
104,-326081.874006,4471909.58624
104,-326050.254798,4471913.44891
104,-326122.126606,4471924.23965
104,-325967.303959,4471909.66961
104,-326399.594536,4471966.31326
104,-326147.616914,4471943.92393
104,-325709.375051,4471918.74556
104,-325836.307017,4471933.97729
104,-325875.918171,4471938.64715
104,-326389.910989,4472002.53703
104,-326117.391235,4471994.45816
104,-326387.119071,4472025.19856
104,-325980.051928,4471983.26443
104,-325991.957199,4471989.29741
104,-326194.745669,4472036.71244
104,-325940.4327,4472009.5683
104,-326161.669092,4472036.47276
104,-325951.582718,4472021.71366
104,-325905.123522,4472020.2366
104,-325959.208417,4472031.22081
104,-325986.014652,4472041.24904
104,-325901.73343,4472040.14048
104,-325889.076796,4472047.31663
104,-326423.56763,4472119.68536
104,-326383.973444,4472124.10046
104,-326268.959013,4472111.62709
104,-325858.925456,4472072.6288
104,-325951.922323,4472086.74248
104,-325961.439899,4472088.45934
104,-325734.033481,4472070.4597
104,-325971.256172,4472100.12097
104,-325918.400723,4472100.08418
104,-325911.869292,4472101.172
104,-326045.287772,4472128.38125
104,-325905.209312,4472113.73474
104,-325885.535652,4472128.81643
104,-325797.230628,4472126.4802
