169,-317102.298582,4460465.47644
169,-317678.130087,4460585.801
169,-317173.26295,4460548.11962
169,-317157.280405,4460575.67136
169,-318708.743393,4460839.06817
169,-318755.979563,4460851.49109
169,-318742.872286,4460868.42915
169,-318696.527538,4460903.95881
169,-317129.652518,4460794.86257
169,-318495.426638,4460987.77567
169,-317112.405124,4460871.72476
169,-317067.672228,4460903.78018
169,-317048.020651,4461045.12806
169,-317044.148657,4461049.66479
169,-317102.852245,4461087.63497
169,-317162.681642,4461176.28331
169,-317040.132227,4461167.34561
169,-317129.399038,4461216.2688
169,-317071.441143,4461283.9944
169,-317132.522709,4461307.13379
169,-317146.15495,4461319.86381
169,-317094.273139,4461315.16899
169,-317178.899991,4461325.87278
169,-317163.520274,4461326.12809
169,-317072.766552,4461336.04452
169,-316976.777152,4461460.4711
169,-317989.10588,4461595.93305
169,-317112.566966,4461529.9506
169,-317115.450533,4461561.11326
169,-317112.071514,4461612.54353
169,-316857.803999,4461656.50816
169,-317004.754675,4461802.92271
169,-316967.727955,4461941.17292
169,-316923.847693,4461964.93861
169,-316987.774666,4462118.43471
169,-316967.730768,4462135.41424
169,-318763.940887,4462345.24896
169,-316962.708013,4462162.68394
169,-316904.065649,4462181.64817
169,-317950.379462,4462416.37141
169,-316906.105073,4462357.00128
169,-318163.747357,4462516.55017
169,-317646.728396,4462749.04893
169,-317060.43048,4462840.47831
169,-316856.819992,4462847.43826
169,-316787.598333,4462876.0138
169,-316905.610496,4462917.90654
169,-316932.513615,4462961.11874
169,-317230.556658,4462998.12071
169,-316807.167306,4462961.1552
169,-316833.280485,4463071.03884
169,-316699.185783,4463101.57936
