151,-322152.18398,4473716.69283
151,-321669.523162,4473737.41117
151,-321719.623096,4473752.21364
151,-321823.389144,4473764.97682
151,-321714.644387,4473762.69724
151,-321618.226178,4473806.26921
151,-320722.360483,4473720.72652
151,-321744.437368,4473848.35433
151,-322148.917984,4473938.76876
151,-319920.800006,4473703.2966
151,-322113.54789,4473966.63023
151,-321532.68323,4473910.70404
151,-321761.798668,4473943.19569
151,-322149.049642,4473993.21416
151,-322140.678506,4473998.49646
151,-320948.980379,4473886.03637
151,-322270.171788,4474032.1345
151,-321487.369582,4473989.86164
151,-321676.195343,4474020.59329
151,-322133.715046,4474170.77295
151,-322229.882601,4474183.27843
151,-322227.109826,4474186.46765
151,-321582.453312,4474138.55005
151,-322242.014589,4474213.43221
151,-322214.053311,4474216.4671
151,-322207.694668,4474215.99949
151,-322228.230713,4474223.08002
151,-322193.428697,4474219.73837
151,-322197.369813,4474224.10964
151,-322229.971879,4474228.56309
151,-322233.094765,4474234.08409
151,-322231.272915,4474234.11082
151,-322240.371437,4474235.66538
151,-322240.056798,4474239.3477
151,-322185.342874,4474243.0715
151,-322233.079186,4474271.58627
151,-321259.592059,4474219.40352
151,-320462.412626,4474149.46224
151,-320513.39687,4474159.2855
151,-320312.175519,4474177.1501
151,-322340.948787,4474418.07435
151,-320285.508882,4474196.11004
151,-320305.879578,4474229.40682
151,-320911.751611,4474360.39237
151,-320910.44756,4474422.52893
151,-320296.011731,4474397.44701
151,-321206.486243,4474504.4095
151,-320661.392591,4474447.49935
151,-320619.26011,4474467.30988
151,-320277.952883,4474432.91003
151,-320175.757081,4474454.75183
151,-320264.955,4474570.30846
