29,-329148.534305,4464415.45419
29,-328818.090541,4464894.83873
29,-328889.431517,4465543.9363
29,-328728.238214,4465609.18757
29,-328923.617963,4465656.27067
29,-328863.621035,4465790.72972
29,-329251.263011,4465991.84248
29,-328859.026319,4466101.86952
29,-328779.67839,4466209.3589
29,-328935.760511,4467163.89481
29,-329021.089697,4467182.37161
29,-328676.623775,4467150.81795
29,-329240.085958,4467220.12208
29,-329008.282735,4467198.49558
29,-329025.809909,4467202.60208
29,-328972.451379,4467204.41347
29,-328557.395437,4467927.46185
29,-329186.230859,4467998.35374
29,-329006.135413,4468083.70583
29,-329251.132572,4468184.58087
29,-328920.271359,4468151.11699
29,-328955.097794,4468593.23188
29,-329305.500114,4468974.30428
29,-328637.2231,4468909.27443
29,-329330.090258,4469043.83644
29,-329312.997742,4469115.30653
29,-329328.969178,4469122.56738
29,-329320.936432,4469140.46455
29,-329302.762162,4469142.00769
29,-329305.234135,4469254.81472
29,-328569.214728,4469235.37435
29,-328521.351715,4469232.26788
29,-328567.850993,4469244.12386
29,-329249.536054,4469319.65902
29,-328562.132539,4469246.20048
29,-328546.678859,4469254.30659
29,-328567.672192,4469258.93593
29,-328569.612616,4469267.59708
29,-329323.51608,4469351.4004
29,-328554.500525,4469272.32369
29,-328618.834378,4469298.37601
29,-328656.007227,4469320.70008
29,-328631.839027,4469324.73404
29,-329303.580495,4469406.66375
29,-328646.282477,4469495.58701
29,-328965.769859,4469555.51825
29,-329304.229471,4469607.44106
29,-329314.600082,4469651.19408
29,-328962.986018,4469628.32105
29,-329315.897084,4469872.25581
29,-329283.59496,4469919.27524
29,-329293.191444,4470066.20869
