36,-329275.37487,4472637.89208
36,-328774.433204,4472625.58222
36,-328771.232787,4472628.94832
36,-328672.585031,4472626.56923
36,-328913.113848,4472657.47829
36,-328677.716352,4472633.5083
36,-328592.331819,4472628.46302
36,-328581.594821,4472635.54178
36,-329233.617597,4472715.08991
36,-329267.770729,4472727.9545
36,-329056.840921,4472704.78973
36,-328649.910944,4472661.02921
36,-328554.417429,4472668.61029
36,-329124.895767,4472735.25485
36,-329150.878599,4472746.44437
36,-328763.739933,4472704.0509
36,-328932.611672,4472724.57992
36,-328732.647422,4472722.04114
36,-328572.934796,4472705.18772
36,-328744.537687,4472724.77318
36,-329268.869131,4472786.28163
36,-329283.446871,4472811.35921
36,-329282.375862,4472821.18862
36,-328512.504282,4472739.67239
36,-328766.239535,4472775.77822
36,-328882.245837,4472792.63637
36,-328700.814554,4472782.30595
36,-328588.067965,4472771.28307
36,-328641.255206,4472780.16199
36,-328698.582074,4472790.88127
36,-328806.848079,4472813.4336
36,-329058.383705,4472863.53528
36,-328593.568485,4472827.76009
36,-328663.085905,4472841.02247
36,-329063.809308,4472886.10702
36,-328587.502805,4472838.02122
36,-329280.381473,4472924.78831
36,-328692.45822,4472862.38284
36,-329298.671862,4472937.12751
36,-329091.836453,4472938.43821
36,-328715.658423,4472906.33901
36,-328956.61393,4472933.54742
36,-329277.560727,4472998.27588
36,-329176.67011,4473006.34457
36,-329322.320667,4473052.30852
36,-329267.953849,4473055.04416
36,-328549.048505,4473032.061
36,-328559.474565,4473052.9581
36,-328541.556337,4473053.57068
36,-328593.601677,4473067.47858
36,-328517.1293,4473073.39164
36,-328520.872314,4473074.02773
