153,-321961.856724,4476572.56246
153,-322090.88436,4476629.9786
153,-322099.776463,4476646.34398
153,-321619.337926,4476649.16126
153,-321402.217805,4476636.58687
153,-321402.9973,4476642.67832
153,-322123.534594,4476723.31216
153,-322096.368877,4476766.30116
153,-322052.727174,4476785.3742
153,-319926.363423,4476585.75374
153,-319956.876037,4476590.19809
153,-319939.583776,4476604.30916
153,-319912.968925,4476712.90549
153,-319924.076999,4476745.30835
153,-319907.573979,4476797.86252
153,-319890.718494,4476810.82733
153,-319886.954666,4476857.37921
153,-319862.385211,4476854.81994
153,-319842.090328,4476865.25981
153,-320491.805055,4476966.53981
153,-321009.226254,4477556.50418
153,-319838.400207,4479747.83142
153,-319832.404754,4479790.98737
153,-319892.00016,4479921.69252
153,-319903.259009,4479942.28854
153,-319867.079052,4479951.07601
153,-320250.207219,4480278.50836
153,-320557.561615,4480501.30724
153,-320833.359939,4480680.81475
153,-320947.676717,4480770.53639
153,-321183.630337,4480947.06864
153,-321342.655482,4481043.36393
153,-321324.798228,4481065.85555
153,-321452.509824,4481125.51388
153,-321781.184552,4481359.37836
153,-321911.080338,4481448.11747
153,-322057.31658,4481555.98856
153,-322123.579095,4481585.52495
153,-322354.813506,4481754.15796
153,-321598.234413,4485404.68942
153,-322000.26816,4494592.86266
153,-321820.10326,4494601.07815
153,-320962.56267,4505924.34777
153,-320859.087707,4511384.9989
153,-319837.297379,4519077.75801
