196,-275727.675753,4373531.84103
196,-275506.55902,4373541.96289
196,-264789.710334,4382343.40009
196,-265254.590704,4383377.79352
196,-265774.654153,4384514.78031
196,-266085.069856,4385234.47004
196,-266560.399971,4386251.52735
196,-267388.752268,4388099.76221
196,-267813.152216,4389049.24006
196,-268231.618581,4389958.62372
196,-273401.936811,4397419.72362
196,-275739.73776,4398709.3187
196,-276219.536044,4398962.66792
196,-278490.047194,4400353.8271
196,-311930.789311,4404550.93091
196,-307173.306578,4405507.8183
196,-284108.981046,4404020.00038
196,-288210.444625,4406692.65966
196,-292076.89438,4409472.20733
196,-292567.941484,4409921.57857
196,-301360.500291,4415432.06436
196,-298559.173516,4415198.7945
196,-298865.888884,4415415.1702
196,-300011.011201,4417652.46034
196,-303018.098617,4419317.63888
196,-297463.582169,4419047.36483
196,-297374.684427,4419125.76792
196,-297398.303756,4419138.23372
196,-297399.561846,4419157.15181
196,-300651.162114,4419745.37992
196,-300640.3575,4419877.35433
196,-300649.692885,4419900.6055
196,-300628.971771,4419918.02103
196,-295747.274466,4421398.02706
196,-310564.108483,4425612.31047
196,-294419.335838,4425829.66464
196,-300291.59487,4428610.0172
196,-295148.045289,4428431.36418
196,-291154.501872,4429929.5077
196,-302983.879256,4432840.18107
196,-290951.773141,4431732.44524
196,-306522.191924,4433384.52885
196,-301411.624899,4434244.86621
196,-301714.935397,4434756.41102
196,-303030.447408,4436790.16095
196,-304245.774181,4437974.35086
196,-306603.666764,4441583.13275
196,-307635.848057,4442770.46285
196,-290555.82559,4441293.01751
196,-243488.792159,4439046.14833
196,-247677.715627,4440880.07544
196,-251810.231785,4441819.02278
196,-254743.733603,4442493.96292
