146,-321692.29934,4470377.70767
146,-321907.286456,4470405.96984
146,-321944.804302,4470410.23176
146,-322204.293155,4470464.26953
146,-321865.386304,4470440.6373
146,-322044.625314,4470461.82775
146,-321263.206792,4470383.08044
146,-321543.273641,4470418.14825
146,-321268.206732,4470390.49368
146,-321679.641706,4470440.70451
146,-321720.960465,4470448.57719
146,-321470.567642,4470428.29506
146,-321166.642572,4470395.3327
146,-321465.019073,4470428.5589
146,-321568.697145,4470441.02679
146,-321421.16669,4470425.73906
146,-321247.089931,4470408.58205
146,-321545.679498,4470449.41398
146,-320998.555329,4470390.12805
146,-321331.056036,4470428.52147
146,-321005.08253,4470394.8916
146,-321114.48325,4470407.7949
146,-321583.398772,4470461.14023
146,-321290.154485,4470429.88599
146,-320962.257918,4470395.93626
146,-321551.078977,4470460.88019
146,-320957.255088,4470397.23953
146,-320752.781256,4470375.47323
146,-321251.445952,4470429.88994
146,-320701.864085,4470371.96888
146,-320854.128311,4470388.88296
146,-320937.734113,4470398.33912
146,-320746.939468,4470379.7937
146,-321090.006722,4470417.97304
146,-320810.180838,4470387.90323
146,-321032.251512,4470413.67819
146,-320649.647237,4470375.64372
146,-321226.374636,4470440.03681
146,-320914.416837,4470407.90045
146,-321299.774005,4470457.21689
146,-321332.713283,4470464.2891
146,-320841.795004,4470411.15862
146,-320771.272656,4470405.78264
146,-320523.924683,4470379.55603
146,-320849.550802,4470421.12327
146,-320587.175448,4470396.1109
146,-320332.566207,4470372.21003
146,-320377.79489,4470378.61908
146,-320883.138689,4470438.17419
146,-320558.903591,4470402.95027
146,-319874.737757,4470411.09241
146,-319832.19764,4470421.91504
