155,-319484.958005,4466599.40759
155,-319520.270369,4466610.32792
155,-319487.499134,4466672.7663
155,-319489.622636,4466699.57216
155,-319482.727529,4466704.00512
155,-319554.414971,4466717.62827
155,-319557.061058,4466750.00871
155,-319554.49652,4466845.6742
155,-319538.604077,4466871.54144
155,-319576.082837,4466891.25548
155,-319537.75372,4466898.5882
155,-319534.429589,4466947.66361
155,-319539.532917,4466970.96376
155,-319516.279203,4467054.36505
155,-319517.077356,4467086.99572
155,-319728.210202,4467134.42708
155,-319068.383077,4467071.26827
155,-319694.494376,4467142.70927
155,-319530.547095,4467146.67458
155,-319529.408322,4467153.98341
155,-319513.852315,4467245.53846
155,-319498.21663,4467255.44284
155,-319496.466083,4467262.79798
155,-319502.423456,4467471.77157
155,-319459.658937,4467504.86128
155,-319441.167021,4467863.43351
155,-319453.895364,4467991.49914
155,-319822.038706,4468088.94347
155,-319193.252548,4468047.43976
155,-319435.864701,4468073.88965
155,-319598.407264,4468091.73428
155,-319161.794396,4468061.50356
155,-319470.73298,4468095.23619
155,-319435.967535,4468092.93187
155,-319453.546106,4468129.85891
155,-319448.151268,4468226.00614
155,-319340.089795,4468267.44538
155,-319400.593438,4468322.53799
155,-319428.047581,4468329.11736
155,-319407.743411,4468357.32119
155,-319422.477284,4468374.90889
155,-319411.55977,4468420.45862
155,-319416.653594,4468431.03307
155,-319402.950269,4468439.11952
155,-319431.580272,4468454.83529
155,-319416.992579,4468476.67688
155,-319455.637331,4468504.7394
155,-319410.727016,4468564.05876
155,-319412.921473,4468582.98992
155,-319419.257667,4468606.0862
155,-319389.339633,4468627.84245
