66,-327308.87954,4475655.48744
66,-327297.165752,4475654.87853
66,-327412.508057,4475671.81071
66,-327259.421556,4475661.77798
66,-327260.693368,4475662.81862
66,-327259.385073,4475662.90043
66,-327413.23103,4475681.80278
66,-327260.522881,4475666.74248
66,-327261.09761,4475667.0308
66,-327252.929888,4475667.26145
66,-327255.828088,4475669.26898
66,-327268.740543,4475672.37483
66,-327236.411346,4475669.39235
66,-327273.0938,4475674.54195
66,-327259.851744,4475674.44134
66,-327276.151105,4475677.4681
66,-327252.833488,4475675.24863
66,-327270.490108,4475678.53688
66,-327229.687485,4475675.41359
66,-327265.342664,4475679.66199
66,-327255.720033,4475680.52157
66,-327076.332169,4475662.31361
66,-327256.233862,4475682.15494
66,-327266.346042,4475683.93988
66,-327242.025903,4475682.17371
66,-327263.033483,4475689.65937
66,-327189.889327,4475682.08807
66,-327217.095996,4475689.127
66,-327250.550829,4475696.85129
66,-327112.823118,4475688.95641
66,-327254.685166,4475705.75306
66,-327251.604425,4475708.56922
66,-327494.538488,4475740.51161
66,-327253.231632,4475714.26726
66,-327405.97713,4475740.03304
66,-327253.796355,4475727.28331
66,-327382.722299,4475747.50748
66,-327247.637916,4475750.2632
66,-327392.385454,4475771.54706
66,-327099.564203,4475739.88187
66,-327261.592506,4475770.71799
66,-327113.899596,4475754.97113
66,-327503.924898,4475798.65262
66,-327477.819784,4475796.57713
66,-327408.234763,4475791.30891
66,-327435.62418,4475796.67912
66,-327061.6542,4475757.46509
66,-327206.440046,4475791.02786
66,-327145.022854,4475784.74287
66,-327171.421478,4475788.0885
66,-327118.907053,4475789.87665
66,-327000.050536,4475796.33094
