109,-326052.411852,4479961.23325
109,-326086.409111,4480014.34417
109,-326154.533037,4480185.11414
109,-326283.580887,4480546.24596
109,-326358.307578,4480600.24619
109,-326401.298432,4480692.27411
109,-326412.11159,4480738.3269
109,-325902.650915,4482126.13078
109,-326393.67945,4482378.10291
109,-325691.482716,4482397.42205
109,-326070.05882,4482444.37017
109,-326081.053282,4482449.06885
109,-325855.117214,4482425.96376
109,-326160.384438,4482460.36729
109,-326181.554812,4482467.76015
109,-326270.780972,4482478.00575
109,-325987.924167,4482447.89309
109,-325660.326134,4482425.8368
109,-325656.75181,4482426.94284
109,-325703.840942,4482434.18133
109,-325647.135759,4482433.02947
109,-325677.958024,4482446.5523
109,-325651.845581,4482444.05566
109,-325664.911713,4482468.20899
109,-325713.168762,4482483.25796
109,-326115.135065,4482561.96178
109,-325686.858548,4482516.87892
109,-325690.838705,4482522.48586
109,-325694.907831,4482523.4955
109,-325692.709344,4482531.70249
109,-325683.585682,4482538.58651
109,-325680.835974,4482539.98575
109,-325684.644179,4482552.60271
109,-325684.141876,4482575.63931
109,-325696.13191,4482583.33031
109,-326049.694067,4482635.4319
109,-325684.46906,4482600.26506
109,-325696.401094,4482625.60079
109,-325694.545531,4482625.39721
109,-325686.869495,4482632.2598
109,-325686.86746,4482642.76913
109,-325693.628001,4482687.63293
109,-325688.238525,4482688.16806
109,-325679.516277,4482700.54423
109,-325691.40621,4482705.228
109,-325704.172198,4482716.38724
109,-326345.938766,4482811.60996
109,-325687.237514,4482741.93517
109,-325690.477163,4482745.29817
109,-325714.434281,4482764.82686
109,-325698.924787,4482765.55449
109,-325702.753064,4482805.59095
