164,-319132.909737,4473523.94317
164,-319055.61391,4473517.91903
164,-319065.113127,4473526.15709
164,-319145.27352,4473544.0913
164,-319485.302811,4473613.55058
164,-319467.115842,4473628.69298
164,-319527.325954,4473718.67768
164,-319034.751273,4473671.84721
164,-319505.713591,4473761.37612
164,-319461.343553,4473898.00036
164,-319474.968451,4473920.87649
164,-319043.237838,4473941.57251
164,-319464.348426,4474051.36836
164,-319588.193727,4474071.64313
164,-319511.874491,4474097.89275
164,-319418.366464,4474111.12764
164,-319496.274075,4474121.84061
164,-319520.510197,4474144.29282
164,-319494.628528,4474155.33339
164,-319767.181161,4474472.55733
164,-319507.357527,4474573.16188
164,-319327.48505,4475659.04124
164,-319257.147539,4475961.94411
164,-319705.941688,4476277.98391
164,-319187.342444,4476462.85705
164,-319183.980716,4476504.15895
164,-319150.226191,4476664.2322
164,-319118.950054,4476790.34004
164,-319118.632226,4477043.4615
164,-319122.517255,4477127.21799
164,-319123.728111,4477128.02524
164,-319208.410065,4477148.60126
164,-319129.420135,4477146.54937
164,-319123.126128,4477147.66728
164,-319115.234186,4477159.98559
164,-319088.448787,4477163.49415
164,-319121.577722,4477181.83505
164,-319191.324927,4477221.13763
164,-319129.942133,4477218.22864
164,-319086.35864,4477237.70484
164,-319162.669106,4477272.45008
164,-319064.570756,4477276.25006
164,-319333.650512,4477318.5218
164,-319378.919207,4477327.1136
164,-319349.159706,4477328.75504
164,-319419.059765,4477340.11457
164,-319261.583565,4477330.12624
164,-319337.715291,4477350.41698
164,-319454.465659,4477369.83123
164,-319302.996704,4477356.58721
164,-319353.663131,4477381.6218
164,-319753.325123,4477426.75313
164,-319528.62879,4477452.89603
