194,-315188.429605,4473489.38567
194,-315164.104919,4473531.79693
194,-315188.569908,4473544.81313
194,-315186.48328,4473548.2888
194,-314425.204003,4473468.45921
194,-315135.71367,4473616.66831
194,-315173.739887,4473768.24763
194,-315169.930658,4473776.87407
194,-315110.360929,4473861.72383
194,-315833.763457,4473975.40165
194,-316418.473823,4474095.95747
194,-315121.948854,4474013.43642
194,-316430.316813,4474198.58067
194,-313748.189385,4473928.21161
194,-315113.241794,4474146.93656
194,-316137.908964,4474323.34912
194,-315322.316421,4474262.64435
194,-315255.228367,4474290.05872
194,-316311.162682,4474404.61987
194,-314891.136807,4474268.08219
194,-315133.335596,4474322.18405
194,-315117.891144,4474420.57185
194,-313230.626214,4474221.70072
194,-316226.532166,4474594.28394
194,-316220.643611,4474603.89358
194,-315093.289401,4474512.74812
194,-315137.515852,4474526.53428
194,-314987.78894,4474539.47781
194,-315110.248213,4474556.12874
194,-316189.946238,4474684.34786
194,-314837.470666,4474579.53686
194,-316165.537386,4474749.84339
194,-316157.997505,4474765.80616
194,-313431.68542,4474514.34696
194,-316140.853782,4474827.59151
194,-316108.45197,4474905.72192
194,-313653.222478,4474693.23072
194,-316045.82314,4475013.79957
194,-315521.857066,4475033.55498
194,-314307.778282,4474914.735
194,-315959.728712,4475095.65894
194,-314332.466432,4474921.34097
194,-315627.367606,4475061.61642
194,-315207.583498,4475081.55529
194,-315873.844842,4475202.00653
194,-316029.99159,4475224.08084
194,-316103.164286,4475249.32695
194,-316056.252753,4475392.67105
194,-315884.705472,4475377.3325
194,-316429.099243,4475437.90952
194,-315044.43768,4475446.23905
194,-315025.657008,4475463.98072
194,-313256.965681,4475568.67722
