206,-306934.678357,4489062.23268
206,-309473.407859,4489455.02799
206,-307791.830237,4489333.95927
206,-306912.638582,4489240.54641
206,-306904.832913,4489295.81475
206,-307038.893226,4489524.66803
206,-311901.406508,4490141.11662
206,-311315.598603,4490232.03104
206,-311490.971935,4490269.3745
206,-311394.482449,4490264.2019
206,-312668.51979,4490674.32318
206,-311999.54865,4490606.24278
206,-311756.837163,4490821.38988
206,-309119.116259,4490977.05558
206,-296762.778175,4490181.52301
206,-293708.406113,4490109.72461
206,-311455.502025,4492088.61222
206,-293508.090038,4490203.20515
206,-311333.91889,4492531.27313
206,-283815.378886,4490604.57804
206,-311015.068569,4493787.66435
206,-311012.743922,4493854.90107
206,-310944.521789,4494077.66138
206,-298036.50737,4492946.64014
206,-297560.934321,4493051.4177
206,-310698.152463,4494857.54709
206,-310302.375368,4495632.53214
206,-310127.029779,4495931.45031
206,-263046.024292,4491114.80132
206,-297798.665995,4494834.43954
206,-307208.786662,4496138.12672
206,-287784.772663,4494994.57522
206,-297615.354493,4496200.90874
206,-306944.20571,4498882.6392
206,-306666.530847,4499473.59728
206,-306350.617767,4499775.21699
206,-253639.326772,4494510.29084
206,-306049.737754,4499984.28057
206,-305984.457885,4500036.35186
206,-305754.085776,4500179.65133
206,-252523.308034,4495164.39257
206,-252324.705293,4495212.80998
206,-303816.681798,4500946.24211
206,-303333.880881,4501119.95097
206,-303221.771403,4501131.93294
206,-245543.820417,4495194.10155
206,-302392.940065,4501172.61371
206,-302337.59403,4501340.20559
206,-246412.648822,4495813.11701
206,-246495.309634,4495960.45779
206,-293171.392502,4501316.43212
206,-283599.837919,4501079.76553
