8,-391456.340977,4474875.55666
8,-351120.115896,4474681.96167
8,-338675.539999,4474562.63681
8,-339352.542125,4474705.48206
8,-337974.723049,4474564.03382
8,-337967.561389,4474598.55418
8,-338604.854269,4474708.60061
8,-337962.05335,4474643.00545
8,-339397.562427,4474889.10508
8,-339993.190208,4474988.17066
8,-337875.49985,4474770.69036
8,-339164.60455,4474923.0332
8,-339911.169251,4475006.12254
8,-338397.595355,4474881.0833
8,-337329.111145,4474765.15698
8,-338381.110243,4474890.3326
8,-338287.567399,4474924.82692
8,-338265.969132,4474930.69119
8,-336093.743346,4474706.83744
8,-336228.744815,4474754.78915
8,-338002.139639,4474953.22185
8,-339500.966417,4475121.88971
8,-337350.019694,4474892.56366
8,-336081.88389,4474766.1311
8,-337697.214096,4474974.09061
8,-339776.729368,4475233.6177
8,-337683.73331,4475001.8206
8,-336502.348854,4474879.76586
8,-337614.808709,4475003.19501
8,-337705.644711,4475024.15707
8,-336835.628901,4474957.57482
8,-337214.845425,4475013.24675
8,-337799.450491,4475091.1824
8,-337306.713478,4475041.62783
8,-339244.055999,4475260.32523
8,-337895.719835,4475129.38357
8,-337880.695984,4475127.71524
8,-337825.355578,4475125.86889
8,-337837.763542,4475180.47169
8,-336959.305022,4475117.48958
8,-338154.709253,4475280.23076
8,-337702.503783,4475279.44298
8,-337726.341367,4475285.09841
8,-337720.314413,4475291.7368
8,-337711.250664,4475301.90691
8,-337712.118798,4475317.90876
8,-337373.418867,4475297.27206
8,-337870.86414,4475364.02717
8,-337835.493265,4475361.22596
8,-337865.556149,4475367.57325
8,-337881.073087,4475383.93435
8,-335743.315423,4475161.1037
8,-335638.836133,4475168.0553
