156,-319390.105707,4468632.76772
156,-319380.003459,4468715.56711
156,-319398.369018,4468732.42254
156,-319387.538419,4468762.77928
156,-319034.359149,4468738.23946
156,-319030.738953,4468746.85588
156,-319041.237577,4468755.53829
156,-319039.833354,4468757.30048
156,-319041.149717,4468761.94747
156,-319025.976446,4468760.41592
156,-319018.587096,4468760.62871
156,-319028.551075,4468763.84795
156,-319029.996408,4468764.90543
156,-319024.384194,4468767.11252
156,-319028.042337,4468774.94109
156,-319392.416003,4468848.89175
156,-319463.46593,4468859.40979
156,-319096.024915,4468850.54896
156,-319385.27802,4468893.95027
156,-319052.469958,4468858.21601
156,-319050.966797,4468859.29182
156,-319389.921299,4468906.27772
156,-319369.889842,4468911.98884
156,-319091.129026,4468896.52593
156,-319244.427608,4468921.36115
156,-319102.316243,4468907.64791
156,-319623.418571,4468968.11473
156,-319423.533276,4468957.55586
156,-319364.792883,4468971.79531
156,-319369.180325,4468984.88329
156,-319348.845184,4468983.80488
156,-319381.341911,4468993.4088
156,-319374.696523,4469113.85697
156,-319334.738264,4469226.63953
156,-319413.809533,4469261.45065
156,-319338.206714,4469263.38865
156,-319348.044304,4469272.56315
156,-319552.843715,4469311.24484
156,-319362.281362,4469319.48867
156,-319341.297845,4469325.99725
156,-319560.908619,4469358.09856
156,-319567.13662,4469364.59598
156,-319316.510788,4469406.75406
156,-319289.233955,4469417.76046
156,-319325.899018,4469426.46522
156,-319309.210691,4469458.10112
156,-319329.215449,4469484.59387
156,-319317.287306,4469484.31409
156,-319327.372081,4469487.20927
156,-319526.070365,4469518.16954
156,-319318.090209,4469497.68916
156,-319295.564635,4469528.0165
156,-319319.528739,4469543.5649
