45,-328110.753111,4470995.40091
45,-328167.425067,4471009.76175
45,-328133.929377,4471021.18405
45,-328070.984112,4471014.31753
45,-328016.766207,4471012.28314
45,-328108.016487,4471022.73646
45,-328147.6136,4471028.1588
45,-328031.509812,4471022.56161
45,-328149.391252,4471038.65564
45,-327913.237988,4471019.74743
45,-328189.970724,4471056.80349
45,-327791.40387,4471017.09663
45,-327927.153012,4471032.76223
45,-327655.183534,4471004.23177
45,-327655.563068,4471007.28093
45,-327677.443869,4471010.61703
45,-327670.308099,4471013.77769
45,-327704.459867,4471063.328
45,-327702.278081,4471063.46441
45,-328185.959421,4471134.80237
45,-328174.964627,4471149.70519
45,-328166.942746,4471164.13418
45,-328202.915678,4471190.43085
45,-328153.579271,4471200.40519
45,-328480.276458,4471256.32667
45,-328461.639499,4471256.34398
45,-328451.282262,4471263.84799
45,-328168.244883,4471241.8257
45,-328165.964232,4471253.14056
45,-328208.717823,4471271.97649
45,-328177.354682,4471276.05113
45,-328235.833159,4471290.72754
45,-328183.225369,4471291.7555
45,-328245.848369,4471303.46577
45,-327743.206213,4471256.81494
45,-327744.005116,4471267.97911
45,-328409.263537,4471363.8091
45,-328112.351965,4471337.37876
45,-328410.573806,4471373.91074
45,-328327.759995,4471366.69836
45,-328200.944148,4471365.19061
45,-328217.599654,4471367.16708
45,-328436.84548,4471392.78797
45,-328205.856904,4471375.45435
45,-328229.16719,4471390.51402
45,-327748.741211,4471347.34872
45,-328239.401035,4471445.25555
45,-328199.377259,4471454.57198
45,-327894.310494,4471451.01537
45,-328262.849158,4471539.40788
45,-328241.14484,4471554.52163
45,-328240.55973,4471578.43036
45,-328233.521584,4471577.90825
