176,-318104.6857,4471005.46681
176,-316825.84653,4470946.52536
176,-316753.832712,4471001.23153
176,-318191.359817,4471157.49692
176,-316747.749478,4471033.45331
176,-316735.812342,4471054.11972
176,-318592.494709,4471273.51683
176,-316671.874007,4471119.49559
176,-316641.911185,4471138.21317
176,-316621.371659,4471155.92268
176,-316630.207651,4471166.33656
176,-316565.366429,4471215.62614
176,-316571.079646,4471223.67551
176,-316565.589047,4471223.98267
176,-316555.829271,4471223.71565
176,-316539.242753,4471249.73472
176,-316538.167132,4471250.06883
176,-316543.259058,4471260.75815
176,-316542.977345,4471280.09029
176,-318641.472524,4471512.68029
176,-316563.289966,4471300.52784
176,-316512.746289,4471308.12476
176,-316502.261435,4471326.58369
176,-316507.681139,4471327.73265
176,-316501.240475,4471344.039
176,-316593.34447,4471435.21852
176,-317849.913723,4471578.65183
176,-316664.105839,4471459.27448
176,-316722.695709,4471486.20552
176,-316778.856551,4471514.46389
176,-316728.244389,4471509.70878
176,-316787.114456,4471523.94181
176,-316749.265101,4471533.68057
176,-316870.093053,4471611.05794
176,-317797.321575,4471718.61197
176,-318525.524099,4471799.45932
176,-316880.320621,4471623.41214
176,-316913.599621,4471687.40083
176,-317019.144297,4471796.63769
176,-317034.617161,4471798.53707
176,-317045.451574,4471812.88393
176,-316847.756204,4471804.33186
176,-317158.663321,4471913.75361
176,-317196.097596,4471929.62829
176,-317244.625426,4471954.24834
176,-317229.315893,4471954.84341
176,-317399.851259,4471979.83391
176,-317239.364051,4472000.21803
176,-317607.223741,4472053.40885
176,-317374.247097,4472050.48018
176,-317048.590247,4472046.19924
176,-317128.318625,4472058.88096
