49,-328370.196369,4472550.24302
49,-328428.189812,4472558.059
49,-328382.961655,4472564.74813
49,-328162.940069,4472544.40419
49,-328248.422964,4472556.18402
49,-328078.292754,4472549.5275
49,-328433.771885,4472590.03618
49,-328487.922252,4472596.72886
49,-328481.928212,4472596.07114
49,-328171.482129,4472562.38824
49,-328069.277882,4472551.36621
49,-328078.269509,4472554.98076
49,-328173.7664,4472566.58141
49,-328170.036297,4472570.30262
49,-328081.634799,4472561.16988
49,-327911.134937,4472544.72514
49,-327841.511068,4472550.0452
49,-327873.767118,4472564.09546
49,-327853.179245,4472576.66964
49,-328403.749933,4472664.59628
49,-328341.68779,4472663.80217
49,-328337.362972,4472667.12783
49,-328452.563951,4472695.73444
49,-328326.113968,4472699.28218
49,-328235.957043,4472714.58668
49,-328386.229345,4472732.68779
49,-328374.510833,4472732.6036
49,-328321.839852,4472738.23963
49,-328360.268073,4472755.81572
49,-328373.175282,4472768.49659
49,-328196.714063,4472780.115
49,-328397.671551,4472804.60678
49,-328398.301645,4472805.41938
49,-328371.614029,4472822.21562
49,-328438.69302,4472840.08597
49,-328321.04887,4472828.38294
49,-328353.458635,4472840.30854
49,-328413.332417,4472856.08144
49,-327643.508464,4472777.61959
49,-328330.180643,4472858.96591
49,-328355.940589,4472861.83735
49,-328043.01074,4472842.29918
49,-328425.35076,4472887.99521
49,-328434.881839,4472910.03854
49,-328345.759439,4472908.82052
49,-328299.222728,4472906.22838
49,-328357.692437,4472934.64183
49,-328364.335499,4472955.91757
49,-328433.018972,4472964.13013
49,-328330.942627,4472956.98475
49,-328392.152262,4472964.6022
49,-328376.960035,4472963.27311
