119,-325147.721361,4472799.01091
119,-325171.840063,4472810.84936
119,-325334.730768,4472829.39894
119,-324714.57355,4472776.42632
119,-324708.83748,4472776.58814
119,-324692.386175,4472774.90363
119,-324711.1158,4472781.9055
119,-324689.699028,4472780.467
119,-325159.304089,4472832.79452
119,-324678.7158,4472780.28091
119,-324682.141639,4472782.232
119,-324673.825319,4472783.01304
119,-324859.805621,4472804.00701
119,-324724.439659,4472789.21794
119,-324706.888485,4472788.87748
119,-324703.023407,4472788.56788
119,-324686.13238,4472787.73641
119,-324700.32257,4472791.8771
119,-324706.879368,4472793.71969
119,-324682.122929,4472791.12794
119,-324654.614485,4472788.3483
119,-324689.486787,4472792.72079
119,-324688.753189,4472793.09118
119,-324710.453131,4472797.48908
119,-324697.524464,4472796.07674
119,-324693.475991,4472795.85975
119,-324546.331738,4472780.23778
119,-324699.89853,4472798.13821
119,-324700.632635,4472798.55631
119,-324688.9518,4472797.61819
119,-324690.945893,4472798.39919
119,-325174.395894,4472852.22912
119,-325190.663925,4472854.24384
119,-324689.565844,4472801.51478
119,-324680.061998,4472800.4766
119,-324691.327392,4472802.04511
119,-324683.475157,4472801.75051
119,-324691.303582,4472803.05621
119,-324760.461417,4472812.41343
119,-324677.642352,4472803.59126
119,-324678.988468,4472804.75201
119,-324674.524569,4472805.16544
119,-324679.28486,4472809.17706
119,-324685.890786,4472811.36291
119,-324687.348869,4472815.46434
119,-324654.886706,4472812.0309
119,-324642.143527,4472813.67999
119,-324845.161352,4472836.53489
119,-324708.329329,4472823.27527
119,-324807.913856,4472847.55816
119,-324668.761654,4472862.99637
119,-324575.182832,4472853.22102
