39,-329177.3684,4473538.01854
39,-329058.524038,4473535.02376
39,-329044.076459,4473535.12664
39,-329145.811919,4473546.30523
39,-329024.643669,4473539.75126
39,-329170.433912,4473556.97061
39,-329176.684207,4473560.02289
39,-329093.308164,4473552.36245
39,-328980.147697,4473541.25152
39,-328955.705878,4473538.93893
39,-328920.072451,4473535.96061
39,-329185.588776,4473565.73242
39,-328913.89,4473542.23213
39,-329182.543423,4473572.94546
39,-328892.955161,4473543.49286
39,-328921.045653,4473548.08719
39,-328915.579871,4473553.11942
39,-329093.076841,4473595.1479
39,-328792.096563,4473569.02863
39,-328779.533864,4473582.11335
39,-328627.139538,4473568.00639
39,-328638.537097,4473586.52666
39,-328719.691017,4473597.12623
39,-328817.322791,4473609.8853
39,-328874.534202,4473617.89133
39,-328589.747886,4473600.70377
39,-328764.045715,4473626.33974
39,-328584.559552,4473612.52552
39,-329136.098861,4473674.21928
39,-329123.763914,4473677.33649
39,-328540.342982,4473619.30822
39,-328597.628705,4473627.65828
39,-328567.150439,4473627.69189
39,-328730.107332,4473656.85859
39,-329114.145273,4473708.41904
39,-329126.312782,4473710.69066
39,-328812.443138,4473680.91552
39,-328719.432816,4473678.39656
39,-328500.065796,4473654.69681
39,-328505.468408,4473656.78807
39,-328525.91315,4473664.40561
39,-328587.492203,4473671.24061
39,-328587.105804,4473680.02232
39,-328717.579188,4473699.22458
39,-328728.718641,4473723.16897
39,-329255.176678,4473784.9358
39,-328705.268565,4473724.53689
39,-329103.855339,4473780.47767
39,-328887.624511,4473759.54375
39,-328922.20276,4473787.89894
39,-328768.50152,4473781.22583
