20,-332563.936428,4467540.63578
20,-332537.012177,4467659.15314
20,-332522.341452,4467826.52818
20,-330075.323453,4467654.99074
20,-329474.476065,4467614.8595
20,-332549.387868,4467990.73388
20,-332543.546315,4468009.91894
20,-332538.679019,4468078.62407
20,-329378.163525,4467771.91608
20,-329448.653104,4467782.61021
20,-329476.529854,4467823.82197
20,-329420.240678,4467926.69106
20,-329412.641697,4468005.45472
20,-329688.708955,4468144.04283
20,-329743.131911,4468161.73049
20,-329656.248376,4468247.83566
20,-329669.195734,4468291.0493
20,-329664.189634,4468290.83791
20,-329388.338846,4468275.78051
20,-332485.825804,4468617.70895
20,-332456.789014,4468643.80334
20,-329383.039007,4468317.21693
20,-332429.666771,4468670.0748
20,-329405.236546,4468344.8852
20,-332475.44618,4468706.69436
20,-329380.910247,4468367.44982
20,-329369.624696,4468373.97328
20,-329412.14986,4468384.61995
20,-329402.52348,4468408.34654
20,-329361.534,4468504.32094
20,-332402.936729,4468854.55316
20,-329758.612969,4468612.45123
20,-329727.887726,4468625.44699
20,-330009.690507,4468708.39205
20,-329395.091467,4468680.30563
20,-330091.338381,4468763.88183
20,-329388.759431,4468750.08572
20,-329383.123677,4468764.66556
20,-329384.464892,4468779.23172
20,-331495.591931,4469050.42371
20,-329369.964795,4468837.18686
20,-330395.847814,4468954.31747
20,-329810.636027,4468975.82562
20,-330964.152327,4469107.45584
20,-332332.696121,4469279.81706
20,-330940.480337,4469134.75214
20,-329341.932356,4468982.05256
20,-329379.007361,4468990.9755
20,-329344.895118,4469134.35176
20,-329373.378344,4469144.52883
20,-329356.779409,4469192.76859
20,-329495.90309,4469226.31815
