88,-326699.635473,4471838.07881
88,-326696.663376,4471840.18648
88,-326653.177566,4471836.39228
88,-326670.64555,4471842.9779
88,-326637.820121,4471842.01298
88,-326577.240312,4471836.5085
88,-326755.193614,4471867.02688
88,-326451.424425,4471834.79102
88,-326745.824586,4471870.28151
88,-326454.118204,4471840.26722
88,-326660.766763,4471864.61222
88,-326654.508373,4471866.36768
88,-326670.947697,4471868.25225
88,-326709.617843,4471876.45543
88,-326438.203555,4471848.69688
88,-326685.350098,4471878.93522
88,-326564.189252,4471866.80681
88,-326671.784838,4471884.02843
88,-326689.757531,4471890.05091
88,-326609.568189,4471883.18793
88,-326495.51624,4471871.38066
88,-326473.097113,4471870.35383
88,-326746.009638,4471902.62951
88,-326682.576612,4471898.91431
88,-326650.117506,4471895.92432
88,-326518.649129,4471881.7221
88,-326481.398996,4471878.9594
88,-326688.272895,4471902.34637
88,-326675.438784,4471903.68985
88,-326727.172877,4471909.80382
88,-326456.995785,4471881.5452
88,-326604.554359,4471897.87927
88,-326488.762104,4471885.58493
88,-326449.737826,4471881.87729
88,-326531.014201,4471894.63973
88,-326490.221621,4471892.1238
88,-326606.622605,4471905.42724
88,-326675.71198,4471913.06887
88,-326682.893376,4471914.75613
88,-326565.763825,4471902.64457
88,-326441.18844,4471893.48215
88,-326521.067687,4471904.22345
88,-326440.569681,4471895.70476
88,-326520.381535,4471905.56221
88,-326544.58367,4471910.09219
88,-326519.846737,4471907.75646
88,-326513.502649,4471907.36624
88,-326506.396316,4471906.65606
88,-326496.743551,4471906.8837
88,-326436.959152,4471900.45349
88,-326558.368443,4471914.78866
88,-326522.78153,4471912.58699
88,-326468.671196,4471910.795
