64,-327553.484249,4475311.37867
64,-327318.680184,4475295.3001
64,-327415.382355,4475307.60704
64,-327419.742405,4475312.39957
64,-327285.16698,4475299.07055
64,-327322.279275,4475304.26705
64,-327283.223737,4475304.15172
64,-327206.163423,4475299.08053
64,-327299.391144,4475316.28804
64,-327515.656146,4475341.92367
64,-327165.629936,4475306.12558
64,-327381.919095,4475331.53469
64,-327420.024118,4475350.58327
64,-327035.702541,4475324.20871
64,-327009.159283,4475337.1814
64,-327130.301441,4475351.8151
64,-327071.045564,4475347.90886
64,-327413.929958,4475394.2969
64,-327022.308216,4475356.30795
64,-327432.590675,4475401.86336
64,-327478.617051,4475410.29145
64,-327289.635376,4475391.8163
64,-327127.231145,4475405.09687
64,-327153.291442,4475421.80961
64,-327451.674868,4475456.89987
64,-327414.233484,4475453.91934
64,-327293.618399,4475440.80286
64,-327119.826071,4475428.39067
64,-327203.427631,4475438.57178
64,-327301.188928,4475449.96883
64,-327554.464169,4475483.27041
64,-327159.629087,4475440.64022
64,-327195.530071,4475445.8161
64,-327211.904539,4475455.27154
64,-327175.723288,4475454.78461
64,-327162.260625,4475453.77019
64,-327135.555539,4475452.41889
64,-327200.325968,4475459.74667
64,-327174.549894,4475457.03273
64,-327153.494819,4475460.24347
64,-327208.44932,4475482.03986
64,-327305.146166,4475492.86981
64,-327404.912892,4475508.09297
64,-327160.297922,4475483.51825
64,-327313.560624,4475503.81804
64,-327113.689081,4475493.83964
64,-327190.528451,4475505.64484
64,-327257.133451,4475517.56753
64,-327133.102354,4475505.12628
64,-327134.834051,4475512.71687
64,-327041.192352,4475529.59635
64,-327127.221761,4475539.47989
