74,-326962.010018,4472194.25303
74,-326948.831632,4472215.67596
74,-326859.77174,4472206.48632
74,-326916.133768,4472214.34795
74,-326787.865945,4472207.62403
74,-326963.057189,4472245.61947
74,-326935.301626,4472245.0579
74,-326941.813614,4472250.00637
74,-326948.918682,4472251.2801
74,-326910.48465,4472251.68934
74,-326944.179027,4472258.7135
74,-326935.552691,4472261.75629
74,-326919.063225,4472261.18952
74,-326959.36091,4472272.24856
74,-326904.13889,4472269.54264
74,-326961.570994,4472294.00508
74,-326801.362781,4472289.86518
74,-326938.953956,4472305.07885
74,-326872.924868,4472297.92671
74,-326945.995941,4472317.53096
74,-326810.752704,4472309.36644
74,-326809.518894,4472313.51168
74,-326801.422857,4472317.80664
74,-326951.520273,4472337.51027
74,-326950.346736,4472339.52193
74,-326908.274362,4472343.95939
74,-326943.128038,4472367.45486
74,-326948.339816,4472369.71527
74,-326934.439084,4472379.2993
74,-326758.958178,4472362.15554
74,-326840.224325,4472371.80516
74,-326938.020932,4472383.22851
74,-326908.772722,4472380.4759
74,-326760.978606,4472367.44559
74,-326904.481799,4472387.21501
74,-326924.970821,4472397.23113
74,-326941.317839,4472410.09408
74,-326838.959708,4472401.55405
74,-326958.881738,4472415.96015
74,-326912.747723,4472411.43697
74,-326908.19782,4472412.6283
74,-326926.645117,4472415.88765
74,-326809.799121,4472403.5423
74,-326770.492131,4472400.58985
74,-326776.936141,4472405.05015
74,-326954.862342,4472431.48121
74,-326834.516543,4472425.51056
74,-326971.085026,4472446.95518
74,-326926.414083,4472452.02018
74,-326835.612805,4472448.26016
74,-326934.307602,4472462.23391
74,-326901.444314,4472473.50337
