65,-327418.336358,4475568.92929
65,-327609.955732,4475590.96491
65,-327153.229895,4475542.44448
65,-327135.111203,4475553.63698
65,-327228.970936,4475568.21029
65,-327006.259276,4475550.09726
65,-327222.724842,4475579.35294
65,-327015.566345,4475560.01651
65,-327210.021504,4475583.8173
65,-327239.478233,4475590.08917
65,-327250.410417,4475595.45595
65,-327225.906612,4475593.78241
65,-327241.87584,4475595.87169
65,-327230.284195,4475594.93836
65,-327085.351619,4475580.84741
65,-327191.120228,4475595.0365
65,-327217.116288,4475599.68969
65,-327230.273583,4475603.72345
65,-327222.215666,4475602.95239
65,-327281.397382,4475612.25911
65,-327112.596858,4475595.43721
65,-327424.838889,4475630.47088
65,-327230.323567,4475609.58643
65,-327222.816413,4475611.69188
65,-327229.187317,4475614.41817
65,-327228.355949,4475614.89022
65,-327267.704384,4475621.00797
65,-327271.189543,4475623.19251
65,-327256.467914,4475623.15495
65,-327232.209053,4475623.19789
65,-327243.78859,4475625.03105
65,-327270.628415,4475630.67815
65,-327250.428746,4475629.25127
65,-327236.098194,4475628.01754
65,-327274.186953,4475632.98339
65,-327279.322636,4475634.33517
65,-327266.716419,4475634.75488
65,-327258.267892,4475637.54555
65,-327253.866062,4475637.40072
65,-327270.81362,4475640.83646
65,-327040.925194,4475616.30258
65,-327263.795471,4475642.43227
65,-327260.911148,4475649.77576
65,-327120.686786,4475634.62322
65,-327262.29311,4475651.3917
65,-327254.320971,4475651.41851
65,-327257.121098,4475651.9509
65,-327260.593754,4475652.6697
65,-327242.98661,4475652.87889
65,-327243.133663,4475654.69733
65,-327231.860062,4475654.02415
65,-326999.269893,4475628.85718
