128,-323577.064659,4462897.75015
128,-324408.072239,4463010.35625
128,-324112.880161,4462992.75526
128,-324395.293193,4463025.74636
128,-324264.15533,4463016.76502
128,-323492.944125,4462941.42238
128,-322916.869732,4462885.67165
128,-324021.704916,4463007.94905
128,-322889.444286,4462897.78263
128,-322767.640605,4462889.16577
128,-322815.49965,4462901.34797
128,-323239.304071,4462951.01072
128,-323340.321277,4462964.13261
128,-322890.081046,4462915.87103
128,-323454.748678,4462978.37619
128,-322788.568164,4462907.31884
128,-323293.284839,4462962.73539
128,-322868.670323,4462920.52699
128,-323453.331602,4462990.61055
128,-323097.029555,4462954.35337
128,-322912.525863,4462936.10393
128,-322948.146202,4462950.67363
128,-324410.837089,4463135.55946
128,-323571.162575,4463121.11491
128,-323044.733228,4463085.95413
128,-323457.955203,4463140.33789
128,-323060.558101,4463098.37309
128,-323507.769272,4463150.48515
128,-323299.842279,4463128.21384
128,-322818.864414,4463106.68167
128,-324389.826339,4463308.63077
128,-324404.754494,4463313.89385
128,-324054.198372,4463280.42123
128,-323662.219703,4463260.08476
128,-324402.562926,4463416.32522
128,-324374.078462,4463490.72199
128,-322432.513052,4463369.56955
128,-324378.876738,4463651.3988
128,-322522.222627,4463517.04709
128,-322868.246981,4463563.7674
128,-324341.872927,4463737.92124
128,-322973.034771,4463674.89355
128,-323546.788666,4463751.92278
128,-323265.341516,4463725.52547
128,-323256.21876,4463724.87135
128,-323412.152567,4463747.34728
128,-323210.800015,4463725.71028
128,-322469.475949,4463656.96715
128,-323132.821931,4463737.06093
128,-323319.688185,4463760.1539
128,-323315.7478,4463771.66335
128,-322684.890041,4463707.20841
