207,-302023.940136,4501425.47591
207,-301718.92376,4501485.86133
207,-300193.929455,4501896.75649
207,-294381.081134,4501458.34026
207,-295593.244392,4501873.2706
207,-296084.296164,4502026.49735
207,-298778.671551,4502353.78166
207,-297973.901046,4502323.59944
207,-297521.429917,4502295.01507
207,-297327.6379,4502278.8471
207,-289168.388525,4501694.26733
207,-296814.91577,4503887.59404
207,-303179.646818,4504713.8409
207,-302804.441679,4504706.53048
207,-301797.200438,4504721.25333
207,-306218.341159,4505433.56723
207,-286985.829494,4503670.74141
207,-304753.177048,4505602.3387
207,-286846.21155,4503905.24258
207,-299946.173639,4505356.28552
207,-298645.833426,4505248.49401
207,-305682.13521,4506657.16343
207,-296326.557571,4506203.6837
207,-295757.224069,4506188.34264
207,-296296.866632,4506342.32338
207,-285842.220935,4505272.9715
207,-285083.048615,4505699.8027
207,-295054.904234,4507233.62945
207,-284192.470079,4506157.69301
207,-306254.767591,4508861.79921
207,-294504.744138,4507727.24321
207,-290705.752622,4507396.00371
207,-283318.829326,4506617.88739
207,-303233.231271,4508855.45712
207,-291880.036852,4507745.30233
207,-303078.249641,4509661.48272
207,-307276.903991,4510316.43581
207,-281190.973737,4507709.67619
207,-280089.85672,4508049.14786
207,-283297.641466,4508589.98497
207,-279962.623849,4508348.17185
207,-301879.915926,4510922.21752
207,-277877.006066,4508482.6692
207,-279924.142671,4508864.39221
207,-297106.904209,4510822.39546
207,-301896.461098,4511358.33074
207,-283588.095232,4509512.41243
207,-297648.851534,4511132.6282
207,-278302.99116,4509203.09816
207,-278013.644449,4510748.54548
207,-262222.960814,4509794.51662
207,-258597.107655,4510963.35363
