159,-319156.737294,4470413.62043
159,-319150.513336,4470415.08515
159,-319150.040346,4470417.84912
159,-319121.82418,4470419.96973
159,-319120.774712,4470421.65769
159,-319134.681443,4470429.24653
159,-319120.822057,4470437.20302
159,-319136.231708,4470443.71611
159,-319152.202284,4470449.05135
159,-319051.835135,4470438.16896
159,-319120.336539,4470448.07355
159,-319125.598471,4470457.87812
159,-319135.464627,4470462.77666
159,-319142.193771,4470463.84414
159,-319131.836285,4470465.87415
159,-319231.21119,4470484.3076
159,-319113.696255,4470474.15475
159,-319272.295721,4470499.34849
159,-319225.09988,4470495.91941
159,-319222.818106,4470508.17173
159,-319113.119015,4470505.84821
159,-319169.283604,4470528.04158
159,-319127.303293,4470527.65604
159,-319234.949657,4470540.1174
159,-319132.094961,4470533.80612
159,-319219.778597,4470571.35444
159,-319247.630444,4470579.78022
159,-319213.569147,4470595.37654
159,-319189.118452,4470600.01091
159,-319220.42497,4470603.74376
159,-319240.26884,4470614.90464
159,-319212.973269,4470635.70532
159,-319220.783882,4470640.38112
159,-319230.316983,4470643.55457
159,-319226.026566,4470645.56671
159,-319204.092976,4470644.08896
159,-319831.888194,4470712.98572
159,-319225.912709,4470651.41012
159,-319037.368624,4470639.52341
159,-319159.900502,4470652.92244
159,-319228.316017,4470672.39111
159,-319819.030125,4470738.05427
159,-319203.582972,4470671.96106
159,-319226.785989,4470680.10792
159,-319828.963826,4470751.6662
159,-319067.17526,4470688.24967
159,-319200.997379,4470770.10227
159,-319202.331288,4470772.26267
159,-319143.875493,4470769.53814
159,-319220.831816,4470800.51862
159,-319195.375626,4470798.77134
159,-319192.912295,4470803.9095
