28,-329269.086127,4442961.44792
28,-329111.815173,4443324.47216
28,-329120.953319,4443347.60986
28,-328936.293482,4443900.43523
28,-328902.031958,4444084.8146
28,-328886.691664,4444533.48254
28,-329028.075027,4444588.85186
28,-328847.798685,4445801.81715
28,-328796.420074,4446206.01669
28,-328792.929344,4446581.44781
28,-328617.162339,4447281.66559
28,-328763.534388,4447534.13221
28,-328773.798433,4447545.01524
28,-328777.946297,4448653.59301
28,-328767.487478,4448683.0564
28,-328776.264686,4448931.21107
28,-328732.951494,4449307.2303
28,-328743.671793,4449352.50597
28,-328602.508961,4449835.20626
28,-329032.877393,4454990.10405
28,-328523.547117,4455663.90214
28,-329313.460932,4455772.12388
28,-328981.328838,4457823.89482
28,-329122.283115,4457881.83281
28,-329205.611575,4457945.57214
28,-329207.740531,4457947.30299
28,-328550.715368,4458350.6327
28,-329108.75634,4459956.15853
28,-328668.427441,4462683.49428
28,-328996.951574,4462795.92953
28,-329119.806239,4463004.47696
28,-329291.230373,4463166.93576
28,-328966.33698,4463159.90897
28,-328892.7118,4463156.91903
28,-328759.592073,4463152.37499
28,-328771.298388,4463156.95653
28,-329185.252967,4463202.45052
28,-328765.33646,4463159.87485
28,-328908.996981,4463177.85088
28,-328538.93203,4463139.60694
28,-329137.936019,4463211.36157
28,-329252.825106,4463228.44716
28,-328635.887024,4463181.52966
28,-328860.997028,4463209.65674
28,-329004.887471,4463246.58415
28,-328978.737902,4463252.98087
28,-328877.945043,4463255.36752
28,-329105.542755,4463303.56252
28,-328596.32426,4463459.59483
28,-328970.863681,4463532.016
28,-328880.900053,4464204.51777
28,-328827.861808,4464369.86171
28,-328696.514625,4464411.12778
