1,-333567.122384,4449408.9071
1,-333688.671274,4449811.14603
1,-342156.647331,4451163.57023
1,-341353.97118,4452097.58029
1,-333350.378648,4451883.72765
1,-333175.480327,4451951.52177
1,-334915.100518,4452495.95102
1,-343947.546238,4454077.09527
1,-334903.945264,4453142.96177
1,-334878.922161,4453336.43286
1,-344206.017968,4454537.44668
1,-344341.765098,4454566.62312
1,-341989.711656,4454352.96747
1,-348850.59959,4455196.24667
1,-334915.586076,4453707.78129
1,-342894.8549,4454611.57993
1,-344332.819183,4454846.47261
1,-346902.766016,4455175.57072
1,-343097.898,4454756.38859
1,-341273.826479,4454562.23328
1,-345048.302509,4454989.16331
1,-345594.235367,4455066.72366
1,-350034.977378,4455568.14443
1,-340754.723965,4454552.75556
1,-350545.985309,4455754.54636
1,-334970.814935,4454068.3177
1,-343971.636895,4455064.96648
1,-340084.257888,4454717.56353
1,-345032.451668,4455497.14749
1,-345035.665597,4455508.09911
1,-333899.8622,4454393.41279
1,-345150.678211,4455678.90788
1,-335150.020665,4454576.0273
1,-335187.175112,4454620.00706
1,-335191.219464,4454651.72696
1,-339598.601625,4455170.69133
1,-339386.015918,4455354.96925
1,-342871.354271,4456073.37834
1,-333215.052197,4455068.49579
1,-335706.958017,4455643.01969
1,-339123.428178,4456171.7099
1,-336000.940302,4456224.11777
1,-336025.621068,4456244.06286
1,-339131.364348,4456598.96419
1,-336118.573277,4456386.47125
1,-336182.868218,4456469.94276
1,-339134.494912,4456914.81192
1,-342645.269635,4457702.76255
1,-339158.260522,4457902.85694
1,-339306.054227,4458039.62739
1,-339111.289468,4458078.25359
1,-333908.586504,4458064.21841
