32,-329318.780788,4471559.97807
32,-329262.036633,4471554.19825
32,-329258.63643,4471562.27365
32,-329237.021408,4471588.62613
32,-329088.397042,4471579.74461
32,-328775.450968,4471550.79408
32,-329031.910005,4471580.62969
32,-328709.410517,4471550.9937
32,-328929.974194,4471575.6483
32,-328657.8962,4471546.53568
32,-328745.041777,4471578.55935
32,-329318.411634,4471650.9587
32,-329126.385692,4471631.93718
32,-329296.318269,4471667.45795
32,-329111.602939,4471649.43092
32,-329092.097002,4471687.68559
32,-329022.416374,4471684.17455
32,-329071.345718,4471690.07128
32,-329052.109452,4471695.31563
32,-328912.112117,4471688.96103
32,-329032.675469,4471703.6249
32,-329325.594579,4471738.6994
32,-328995.936374,4471703.53486
32,-328966.183166,4471704.5497
32,-329043.039358,4471714.77704
32,-329018.791689,4471717.19584
32,-329009.652748,4471716.75592
32,-329077.805351,4471725.73539
32,-328928.039234,4471717.26036
32,-328827.963612,4471710.67035
32,-329265.486689,4471765.90804
32,-329314.922535,4471778.83324
32,-329298.88728,4471779.03818
32,-329050.996754,4471752.27273
32,-328777.808907,4471724.15882
32,-329317.386708,4471792.89783
32,-329334.58855,4471799.63075
32,-328876.453589,4471750.57499
32,-328992.070778,4471764.57172
32,-328961.940456,4471831.11417
32,-329316.992719,4471890.40955
32,-329330.137459,4471948.29078
32,-329278.363848,4471949.36432
32,-329333.578169,4471980.88659
32,-328785.057794,4471921.3336
32,-329261.000791,4472039.86822
32,-328554.629618,4472009.83379
32,-328661.105759,4472033.34489
32,-328513.507071,4472021.28036
32,-328718.849567,4472044.18742
32,-328592.089398,4472037.03661
32,-328551.005604,4472037.59798
