117,-325516.742999,4471289.22948
117,-325228.433376,4471274.12379
117,-325343.917417,4471314.33753
117,-325361.049416,4471326.95495
117,-325530.386127,4471374.52119
117,-325354.71026,4471459.50889
117,-325344.071982,4471544.96233
117,-325208.723023,4471536.9305
117,-325198.204536,4471541.5143
117,-325223.040126,4471548.18138
117,-325213.595033,4471561.34126
117,-325215.113701,4471614.14112
117,-325627.158002,4471699.80304
117,-325201.664021,4471660.54102
117,-325634.64027,4471713.79942
117,-325624.07394,4471718.50132
117,-325217.581793,4471694.57254
117,-325640.70146,4471751.89095
117,-325328.027953,4471731.42142
117,-324974.391831,4471701.22998
117,-325083.697937,4471715.19861
117,-324971.776286,4471704.54853
117,-325620.859679,4471780.13715
117,-325310.336843,4471746.60851
117,-325642.056374,4471783.09279
117,-325612.733215,4471780.2249
117,-325479.941476,4471767.84874
117,-325003.356337,4471716.89638
117,-325345.595866,4471754.62932
117,-325347.104759,4471755.65025
117,-325225.767022,4471742.5856
117,-325490.941386,4471772.65545
117,-324738.372748,4471690.65678
117,-324748.04856,4471708.38305
117,-325301.997812,4471772.16631
117,-325190.357486,4471774.56407
117,-325253.460572,4471793.66913
117,-325315.716043,4471801.26099
117,-324547.527944,4471747.3082
117,-325243.326886,4471824.5499
117,-325209.067754,4471867.6508
117,-325210.481811,4471904.98589
117,-325201.441974,4471924.27223
117,-325372.529076,4472075.87914
117,-325447.092354,4472091.35083
117,-325545.08405,4472157.25482
117,-325533.825108,4472205.02043
117,-325196.741195,4472172.34249
117,-324649.155669,4472114.91954
117,-324879.35209,4472228.55877
117,-324614.858261,4472211.49545
117,-324638.558103,4472240.43968
117,-324721.910741,4472269.81721
