89,-326691.811476,4471915.61975
89,-326727.93676,4471919.68714
89,-326679.053065,4471916.58853
89,-326733.539539,4471922.89123
89,-326731.926338,4471923.61575
89,-326721.772811,4471922.95475
89,-326693.108889,4471920.15474
89,-326701.295174,4471923.19107
89,-326673.170655,4471920.21365
89,-326696.071856,4471923.40774
89,-326674.2356,4471921.80581
89,-326663.340969,4471921.5819
89,-326681.679138,4471924.34404
89,-326720.745293,4471931.62819
89,-326660.30408,4471925.57483
89,-326588.687958,4471918.85071
89,-326696.382824,4471932.52057
89,-326704.779895,4471933.63131
89,-326666.789238,4471929.66394
89,-326601.344712,4471923.24358
89,-326556.159897,4471919.05251
89,-326589.524432,4471923.79704
89,-326594.32061,4471925.89897
89,-326687.942779,4471936.71048
89,-326675.375182,4471935.67263
89,-326597.30595,4471927.12686
89,-326500.369924,4471918.88243
89,-326714.772377,4471943.91665
89,-326495.26811,4471919.88975
89,-326578.142867,4471930.6613
89,-326694.569875,4471943.77759
89,-326717.261425,4471948.88623
89,-326614.844569,4471938.43328
89,-326673.757669,4471945.25018
89,-326578.905546,4471935.62207
89,-326748.251619,4471958.66941
89,-326633.219236,4471947.37948
89,-326599.518934,4471943.88207
89,-326585.019104,4471943.05338
89,-326547.952305,4471939.40924
89,-326668.953882,4471956.59656
89,-326604.685443,4471950.83426
89,-326602.495843,4471950.9663
89,-326608.615034,4471951.8276
89,-326656.444554,4471958.19337
89,-326674.39059,4471960.52586
89,-326666.313483,4471960.92576
89,-326672.687238,4471962.07405
89,-326664.723347,4471961.20225
89,-326593.915471,4471959.42124
89,-326628.155111,4471964.66728
89,-326609.944947,4471963.42863
