16,-332790.195698,4458416.84186
16,-330826.830039,4458330.99921
16,-332753.164632,4458548.25544
16,-329662.764236,4458372.84632
16,-332753.515505,4458812.66268
16,-329652.354544,4458540.54883
16,-331830.083433,4459000.2742
16,-329768.446295,4458779.48341
16,-332717.538709,4459161.32421
16,-330620.577698,4458936.59448
16,-329794.074712,4458850.96675
16,-332768.822663,4459370.3
16,-332677.959658,4459599.52317
16,-332933.398587,4460041.59486
16,-333021.1051,4460070.38364
16,-332612.012229,4460026.00513
16,-332854.594326,4460079.30639
16,-332566.115437,4460059.26734
16,-332488.608673,4460053.57195
16,-331813.252085,4459997.39838
16,-332006.603073,4460025.06828
16,-331945.042225,4460021.69179
16,-331844.467835,4460033.74899
16,-329958.044549,4459835.40545
16,-331182.326904,4460022.51614
16,-331002.39454,4460023.43862
16,-329959.774145,4460000.46269
16,-329706.959229,4459982.55435
16,-329411.497302,4459975.30779
16,-329912.7946,4460084.68094
16,-332943.219694,4460419.70372
16,-332792.582853,4460436.94927
16,-331623.834746,4460468.23222
16,-333105.48689,4460654.14779
16,-330093.755292,4460327.91705
16,-330072.907383,4460372.68629
16,-332964.295124,4460733.60582
16,-330106.288545,4460427.47211
16,-332807.994176,4460765.98959
16,-331693.939126,4460722.59306
16,-332914.737052,4460925.03026
16,-332910.884017,4461035.20268
16,-333120.880178,4461095.07929
16,-332944.005577,4461085.22411
16,-330112.004962,4460818.16776
16,-332958.852236,4461181.86023
16,-330183.769328,4460954.94238
16,-330190.616898,4461001.24319
16,-330200.291767,4461003.59099
16,-330218.526123,4461018.48103
16,-330104.175376,4461125.41449
16,-330111.733592,4461211.1537
