55,-327926.163049,4479583.78396
55,-327923.070291,4479591.44217
55,-328013.838442,4479799.90698
55,-328182.397616,4480162.24631
55,-328120.588683,4480378.72374
55,-328410.932873,4480421.46827
55,-327848.298488,4480390.6952
55,-328292.588572,4480441.90962
55,-328298.909929,4480487.55271
55,-328302.568713,4480525.13005
55,-327846.890372,4480477.61852
55,-328108.578665,4480512.35859
55,-328313.310284,4480586.4673
55,-328332.592508,4480590.61582
55,-328329.570183,4480604.47749
55,-328359.520129,4480733.04036
55,-328395.589353,4480804.93703
55,-328422.06565,4480950.72616
55,-328488.076141,4481127.2712
55,-328033.525009,4481370.42301
55,-327653.936619,4482645.93404
55,-327695.34195,4482656.31156
55,-327731.93049,4482671.21758
55,-327789.232331,4482715.44947
55,-327839.739674,4482730.96335
55,-327844.052911,4482744.20491
55,-328365.568152,4482827.23706
55,-327946.598413,4482799.41584
55,-327983.201857,4482805.21148
55,-327921.500295,4483095.74401
55,-327696.272256,4483576.50992
55,-327806.495504,4483808.75703
55,-327870.481213,4483993.22422
55,-328052.086458,4484489.50681
55,-328263.349659,4484705.1798
55,-328186.905866,4484768.40955
55,-328237.377817,4484783.0924
55,-328065.176507,4484799.72951
55,-328046.17308,4484864.66576
55,-327706.758033,4484834.62623
55,-327985.17886,4484870.11702
55,-328364.170929,4485078.72569
55,-328411.328481,4485284.25385
55,-328003.510697,4501714.82531
55,-327942.524189,4503909.5063
