180,-318558.399574,4477316.39178
180,-318751.187351,4477337.89249
180,-318559.653688,4477332.74409
180,-318057.65447,4477282.52699
180,-318673.217536,4477355.17471
180,-318744.777081,4477382.3011
180,-318810.059652,4477392.82348
180,-318288.665397,4477341.04645
180,-318990.997417,4477419.01207
180,-318070.357775,4477404.12763
180,-318513.477442,4477692.59243
180,-317408.364828,4477686.95791
180,-318689.95023,4477888.89912
180,-317473.578191,4477821.50316
180,-317919.541236,4478168.59784
180,-318066.652682,4478251.50212
180,-318593.824614,4478421.58828
180,-317526.002567,4478393.83556
180,-317502.107703,4478397.88707
180,-317540.258425,4478410.02137
180,-318645.106514,4478903.96327
180,-317510.716968,4478851.3956
180,-318709.411632,4479056.89793
180,-317559.539724,4478979.18808
180,-318751.689615,4479226.13382
180,-318746.838198,4479236.53009
180,-318973.118836,4479491.64876
180,-317978.876674,4479617.91287
180,-318995.720894,4479736.67882
180,-318786.655944,4480612.83866
180,-318753.502921,4480625.67556
180,-319012.222734,4481802.15652
180,-318233.28598,4481823.75137
180,-318180.604566,4481820.50234
180,-318170.96621,4481842.31515
180,-318222.675495,4481850.52608
180,-318178.53194,4481847.52944
180,-318174.355896,4481848.53948
180,-318208.78578,4481859.71449
180,-318159.000565,4481857.68127
180,-318143.101459,4481860.68286
180,-318167.79679,4481883.41228
180,-318166.944398,4481897.6215
180,-318182.26438,4481901.53904
180,-318180.105008,4481903.89442
180,-318230.274863,4481923.8752
180,-317949.83635,4481909.94872
180,-318163.753171,4481941.30637
180,-318134.9422,4481942.11614
180,-318532.515729,4481986.35491
180,-318427.989962,4481984.89857
180,-318150.742286,4481961.51382
