130,-324136.540242,4466087.58401
130,-322943.222897,4466581.8395
130,-324136.706353,4466714.8213
130,-323525.119679,4466656.43222
130,-324121.499733,4466722.28726
130,-323378.707708,4466644.76171
130,-322661.344657,4466590.70799
130,-322706.955511,4466609.78393
130,-322558.572673,4466602.95653
130,-322420.538129,4466594.01743
130,-322528.563173,4466614.22129
130,-322432.453898,4466619.42505
130,-322568.001249,4466636.64195
130,-322525.984699,4466728.02585
130,-324122.117675,4466951.9224
130,-322513.745011,4466949.79692
130,-322506.752718,4466956.69473
130,-324080.723821,4467142.6737
130,-324090.780135,4467150.63974
130,-322446.159882,4466978.14801
130,-324092.965457,4467212.8566
130,-324081.943936,4467212.63548
130,-324076.329105,4467314.28914
130,-324061.985025,4467326.57924
130,-324074.084748,4467391.37442
130,-324059.193671,4467461.99083
130,-322714.911613,4467332.85523
130,-324422.795568,4467543.51981
130,-324061.208994,4467532.60248
130,-324447.987666,4467611.92893
130,-324322.425425,4467604.99795
130,-324122.616177,4467585.13394
130,-324074.315268,4467669.29621
130,-322932.301326,4467602.46567
130,-323031.942987,4467637.52426
130,-323457.737398,4467820.72075
130,-323336.132558,4467913.58207
130,-324079.420259,4468031.87124
130,-324034.528861,4468228.43535
130,-324026.491512,4468244.11558
130,-324408.651338,4468354.40353
130,-324011.669229,4468330.07922
130,-323654.746765,4468315.97018
130,-323349.146051,4468305.13176
130,-323737.974475,4468351.69309
130,-323265.846539,4468380.78782
130,-322817.241583,4468343.77393
130,-322777.023992,4468360.232
130,-322774.365447,4468360.68597
130,-322452.208186,4468335.39542
130,-322669.473199,4468371.42364
130,-322438.542203,4468351.29745
