5,-354361.980195,4464876.01107
5,-348027.19907,4464308.9217
5,-341259.213921,4464242.58684
5,-341417.63212,4464311.65652
5,-341774.688199,4464539.35217
5,-338066.585844,4464249.17002
5,-338176.49076,4464284.21021
5,-338091.721261,4464344.3496
5,-354009.066777,4466325.72127
5,-353921.514306,4466356.42946
5,-333763.284855,4464378.66542
5,-334756.651226,4464523.58973
5,-353839.699296,4466690.3129
5,-353810.048316,4466708.19676
5,-333712.260181,4464490.02379
5,-335505.397867,4464721.33809
5,-333568.512654,4464509.68291
5,-333619.363383,4464523.36023
5,-353795.728364,4466846.574
5,-333542.54205,4464641.83757
5,-333171.94839,4464666.37168
5,-333534.634313,4464708.37258
5,-334142.214251,4464804.67211
5,-333524.025612,4464805.97533
5,-334700.665541,4464952.34758
5,-338246.657254,4465358.68015
5,-333488.570499,4464853.51273
5,-333295.709763,4464837.3485
5,-337601.187633,4465313.74538
5,-340376.525259,4465625.49085
5,-336164.461641,4465163.66406
5,-334645.048166,4464999.80635
5,-339069.236616,4465490.20298
5,-334377.445834,4464976.03754
5,-337915.218433,4465371.94204
5,-335270.716699,4465079.82119
5,-334896.573481,4465058.19171
5,-340145.158307,4465658.78086
5,-340140.561655,4465662.40249
5,-340161.991219,4465667.41083
5,-340204.366173,4465692.21129
5,-340157.538661,4465690.58113
5,-334859.291559,4465109.84988
5,-339888.048585,4465722.34656
5,-338304.023047,4465573.31365
5,-334992.139874,4465212.83617
5,-334738.722731,4465196.03703
5,-338433.894119,4465701.31731
5,-338362.335316,4465853.76944
5,-334639.176099,4465848.44175
5,-334321.355111,4466135.0548
5,-333933.330698,4466804.54527
