33,-329324.435852,4472076.49895
33,-329326.748062,4472077.01573
33,-329324.762169,4472077.47354
33,-329168.924556,4472064.1159
33,-329258.141443,4472074.32552
33,-329108.347373,4472060.6565
33,-329120.601547,4472062.18967
33,-329275.47756,4472085.35392
33,-329099.194608,4472078.23875
33,-328842.878279,4472053.85674
33,-329020.57348,4472077.30491
33,-328912.260412,4472066.31615
33,-329116.873418,4472089.56721
33,-328993.82267,4472076.24571
33,-328940.993649,4472071.94843
33,-328981.324342,4472078.25315
33,-328699.811194,4472049.98351
33,-328870.344987,4472070.76478
33,-329293.402849,4472118.63915
33,-329117.38426,4472099.38625
33,-329082.9057,4472096.35176
33,-328954.787648,4472083.21801
33,-328824.550991,4472070.80768
33,-328663.474459,4472053.8814
33,-329286.087545,4472122.90505
33,-328713.85699,4472060.72446
33,-329079.374819,4472100.88313
33,-329139.99688,4472107.87701
33,-328891.082161,4472080.55085
33,-328960.875476,4472089.52624
33,-328607.954972,4472053.04613
33,-328660.009231,4472059.13353
33,-328718.122548,4472065.68128
33,-328595.741847,4472052.45702
33,-328736.286204,4472068.25504
33,-328917.12034,4472089.41689
33,-328865.555489,4472084.13239
33,-328519.629003,4472048.42409
33,-328687.576593,4472067.2278
33,-328818.415763,4472083.27661
33,-328778.004372,4472081.65757
33,-328497.874907,4472053.17169
33,-328505.969561,4472054.43527
33,-328626.042786,4472068.54857
33,-328530.824423,4472058.28868
33,-328693.723365,4472076.23827
33,-328578.226049,4472065.70497
33,-328544.614602,4472064.30384
33,-328825.352201,4472110.88578
33,-328673.614966,4472095.7351
33,-328870.291119,4472121.26295
33,-328734.090851,4472109.31838
