177,-317178.886483,4472072.40929
177,-317491.130769,4472133.69251
177,-317475.009563,4472146.58566
177,-317534.011345,4472158.46348
177,-317548.561682,4472212.00253
177,-317779.532764,4472247.31808
177,-317673.645963,4472267.90855
177,-317694.288871,4472276.45016
177,-317590.462573,4472274.80472
177,-317801.832879,4472311.97095
177,-318875.979736,4472432.90456
177,-318655.582627,4472428.69689
177,-318258.853067,4472386.15053
177,-317854.063787,4472345.55515
177,-318818.495694,4472452.57011
177,-318699.89363,4472442.53242
177,-318024.625984,4472372.96349
177,-317966.490218,4472367.98214
177,-319007.446087,4472481.84933
177,-316597.156593,4472220.87625
177,-318016.184693,4472374.60505
177,-317866.911986,4472358.88326
177,-317881.755933,4472368.98095
177,-318202.877517,4472407.10983
177,-317750.093831,4472382.60099
177,-316532.197985,4472309.59565
177,-316607.837621,4472331.93063
177,-316539.404894,4472357.63377
177,-317274.562949,4472441.86631
177,-316497.208123,4472365.79399
177,-318983.478442,4472667.64714
177,-316787.742433,4472481.56035
177,-317175.269937,4472557.39195
177,-316516.128469,4472511.18174
177,-317908.721606,4472692.5957
177,-316698.846839,4472627.55908
177,-318949.674506,4472885.82319
177,-318948.630389,4472962.51054
177,-317860.355117,4472861.52417
177,-318895.070976,4472979.5599
177,-317783.139274,4472862.73005
177,-318981.649143,4473000.66449
177,-316905.650291,4472827.05972
177,-316752.674052,4472812.08262
177,-316732.221722,4472821.80556
177,-317087.002142,4472899.94944
177,-316967.947691,4472899.6878
177,-317363.026112,4472966.48077
177,-316618.476405,4472963.52773
177,-316891.186043,4473004.48817
177,-316630.199656,4472977.34273
177,-316633.840061,4472999.68396
