25,-332349.526381,4474296.23629
25,-329467.550352,4474249.67694
25,-332622.244966,4474615.30519
25,-329774.037833,4474330.68546
25,-331288.550973,4474559.64085
25,-331289.211322,4474615.54758
25,-329802.054626,4474568.84032
25,-329554.575411,4474558.89865
25,-329400.756303,4474543.30772
25,-331986.730869,4474850.98495
25,-329750.512502,4474611.60208
25,-331986.434462,4474858.38798
25,-331888.797285,4474862.94447
25,-329751.416131,4474640.10138
25,-331051.470126,4474785.01415
25,-331126.401488,4474815.65106
25,-329756.275117,4474665.56592
25,-331631.407242,4474893.98037
25,-329756.171286,4474690.14676
25,-330855.202168,4474811.13816
25,-331788.549605,4474917.12339
25,-332200.032579,4474969.43807
25,-332217.907824,4474976.74995
25,-331423.523945,4474889.39605
25,-330722.377074,4474816.71248
25,-331336.722951,4474888.1684
25,-331401.162991,4474902.81709
25,-331432.039175,4474910.48928
25,-330371.030845,4474806.0495
25,-330165.565936,4474785.87356
25,-332219.83137,4475083.4289
25,-331786.618101,4475080.04439
25,-331850.008898,4475105.27337
25,-331377.459472,4475062.09755
25,-331926.955304,4475157.88749
25,-332248.517986,4475208.00688
25,-331898.571728,4475174.2933
25,-332237.277277,4475244.50162
25,-332190.538496,4475249.30528
25,-331355.615778,4475164.94872
25,-331558.182003,4475230.82797
25,-331950.26555,4475321.00928
25,-331673.158308,4475331.38908
25,-331364.505353,4475318.49069
25,-331405.409891,4475343.19854
25,-330453.703388,4475573.87863
25,-330451.990519,4475577.63305
25,-330450.882017,4475633.65913
25,-332867.018219,4475905.8437
25,-332697.499102,4475890.56654
25,-330478.985367,4475708.03117
25,-330483.125508,4475764.32729
25,-330442.656315,4475835.53575
