79,-326895.022223,4473933.76093
79,-326823.63029,4473950.38229
79,-326836.277294,4473955.14714
79,-326801.631074,4473956.64552
79,-326836.670991,4473962.62463
79,-326817.588268,4473987.34266
79,-326796.505228,4473989.98908
79,-326788.854846,4474006.83567
79,-326836.786777,4474020.08463
79,-326821.756487,4474019.67695
79,-326838.45387,4474032.54524
79,-326788.179965,4474038.30139
79,-326780.390228,4474039.81345
79,-326787.031204,4474040.87893
79,-326816.383148,4474044.20735
79,-326785.114948,4474052.83429
79,-326794.973733,4474058.53271
79,-326993.037725,4474080.57293
79,-326818.766139,4474077.81039
79,-326819.822485,4474092.6822
79,-326865.355104,4474100.14917
79,-326784.066198,4474101.1553
79,-326784.973538,4474108.68905
79,-326835.14184,4474118.91658
79,-326778.472453,4474124.53512
79,-326785.546317,4474141.41789
79,-326789.952125,4474151.81307
79,-326778.554004,4474150.67692
79,-326813.336887,4474158.99348
79,-326784.29345,4474163.13312
79,-326811.617123,4474173.89906
79,-326804.304322,4474175.01275
79,-326810.077384,4474177.67282
79,-326813.637068,4474180.76624
79,-326901.179191,4474204.20208
79,-326803.113798,4474200.90256
79,-326774.002725,4474223.05745
79,-326787.9604,4474236.41407
79,-326804.618236,4474241.73109
79,-326765.177833,4474237.97306
79,-326819.613169,4474247.99236
79,-326956.890931,4474263.37289
79,-326797.528859,4474253.45757
79,-326778.488177,4474254.07479
79,-326794.389276,4474256.33514
79,-326784.679187,4474263.98972
79,-326770.419616,4474262.87796
79,-326876.830511,4474278.47986
79,-326785.121185,4474273.71408
79,-326806.037924,4474285.70431
79,-326801.168822,4474307.76677
79,-326765.8116,4474310.4711
