192,-316346.644256,4471783.69466
192,-316317.179883,4471801.45293
192,-316293.821195,4471800.39151
192,-316272.786215,4471799.46876
192,-315810.795487,4471782.41974
192,-316301.620366,4471871.9499
192,-316243.894438,4471882.87016
192,-316287.160506,4471898.44945
192,-315711.462559,4471840.77687
192,-316299.133945,4471907.48558
192,-316263.304398,4471914.42177
192,-316306.761165,4471919.45758
192,-316439.954736,4471947.70829
192,-316297.961234,4471935.95925
192,-316275.72709,4471941.32496
192,-316353.78288,4471970.03183
192,-316216.98297,4471955.91811
192,-316287.115539,4471964.23606
192,-316220.872791,4471970.41359
192,-316396.047334,4471999.71145
192,-316368.286726,4471998.5115
192,-316393.607476,4472003.05086
192,-316441.994778,4472009.74669
192,-315434.839239,4471916.78613
192,-316412.544161,4472028.18155
192,-316417.13949,4472033.74546
192,-316422.416987,4472037.80674
192,-316333.367035,4472029.07913
192,-316425.476403,4472040.5409
192,-316428.49431,4472048.83114
192,-316444.802121,4472063.08523
192,-316262.978983,4472047.54745
192,-316447.001566,4472069.17831
192,-316441.952924,4472083.32082
192,-316364.272288,4472080.50102
192,-315535.419615,4471991.15398
192,-316440.390114,4472091.93807
192,-316344.454174,4472082.74966
192,-316363.855221,4472086.76155
192,-316394.660453,4472095.04682
192,-315566.580533,4472065.90659
192,-313562.082469,4471853.36974
192,-313822.573261,4471927.49146
192,-314010.520506,4471956.30874
192,-314123.104535,4471970.81181
192,-313565.439967,4471914.64257
192,-314684.134922,4472064.87981
192,-314898.199892,4472094.06125
192,-314283.311181,4472031.99911
192,-314246.184727,4472030.1344
192,-313747.216726,4472009.05911
192,-313354.60852,4472037.16807
