97,-326677.298457,4474877.94902
97,-326712.056544,4474897.52747
97,-326724.005933,4474949.751
97,-326715.764455,4474950.65017
97,-326715.972909,4474952.70057
97,-326744.067322,4474976.1674
97,-326694.371556,4475148.24531
97,-326732.733249,4475440.02468
97,-326553.85214,4475566.10107
97,-326465.651066,4475648.20543
97,-326634.978822,4475722.92409
97,-326451.024865,4475769.83245
97,-326643.439601,4476031.07162
97,-326659.606457,4476046.36073
97,-326710.891402,4476133.98605
97,-326752.902941,4476200.31971
97,-326751.577332,4478572.99823
97,-326659.535004,4479099.88599
97,-326622.29736,4479115.73848
97,-326582.835271,4479261.56344
97,-326658.918755,4479949.72043
97,-326491.162219,4480124.45118
97,-326505.331571,4480634.52754
97,-326559.443274,4480971.1916
97,-326604.248908,4481057.43975
97,-326588.799616,4481163.24098
97,-326654.513111,4481258.4989
97,-326654.633184,4481304.70798
97,-326737.545384,4481478.45477
97,-326645.333663,4481759.90146
97,-326550.578047,4482509.51667
97,-326601.824452,4482516.49655
97,-326570.423136,4482528.73943
97,-326519.899787,4482564.27277
97,-326591.553004,4482584.56687
97,-326553.544231,4483008.07538
97,-326670.339603,4483109.51279
97,-326611.155059,4483124.41394
97,-326575.931578,4483157.52646
97,-326460.225213,4483209.03672
97,-326631.788197,4483308.875
97,-326571.78218,4483617.98585
97,-326730.497822,4483714.46902
97,-326750.777517,4483825.21067
97,-326725.367209,4484602.31049
