133,-324503.458616,4470590.28022
133,-323983.010728,4470596.90779
133,-324351.451656,4470653.31033
133,-323917.888717,4470609.17731
133,-324116.694588,4470640.46944
133,-323797.667625,4470606.98039
133,-324304.804122,4470662.49051
133,-324080.970254,4470638.26182
133,-324364.067543,4470670.80439
133,-323550.512844,4470583.41202
133,-323632.855529,4470595.20459
133,-323756.286641,4470609.04553
133,-324099.083388,4470646.99546
133,-323669.868016,4470600.37748
133,-324310.508032,4470670.81679
133,-324322.597508,4470675.50359
133,-324077.108251,4470650.30859
133,-323761.477797,4470619.37643
133,-324441.220819,4470693.70825
133,-323831.681896,4470628.0456
133,-323508.317879,4470594.14086
133,-323368.736252,4470580.12051
133,-323620.781003,4470614.54405
133,-323329.271273,4470583.14007
133,-324169.188112,4470676.12177
133,-323916.270681,4470648.6461
133,-323547.276795,4470613.0969
133,-323349.885009,4470592.70738
133,-323648.851851,4470629.39658
133,-323623.950283,4470627.84173
133,-323157.913768,4470580.9552
133,-323969.229907,4470706.56932
133,-322938.46514,4470604.0115
133,-323036.886083,4470629.14953
133,-323061.146922,4470669.74744
133,-323949.936326,4470774.89028
133,-323003.080168,4470750.69436
133,-323936.490514,4470878.81188
133,-322991.952543,4470838.27568
133,-323161.846744,4470857.72218
133,-322966.46023,4470909.68449
133,-322952.193851,4470983.36374
133,-322963.180197,4471023.30373
133,-323134.847956,4471052.43831
133,-322914.326971,4471151.73469
133,-323906.524841,4471284.61121
133,-323860.610823,4471442.5767
133,-323864.144266,4471455.46394
133,-322912.466673,4471374.23683
133,-322876.48968,4471436.42786
133,-322462.966388,4471463.90245
