142,-321100.819976,4463845.49971
142,-321107.728026,4463849.66679
142,-321122.198647,4463905.36415
142,-320722.241393,4463970.48448
142,-321029.990615,4464017.43652
142,-320866.741481,4464300.56741
142,-321051.598937,4464337.91402
142,-320543.887513,4464338.19727
142,-320571.797734,4464369.58987
142,-322298.804621,4464752.96952
142,-322088.105324,4464864.47898
142,-321446.002547,4464811.39234
142,-320113.458827,4464691.65423
142,-321426.573769,4464892.68672
142,-322341.328602,4465034.64408
142,-321468.943511,4464943.08643
142,-320449.943736,4465013.5944
142,-321730.550956,4465154.48983
142,-321985.84908,4465395.99905
142,-321875.673824,4465389.85399
142,-321645.976116,4465423.64999
142,-320307.279362,4465327.40488
142,-320680.291128,4465371.34235
142,-321103.154098,4465816.43649
142,-321085.664665,4466055.87222
142,-320360.492998,4466156.81835
142,-322141.53684,4466445.11079
142,-321092.963107,4466359.26119
142,-321170.250687,4466435.55797
142,-321288.360316,4466449.428
142,-321261.180774,4466457.2544
142,-320828.32979,4466410.72249
142,-320891.934419,4466418.18774
142,-321616.578327,4466500.12814
142,-320483.97455,4466382.78554
142,-321867.600599,4466534.15519
142,-322205.011365,4466571.04869
142,-322094.51903,4466924.03826
142,-320310.523096,4466751.16137
142,-322103.049375,4467028.12488
142,-322200.291098,4467052.84832
142,-322109.922425,4467092.50202
142,-322275.646249,4467134.28152
142,-322175.382267,4467188.13721
142,-322164.714446,4467191.36963
142,-322407.638325,4467220.29435
142,-321209.965334,4467158.08871
142,-322081.166478,4467278.0814
142,-322029.175351,4467328.10882
142,-321007.528782,4467228.67805
142,-321793.392653,4467343.13794
142,-320699.308789,4467230.66348
