144,-322154.679296,4468580.45085
144,-320332.414874,4468630.58194
144,-320869.486429,4468701.11674
144,-319951.719526,4468633.42097
144,-319953.280295,4468714.10801
144,-319950.40869,4468716.61181
144,-320874.261763,4468875.25512
144,-319948.869974,4468822.67203
144,-320208.614738,4468861.74359
144,-319950.107935,4468844.57429
144,-320853.385029,4468955.76047
144,-320239.22281,4468963.82711
144,-319961.707478,4468983.94047
144,-321259.710872,4469142.66522
144,-319922.886036,4469012.98332
144,-321261.1748,4469158.70336
144,-321252.618509,4469184.5653
144,-319937.368059,4469087.18938
144,-321005.566412,4469226.24344
144,-320866.343331,4469215.43447
144,-320809.442206,4469213.3222
144,-320784.905328,4469264.39072
144,-320825.705581,4469301.26661
144,-320692.996171,4469308.70135
144,-319935.913087,4469237.67319
144,-319961.852109,4469299.72168
144,-320801.055415,4469514.65419
144,-320799.488787,4469517.90755
144,-320806.12982,4469544.53056
144,-320807.851026,4469551.02401
144,-319900.691564,4469452.88311
144,-320823.316307,4469599.32689
144,-319942.693603,4469505.36824
144,-320932.172124,4469618.97248
144,-320892.154931,4469626.17461
144,-320398.07726,4469580.96451
144,-319909.271633,4469533.54369
144,-320823.195995,4469638.72946
144,-321011.948881,4469680.31659
144,-321896.008578,4469808.59758
144,-319985.011615,4469621.37917
144,-320982.655724,4469746.37086
144,-319902.816992,4469632.16764
144,-321890.318428,4469866.16958
144,-320940.733292,4469854.65808
144,-320197.950457,4469808.79236
144,-321553.434924,4470000.90654
144,-319978.798724,4469854.07279
144,-320027.210375,4469875.09244
144,-319898.062067,4469861.26889
144,-319873.065708,4469958.02732
144,-320082.088794,4469985.58752
144,-320734.051556,4470096.37443
