76,-326892.377896,4472629.87013
76,-326808.223361,4472630.00305
76,-326878.427033,4472644.90047
76,-326856.70305,4472643.87298
76,-326842.9173,4472642.36321
76,-326963.380902,4472656.45798
76,-326940.045071,4472663.02595
76,-326895.704607,4472661.99931
76,-326791.771962,4472652.04377
76,-326912.537735,4472668.12331
76,-326781.432795,4472653.87774
76,-326979.548559,4472682.89737
76,-326815.393162,4472667.39652
76,-326917.679889,4472681.30234
76,-326822.672518,4472671.34765
76,-326955.931229,4472688.87124
76,-326916.812885,4472685.26247
76,-326935.516087,4472687.76156
76,-326984.360846,4472697.50469
76,-326965.513049,4472701.07227
76,-326891.118015,4472695.96518
76,-326898.380371,4472720.40399
76,-326899.99745,4472727.2382
76,-326896.315868,4472727.62346
76,-326903.939074,4472735.5548
76,-326908.024683,4472736.22757
76,-326940.917092,4472740.50612
76,-326850.780604,4472735.92797
76,-326770.783356,4472728.96935
76,-326899.807868,4472744.00099
76,-326900.901174,4472750.15831
76,-326900.461467,4472758.6033
76,-326897.016511,4472767.19223
76,-326881.17503,4472766.17808
76,-326890.14294,4472772.11651
76,-326782.415614,4472761.21943
76,-326910.753871,4472777.52794
76,-326899.646295,4472784.00475
76,-326899.516673,4472817.8618
76,-326880.801906,4472816.26257
76,-326905.59881,4472826.41287
76,-326887.531082,4472832.61919
76,-326761.111625,4472827.45571
76,-326866.053564,4472857.56355
76,-326877.466996,4472861.7423
76,-326831.640713,4472881.49297
76,-326896.957586,4472912.42552
76,-326930.824327,4472941.81737
76,-326863.402849,4472934.77041
76,-326902.914468,4472947.43363
76,-326877.032122,4472944.82395
76,-326898.541811,4472950.96471
