59,-327553.502719,4471949.24738
59,-327522.003741,4471953.30519
59,-327564.964295,4471959.32713
59,-327605.745776,4471973.37105
59,-327522.937013,4471964.2963
59,-327544.72193,4471970.06285
59,-327298.636909,4471943.88839
59,-327515.4647,4471970.79929
59,-327398.647214,4471958.90044
59,-327246.308546,4471945.06466
59,-327300.308787,4471953.22937
59,-327412.583913,4471968.53771
59,-327624.32599,4471993.61804
59,-327161.614683,4471942.9214
59,-327511.967119,4471981.68035
59,-327131.960931,4471940.1615
59,-327145.548337,4471941.91256
59,-327599.20694,4471992.17933
59,-327110.499732,4471938.82468
59,-327176.193804,4471946.95888
59,-327530.823012,4471988.81555
59,-327628.120575,4472001.16801
59,-327386.325815,4471974.85989
59,-327236.465799,4471958.44219
59,-327628.407237,4472005.14196
59,-327015.368044,4471938.35584
59,-327164.983469,4471955.68099
59,-327200.359566,4471962.37201
59,-327107.108261,4471952.64607
59,-327095.764024,4471952.04189
59,-327237.610898,4471967.76673
59,-327170.327624,4471962.27393
59,-327206.600196,4471967.37355
59,-327528.35662,4472003.41419
59,-327104.370052,4471957.8656
59,-327261.885565,4471975.67129
59,-327248.174326,4471974.18054
59,-327100.0158,4471959.64153
59,-327602.781994,4472014.9121
59,-327531.746659,4472008.06613
59,-327301.350612,4471984.51165
59,-327064.144888,4471959.84302
59,-327560.313388,4472016.26559
59,-327302.861901,4471991.81123
59,-327233.010662,4471988.66481
59,-327232.725216,4471988.63354
59,-327007.977493,4471964.95585
59,-327343.785114,4472003.24091
59,-327035.834476,4471971.98662
59,-327271.915916,4472001.37492
59,-327135.579208,4471998.6434
59,-327042.959743,4472008.21146
