185,-315293.198966,4464048.6073
185,-315317.705952,4464054.74854
185,-315287.241372,4464066.32934
185,-315615.633994,4464103.05808
185,-315306.308898,4464070.40973
185,-315310.803236,4464071.34419
185,-316379.918306,4464207.85691
185,-315278.353046,4464092.50661
185,-315360.471527,4464113.28658
185,-315292.360963,4464137.92618
185,-316367.409454,4464294.89561
185,-315277.696037,4464218.53863
185,-315300.009374,4464261.70034
185,-315261.627009,4464295.28429
185,-315267.140672,4464373.67914
185,-315249.130183,4464457.98448
185,-315252.713522,4464476.79049
185,-315267.384055,4464481.68097
185,-314232.832623,4464412.19454
185,-315234.815879,4464531.31616
185,-315234.64981,4464533.6627
185,-315218.038579,4464538.17855
185,-315364.572927,4464628.08345
185,-315698.277562,4464695.4231
185,-315217.750717,4464649.50083
185,-315433.042092,4464676.52296
185,-312997.674247,4464414.74177
185,-315221.583516,4464655.76847
185,-315915.055195,4464736.01814
185,-315351.751855,4464700.41636
185,-314160.065918,4464574.48659
185,-315235.626847,4464696.01284
185,-315215.384919,4464735.04098
185,-314887.074785,4464706.21255
185,-315214.671464,4464777.07349
185,-315212.625776,4464787.21158
185,-314212.601061,4464715.46918
185,-314850.938026,4464799.48713
185,-313957.926717,4464727.47877
185,-314205.587029,4464849.1447
185,-315193.506003,4464971.94189
185,-315185.177206,4465007.41185
185,-314179.503741,4464935.83459
185,-315165.817296,4465112.28857
185,-315130.44753,4465167.02609
185,-315179.843174,4465172.79776
185,-315208.134896,4465176.52127
185,-315175.625092,4465196.66321
185,-315172.389626,4465200.14277
185,-315170.115467,4465201.13628
185,-315062.127581,4465203.35217
185,-315150.320169,4465215.10438
