175,-319014.079644,4470383.62652
175,-318864.12145,4470420.18438
175,-318975.721409,4470432.94637
175,-318836.353868,4470443.75032
175,-318822.825596,4470443.86051
175,-318817.920158,4470443.55404
175,-318856.612267,4470453.49098
175,-318846.33089,4470457.21874
175,-318862.137097,4470475.26036
175,-318819.470641,4470474.0139
175,-318802.706254,4470477.60205
175,-318891.447178,4470534.17907
175,-318893.51569,4470535.07895
175,-318908.24981,4470539.82923
175,-318889.218012,4470540.35615
175,-318899.659751,4470570.31603
175,-318852.704653,4470571.87002
175,-318908.537201,4470625.89393
175,-318980.651293,4470640.01807
175,-318878.546965,4470651.58342
175,-317248.301656,4470476.55114
175,-318722.512044,4470637.14769
175,-317263.543275,4470483.33025
175,-317249.061801,4470483.45261
175,-318843.352914,4470665.33537
175,-318532.786991,4470643.38788
175,-317254.974794,4470508.07675
175,-317224.121368,4470511.38247
175,-318872.783479,4470699.15541
175,-317202.632876,4470519.41728
175,-317137.335619,4470518.92139
175,-317233.196779,4470559.04719
175,-317148.616771,4470567.06027
175,-318465.844127,4470740.66812
175,-317119.62606,4470622.02719
175,-317114.175911,4470626.09893
175,-317071.183177,4470645.38816
175,-318386.070499,4470800.45641
175,-317468.276658,4470703.8622
175,-318379.876423,4470820.84292
175,-318319.593377,4470846.51853
175,-317039.83104,4470727.79991
175,-317003.991973,4470725.95028
175,-316993.496224,4470752.36182
175,-316995.778981,4470763.3173
175,-316971.483578,4470775.80759
175,-316987.497982,4470785.53445
175,-316958.817646,4470792.79181
175,-316921.536386,4470819.49999
175,-317850.536157,4470935.54551
175,-316904.326669,4470833.9089
175,-316896.294499,4470854.46159
