101,-326317.309163,4470845.37788
101,-326430.979002,4470874.51673
101,-326416.126399,4470881.3848
101,-326079.885156,4470848.87704
101,-326318.844491,4470879.22682
101,-326332.663952,4470881.37827
101,-326292.352886,4470880.75348
101,-326135.565446,4470872.77403
101,-325711.979125,4470846.17328
101,-326327.378533,4470915.75168
101,-325702.09189,4470850.75813
101,-325726.263134,4470857.42128
101,-325712.981329,4470876.72823
101,-325771.768248,4470884.65231
101,-325708.047743,4470887.45252
101,-325849.108185,4470903.06411
101,-325732.377715,4470914.06959
101,-325721.936114,4470920.31712
101,-326113.816306,4470967.03824
101,-325722.289956,4470932.93721
101,-325864.764469,4470949.63876
101,-325738.938176,4470953.71363
101,-325769.304567,4470958.72265
101,-325733.781348,4470990.02687
101,-325731.176153,4471011.48079
101,-326206.975629,4471074.88371
101,-325718.894044,4471073.89002
101,-326171.046523,4471169.62441
101,-326172.444505,4471175.85975
101,-326258.233804,4471400.15683
101,-326246.555385,4471401.01939
101,-326416.153612,4471420.58818
101,-325928.419069,4471372.98207
101,-325682.668667,4471401.30442
101,-326314.538094,4471487.30342
101,-325720.175964,4471486.27746
101,-326356.050213,4471558.11044
101,-326178.132084,4471546.9472
101,-326370.585627,4471597.85151
101,-326343.402425,4471620.55882
101,-326260.63672,4471627.72338
101,-326213.182017,4471622.64443
101,-326385.30197,4471647.89637
101,-326415.068011,4471653.8568
101,-326427.694219,4471657.26593
101,-326409.025509,4471655.2231
101,-326421.603373,4471659.86596
101,-326424.650116,4471661.32574
101,-326434.743013,4471662.54282
101,-326357.073646,4471659.5633
101,-325951.465241,4471616.31993
101,-325858.374248,4471619.65617
