165,-319701.094036,4477574.05124
165,-319701.559214,4477580.5998
165,-319699.610159,4477635.45731
165,-319662.293145,4477654.85708
165,-319624.29402,4477796.75438
165,-319626.143222,4477800.44658
165,-319584.516276,4477971.48853
165,-319169.320855,4478084.12132
165,-319575.436101,4478146.52035
165,-319505.19349,4478320.41873
165,-319517.804135,4478343.75032
165,-319512.556761,4478350.61232
165,-319246.123594,4478408.05148
165,-319233.939776,4478445.99579
165,-319296.075841,4478523.09107
165,-319450.535878,4478733.85721
165,-319341.458701,4478795.30792
165,-319418.231099,4478902.7592
165,-319392.5186,4479065.95896
165,-319460.875405,4479120.24232
165,-319389.453581,4479199.97675
165,-319383.183793,4479246.48102
165,-319391.663083,4479318.91465
165,-319364.316582,4479493.94151
165,-319401.974966,4479538.39956
165,-319553.609374,4479574.15329
165,-319288.333732,4479624.94934
165,-319118.812409,4479618.64161
165,-319350.982356,4479653.12705
165,-319545.052047,4479682.23561
165,-319309.658415,4479661.47035
165,-319386.878045,4479677.97841
165,-319755.187627,4479737.08546
165,-319439.009757,4479714.28134
165,-319467.981222,4479730.38415
165,-319808.11547,4479777.19446
165,-319231.420064,4479725.14749
165,-319724.845449,4479782.8847
165,-319700.413482,4479786.30717
165,-319648.862707,4479781.26033
165,-319364.536916,4479756.85722
165,-319218.118168,4479741.38145
165,-319814.865505,4479809.8001
165,-319780.520986,4479808.87748
165,-319764.409093,4479812.19172
165,-319777.03366,4479816.26858
165,-319829.224517,4479826.56646
165,-319752.625952,4479819.46827
165,-319732.209598,4479818.5977
165,-319370.662706,4479786.46605
165,-319738.143645,4479827.68986
165,-319595.869911,4479826.84738
