187,-316461.497781,4465920.1331
187,-315776.754332,4465885.22167
187,-316057.954416,4465920.50411
187,-316115.845568,4465929.45147
187,-316214.186599,4465940.28632
187,-316436.966356,4465977.16212
187,-315336.426211,4465865.90063
187,-315537.343139,4465888.45806
187,-316009.745852,4465947.95663
187,-315596.904663,4465906.026
187,-316286.559639,4465981.31123
187,-316455.613826,4466042.11655
187,-314111.506675,4465871.68046
187,-314111.961779,4465888.33374
187,-314082.96958,4465892.01657
187,-316492.960202,4466247.02139
187,-314084.970823,4466073.96072
187,-316497.006625,4466336.4103
187,-316466.560013,4466360.71025
187,-316479.055881,4466367.00211
187,-316483.264664,4466379.40302
187,-314074.153482,4466189.77587
187,-316466.376623,4466480.8178
187,-315331.340046,4466382.71786
187,-314018.160185,4466263.91278
187,-313999.497559,4466394.64586
187,-316459.198357,4466751.33136
187,-314025.790642,4466515.13038
187,-314000.797683,4466522.68605
187,-313992.276564,4466522.70347
187,-316484.501725,4466819.71719
187,-316404.162138,4466862.80327
187,-313991.314354,4466612.41159
187,-314039.642896,4466704.00231
187,-315299.149646,4466882.65265
187,-316391.109759,4467011.89969
187,-316395.867082,4467017.28131
187,-316369.702153,4467029.47727
187,-313962.097671,4466804.15748
187,-316386.978991,4467154.4454
187,-316391.444859,4467161.72843
187,-316409.319012,4467172.77853
187,-316369.019975,4467220.44806
187,-316388.641209,4467240.76214
187,-316375.192619,4467302.63521
187,-313966.592771,4467056.27638
187,-316364.432114,4467404.79321
187,-315326.000252,4467322.97376
187,-316368.991353,4467440.3484
187,-313940.843295,4467229.48055
187,-313935.136447,4467275.25272
187,-314031.539528,4467495.75495
