19,-332308.436364,4466228.76724
19,-333052.503541,4466340.78271
19,-332709.988611,4466413.4048
19,-332643.974112,4466454.95461
19,-331850.430793,4466383.02693
19,-332614.202311,4466490.35407
19,-329830.153978,4466220.75809
19,-332623.339568,4466553.14228
19,-329625.204523,4466252.35249
19,-329726.474434,4466279.56686
19,-329611.308778,4466288.90373
19,-329978.706197,4466330.89009
19,-330478.00187,4466388.16096
19,-332826.276542,4466663.77227
19,-331844.597441,4466559.93244
19,-330981.819782,4466468.26754
19,-330727.698028,4466444.41413
19,-331121.761231,4466493.54258
19,-330161.686813,4466414.95169
19,-332291.103679,4466662.28517
19,-329745.556541,4466384.0815
19,-329679.573003,4466397.20981
19,-329638.537838,4466404.42503
19,-330353.691302,4466484.49706
19,-329607.995693,4466422.01697
19,-332837.127113,4466795.04482
19,-329621.460452,4466501.96605
19,-329613.828899,4466545.90487
19,-329549.793926,4466564.15148
19,-332552.898728,4466904.62746
19,-331744.917084,4466906.94953
19,-329546.00591,4466689.21267
19,-329496.770926,4466819.30633
19,-329517.995359,4466824.82177
19,-332879.028464,4467238.74309
19,-332528.155451,4467206.42325
19,-332527.457288,4467224.82261
19,-329768.682545,4466928.54663
19,-329523.529514,4466904.84545
19,-332562.848548,4467248.43371
19,-330063.244313,4466995.9675
19,-329579.679528,4466974.08642
19,-330021.683233,4467082.2814
19,-329531.228628,4467060.01757
19,-330115.442439,4467127.49254
19,-329719.38478,4467128.90309
19,-332518.964038,4467538.12979
19,-329854.176741,4467255.96865
19,-329499.425916,4467268.30798
19,-329391.373918,4467261.15545
19,-329490.433723,4467293.60255
19,-329485.822569,4467501.68728
