182,-315774.466727,4402343.63755
182,-315769.082996,4402347.4584
182,-315116.358465,4428601.69088
182,-314835.316929,4445218.33085
182,-315416.659933,4448957.91828
182,-315400.793115,4448983.57502
182,-315342.634394,4449081.25458
182,-315262.733442,4449405.25981
182,-315860.773569,4449497.12526
182,-315333.50694,4449567.42439
182,-315518.34653,4449851.59273
182,-313231.598186,4449819.34056
182,-316225.120122,4450224.32112
182,-315905.875177,4450377.31946
182,-315718.086142,4450766.2329
182,-313348.313732,4450643.27532
182,-313216.611673,4450732.30463
182,-315623.399453,4451257.45333
182,-313365.710488,4451605.30586
182,-313442.19866,4452163.9191
182,-313954.833243,4452699.38963
182,-314036.425841,4452773.57535
182,-314452.269054,4453207.31084
182,-314617.602847,4453394.70352
182,-314897.012798,4453738.89942
182,-315987.304084,4455354.75461
182,-316004.821891,4455385.57329
182,-315745.316581,4455967.68502
182,-315547.994879,4456305.81377
182,-315809.669004,4457307.88648
182,-315789.067401,4457348.56761
182,-315786.817143,4457350.12705
182,-313845.118525,4457552.9401
182,-315145.892106,4457820.05989
182,-313615.655889,4457822.04878
182,-314017.205942,4457987.51432
182,-314057.889955,4458006.9674
182,-315067.383284,4458132.12505
182,-314402.355699,4458139.98519
182,-314674.412761,4458176.02888
182,-314572.723035,4458206.36476
182,-314481.200336,4458216.90453
182,-314585.116174,4458229.29323
182,-314763.176975,4458277.36792
182,-313986.4593,4458244.38315
182,-314440.44146,4458328.21958
182,-314443.498202,4458346.93304
182,-314698.689253,4458418.44539
182,-314675.69596,4458425.17338
182,-314480.092051,4458427.54529
182,-314533.432991,4458450.61298
182,-313984.598536,4458397.98371
182,-313560.784603,4458407.10428
