54,-328077.359086,4477163.83335
54,-328083.476455,4477206.93995
54,-328080.040756,4477289.47191
54,-328076.604199,4477304.75259
54,-328084.319342,4477308.86683
54,-328076.99618,4477354.24837
54,-328071.895255,4477568.62167
54,-328069.731337,4477577.28322
54,-328044.40181,4477594.21435
54,-328062.233178,4477619.52515
54,-328044.836576,4477617.61417
54,-327973.816837,4477669.14511
54,-327974.611403,4477670.58417
54,-328064.520112,4477684.16638
54,-327966.433207,4477679.59894
54,-328074.591783,4477771.12243
54,-328050.935007,4477869.00633
54,-328143.701292,4477921.66662
54,-328142.796661,4477922.80636
54,-328078.009492,4477919.74382
54,-328062.023642,4477934.16399
54,-328100.09583,4477978.04422
54,-328048.575122,4477993.51692
54,-328068.690511,4478029.00333
54,-328098.689147,4478198.22008
54,-328096.254186,4478213.73469
54,-328128.966138,4478369.21409
54,-328167.867736,4478536.63928
54,-328214.316083,4478771.59473
54,-328221.748436,4478787.01105
54,-328151.633716,4478792.06823
54,-328141.830451,4478805.31627
54,-328446.988749,4478867.69075
54,-328080.147802,4478827.9652
54,-328037.022396,4478834.29955
54,-327812.714056,4478825.92053
54,-328193.11184,4478875.49309
54,-328200.410829,4478878.72856
54,-327631.035372,4478978.99081
54,-327907.157218,4479067.85758
54,-327669.581441,4479047.43417
54,-328315.200845,4479212.96343
54,-327789.695328,4479191.2566
54,-327835.642741,4479238.25531
54,-328429.622993,4479446.71164
54,-327871.709084,4479396.20937
54,-327867.333452,4479399.78391
54,-328079.735459,4479447.49307
54,-327881.642205,4479431.88415
54,-327897.088834,4479461.58615
54,-327864.375906,4479540.94611
54,-327920.053809,4479569.25669
