162,-319829.036912,4472484.53647
162,-319607.063436,4472470.07505
162,-319697.18575,4472481.74009
162,-319504.622719,4472463.842
162,-319107.741962,4472425.27636
162,-319451.231429,4472464.12774
162,-319378.535349,4472458.71504
162,-319058.398098,4472424.99046
162,-319355.286428,4472457.43057
162,-319747.123437,4472500.9799
162,-319200.901317,4472443.83013
162,-319649.366133,4472492.61819
162,-319065.889353,4472430.19501
162,-319440.187613,4472472.5011
162,-319812.590158,4472513.22384
162,-319185.284722,4472450.76166
162,-319653.402495,4472506.80898
162,-319211.146585,4472459.01827
162,-319195.30894,4472458.08803
162,-319627.265121,4472506.05218
162,-319104.621024,4472450.05005
162,-319184.902955,4472459.54898
162,-319375.571591,4472482.83024
162,-319065.379839,4472450.86016
162,-319273.15653,4472475.09399
162,-319676.060452,4472518.88492
162,-319558.606743,4472506.85308
162,-319040.335368,4472450.9584
162,-319354.10073,4472485.11709
162,-319701.731979,4472531.2994
162,-319587.367994,4472522.7119
162,-319286.700064,4472496.32531
162,-319248.356093,4472492.89807
162,-319804.592114,4472554.96844
162,-319562.270142,4472528.88372
162,-319382.900684,4472509.56029
162,-319116.627334,4472483.89734
162,-319590.295421,4472535.64237
162,-319354.301727,4472510.96088
162,-319113.742766,4472484.9357
162,-319578.508925,4472537.29076
162,-319291.542245,4472509.21738
162,-319591.086296,4472541.92195
162,-319228.218685,4472504.4515
162,-319648.160285,4472551.67683
162,-319655.317629,4472564.6612
162,-319120.05678,4472514.56186
162,-319055.417086,4472515.54415
162,-319057.791933,4472543.95456
162,-319046.28991,4472556.55785
162,-319087.066568,4472587.89595
162,-319073.364385,4472627.96283
