137,-324488.272323,4473317.34706
137,-324088.046686,4473341.78255
137,-323737.86073,4473358.52099
137,-323740.205523,4473437.0544
137,-323723.624226,4473472.29989
137,-324302.88731,4473563.92413
137,-324023.020436,4473561.18352
137,-323142.405974,4473486.55861
137,-322853.403679,4473462.36628
137,-324053.026625,4473608.49826
137,-324078.731458,4473625.38373
137,-322769.527442,4473493.47491
137,-323203.943431,4473569.66542
137,-323186.242566,4473608.29195
137,-323217.692531,4473615.66424
137,-323985.173808,4473830.06825
137,-323202.322451,4473817.46086
137,-323030.343997,4473830.99368
137,-323396.167652,4474034.40135
137,-322695.277747,4473963.20698
137,-322693.380643,4474003.1738
137,-323419.476259,4474085.93813
137,-324024.87925,4474155.85227
137,-323417.307593,4474090.01517
137,-324016.930655,4474203.3368
137,-324008.684124,4474314.4704
137,-322556.928947,4474182.19503
137,-322631.986745,4474211.40451
137,-323523.014892,4474309.54268
137,-322671.854993,4474219.12977
137,-322638.800149,4474220.41403
137,-323551.499242,4474331.41552
137,-322645.303954,4474248.15327
137,-323681.811404,4474371.25138
137,-324091.015115,4474428.32149
137,-323757.442904,4474398.58335
137,-323998.209019,4474432.60282
137,-324214.362902,4474456.88691
137,-322755.236614,4474301.79956
137,-323337.881013,4474366.94077
137,-323548.157021,4474392.43374
137,-322567.610367,4474285.47694
137,-323000.056854,4474332.90199
137,-322723.571495,4474305.11577
137,-322628.146988,4474295.64668
137,-322777.42336,4474322.8134
137,-322674.300518,4474313.24759
137,-323624.887807,4474470.57174
137,-323605.262412,4474522.60436
137,-323613.584152,4474525.72028
137,-323627.735714,4474554.85935
137,-323637.814304,4474578.85718
137,-322609.733871,4474530.71655
