123,-325005.078876,4475108.76512
123,-325272.499258,4475172.56083
123,-325324.166925,4475190.37811
123,-324974.752202,4475153.69033
123,-325224.366799,4475184.97929
123,-325307.099655,4475194.36798
123,-325312.431192,4475195.51446
123,-325277.084679,4475254.16075
123,-324963.156776,4475229.38597
123,-324627.661485,4475214.8591
123,-325482.083155,4475311.39566
123,-324964.654181,4475290.93598
123,-324956.783307,4475413.03924
123,-324952.137334,4475420.9112
123,-324952.800497,4475424.43037
123,-324968.900986,4475471.2454
123,-324949.076078,4475517.88213
123,-324945.849788,4475523.54401
123,-324949.547978,4475525.44652
123,-324940.952711,4475576.31877
123,-324978.058572,4475586.76352
123,-324940.817815,4475593.39081
123,-324722.345864,4475602.35545
123,-324935.392683,4475636.34233
123,-324942.556611,4475735.8734
123,-325046.933969,4475758.18223
123,-324932.592266,4475829.58887
123,-324927.004193,4475830.47573
123,-324926.959863,4475853.36968
123,-324947.090185,4475888.4273
123,-324924.041752,4475901.1121
123,-324913.656559,4475947.28312
123,-324934.298398,4475992.15097
123,-324927.29813,4476019.17248
123,-325471.794089,4476111.4156
123,-325430.039332,4476107.78027
123,-325118.721838,4476083.66979
123,-324966.197546,4476067.35545
123,-325396.479401,4476116.31707
123,-325330.071699,4476109.79265
123,-325092.744057,4476087.5858
123,-324934.41476,4476070.26527
123,-325400.088573,4476122.90715
123,-325245.956358,4476147.71499
123,-325464.144581,4476272.21357
123,-325398.883824,4476272.39177
123,-325403.430314,4476278.32979
123,-325352.331046,4476286.25346
123,-324908.876338,4476239.04968
123,-325241.324752,4476281.05466
123,-324748.855249,4476250.46054
123,-324563.990555,4476287.12515
