13,-370591.3067,4518105.08328
13,-370646.747338,4518170.01857
13,-351649.327339,4517798.19721
13,-360406.551778,4518832.68449
13,-361488.533097,4519010.33387
13,-356817.103587,4518481.86007
13,-349583.092466,4517832.03349
13,-349357.122826,4517836.88191
13,-349331.928357,4517837.20232
13,-351362.456252,4518163.11055
13,-352277.508535,4518340.89449
13,-353796.454447,4518672.85046
13,-358162.385482,4519797.13815
13,-358265.947025,4519870.89397
13,-358305.900436,4520160.98599
13,-358329.566999,4520186.16244
13,-354474.562618,4519832.44098
13,-358871.162464,4520717.56278
13,-358889.52215,4520845.45187
13,-358885.005276,4520851.69819
13,-358805.034297,4520871.90492
13,-334744.869741,4518273.82145
13,-362472.567802,4521574.15117
13,-372716.972648,4523268.49151
13,-358723.614736,4521699.57332
13,-352964.3986,4523249.66819
13,-343758.617874,4522376.98919
13,-358743.647556,4524559.86206
13,-387344.324157,4529096.77922
13,-351307.039491,4525167.70943
13,-351176.480023,4526422.69021
13,-350454.3683,4526973.46764
13,-366916.661709,4529393.87868
13,-355981.676469,4528378.10783
13,-359824.990699,4529626.25666
13,-360419.074229,4530256.9343
13,-368462.495473,4531220.06561
13,-368527.488688,4531700.30197
13,-368468.640658,4531939.03558
13,-349997.382368,4532574.38056
13,-351175.592708,4536300.79419
13,-351159.410707,4536316.00756
13,-335591.730269,4534795.4745
13,-347460.451711,4538735.65005
13,-347705.291691,4538845.69081
