126,-323782.198461,4436268.47899
126,-324151.195102,4446861.3797
126,-323523.22778,4452004.08994
126,-322990.056331,4454047.71944
126,-322964.492152,4454455.8822
126,-324427.171491,4455372.41148
126,-322892.524255,4455897.55708
126,-323957.920124,4457320.28333
126,-322723.133801,4457523.00115
126,-322748.711838,4457888.89572
126,-322814.129317,4457941.15114
126,-323889.123204,4458084.26439
126,-324467.731555,4458164.5946
126,-322891.319386,4457996.97069
126,-322488.373647,4457957.28576
126,-323603.351682,4458086.07927
126,-323814.340607,4458116.1219
126,-323225.266208,4458057.60174
126,-323588.074436,4458098.87701
126,-323811.445825,4458124.07385
126,-323326.458248,4458072.91009
126,-323112.777363,4458054.41407
126,-324192.904491,4458177.79191
126,-322608.164222,4458017.49645
126,-323312.753837,4458097.29102
126,-324431.501237,4458222.40764
126,-324293.063063,4458207.73232
126,-323269.776648,4458101.41023
126,-324019.905862,4458313.20739
126,-323852.208899,4458334.78559
126,-323783.475471,4458544.10711
126,-324346.223901,4458901.72718
126,-324451.586266,4458924.10664
126,-323264.674401,4458820.55858
126,-323069.588047,4458945.41311
126,-322590.284312,4458903.72822
126,-322691.303803,4459032.48523
126,-323221.855784,4459107.03007
126,-323285.226807,4459114.85673
126,-323660.750611,4459159.01976
126,-324008.974044,4459218.59219
126,-322666.272025,4459085.62729
126,-323969.717139,4459242.81924
126,-323011.831533,4459190.47418
126,-323301.784811,4459308.67081
126,-323030.960024,4459314.85421
126,-322797.582549,4459348.64775
126,-324004.028772,4459661.2572
126,-324244.2634,4459691.87811
126,-323867.483039,4459670.63043
126,-323361.85982,4459685.15086
126,-322617.686002,4459646.96544
126,-322575.442064,4459657.2132
