131,-324264.308003,4468420.69195
131,-324327.153827,4468431.53145
131,-324031.056998,4468400.26457
131,-324263.167276,4468425.82733
131,-324085.012889,4468428.55893
131,-324026.689353,4468440.33446
131,-323782.410165,4468429.17543
131,-323419.214319,4468411.53546
131,-323840.715639,4468461.6248
131,-323635.810358,4468449.99705
131,-323569.65327,4468444.6591
131,-323993.786956,4468495.65236
131,-323953.878317,4468504.70514
131,-323154.943289,4468420.03424
131,-323262.02419,4468431.80729
131,-324015.81219,4468585.45221
131,-324030.795233,4468613.17004
131,-323441.067805,4468554.69761
131,-324004.774708,4468769.40908
131,-323347.650717,4468702.79459
131,-323334.687832,4468716.44066
131,-323379.317255,4468731.66337
131,-323325.563639,4468739.80768
131,-324362.194797,4468878.8858
131,-324292.497352,4468881.30888
131,-324342.943179,4468902.80357
131,-324006.375121,4468872.41275
131,-324300.618263,4468918.12314
131,-324255.953098,4468915.95547
131,-324329.40165,4468935.56602
131,-324298.527701,4468934.11373
131,-324308.959946,4468941.7839
131,-324314.601605,4468942.51178
131,-324324.013154,4468944.43921
131,-324308.795563,4468949.65001
131,-324292.51084,4468951.92873
131,-324329.271526,4468968.55217
131,-324347.252131,4468974.56779
131,-324305.569493,4468982.41113
131,-324339.776116,4468989.07002
131,-324021.030517,4468961.40968
131,-324010.758767,4469026.21101
131,-323982.836746,4469210.77134
131,-323821.154689,4469266.69186
131,-323285.602184,4469416.91657
131,-324023.140144,4469508.89979
131,-324305.967999,4469548.90084
131,-324299.635173,4469559.28156
131,-323374.284135,4469466.09832
131,-324350.496414,4469661.62335
131,-323270.507272,4469544.34088
131,-323247.820949,4469632.53288
