114,-325594.910098,4466676.5114
114,-325605.830681,4466678.94229
114,-325628.720708,4466694.05557
114,-325377.599111,4466783.96722
114,-325595.213232,4466817.29031
114,-325608.933607,4466827.99
114,-325613.771572,4466828.70955
114,-325589.939384,4466829.85891
114,-325576.150961,4466831.69911
114,-325595.719003,4466911.95705
114,-325585.44269,4466968.2105
114,-325583.195622,4467012.15108
114,-324526.522125,4466914.15083
114,-324527.699222,4466953.6992
114,-325552.103842,4467131.52699
114,-325585.036727,4467170.03806
114,-325577.651157,4467171.45072
114,-325594.455723,4467185.90001
114,-325571.465193,4467220.17624
114,-325295.053653,4467315.2209
114,-325559.83103,4467357.25324
114,-325566.11492,4467408.18478
114,-325409.165092,4467402.76652
114,-325551.229337,4467446.61206
114,-325545.266723,4467484.07614
114,-325559.484543,4467539.12895
114,-325549.437426,4467624.56806
114,-325470.933094,4467688.38708
114,-324613.812254,4467601.85285
114,-325555.753286,4467709.58598
114,-324989.673876,4467653.39188
114,-325246.699618,4467682.27125
114,-325436.613269,4467736.71075
114,-325543.772964,4467766.43049
114,-325494.565491,4467795.94079
114,-325344.46008,4467814.47122
114,-325521.568369,4467912.87344
114,-325531.978918,4467918.13243
114,-325548.029348,4467944.47267
114,-325512.828007,4468003.48991
114,-325432.892941,4468088.46226
114,-325319.146309,4468113.96844
114,-325571.894528,4468169.20269
114,-325158.541099,4468142.42627
114,-325043.367574,4468179.60656
114,-324930.456589,4468185.49843
114,-324925.171192,4468206.13016
114,-324991.093292,4468221.13985
114,-324856.970589,4468208.82583
114,-324567.743579,4468293.28483
114,-324599.069386,4468297.45612
114,-324525.649555,4468299.77664
