68,-327060.057047,4476037.43507
68,-327068.800612,4476046.16635
68,-327064.133388,4476064.24077
68,-327072.631211,4476066.5244
68,-327025.803603,4476065.44437
68,-327066.408769,4476071.13629
68,-327054.807426,4476079.7767
68,-327015.258207,4476097.63052
68,-327092.973824,4476122.7118
68,-327098.245563,4476583.21627
68,-327036.640926,4476586.5973
68,-327608.602215,4476767.28078
68,-327102.679582,4476721.24144
68,-327129.794742,4476801.71528
68,-327175.708105,4477051.86724
68,-327186.479501,4477061.83532
68,-327217.906009,4477191.70497
68,-327220.044597,4477242.14559
68,-327208.663599,4477244.05088
68,-327222.811318,4477280.07268
68,-327238.841051,4477349.45259
68,-327293.747121,4477668.26092
68,-327294.142804,4477674.12438
68,-327313.137413,4477768.01544
68,-327337.820202,4477948.40492
68,-327347.978461,4478127.7938
68,-327411.844445,4478196.24225
68,-327407.970405,4478218.12096
68,-327419.658171,4478295.44055
68,-327405.69935,4478295.59774
68,-327454.214502,4478362.42935
68,-327435.550962,4478410.95858
68,-327426.748034,4478413.37148
68,-327559.510608,4478450.28708
68,-327461.341857,4478524.173
68,-327471.769577,4478572.41569
68,-327478.101284,4478629.09652
68,-327217.017597,4478714.42991
68,-327533.994486,4478784.82985
68,-327555.272928,4478841.01217
68,-327521.341851,4478860.9079
68,-327078.150568,4479085.78675
68,-327233.95038,4479838.473
68,-327606.435511,4480870.80805
68,-327093.529066,4482220.84595
68,-327108.420708,4482275.61825
68,-327097.160005,4482279.64151
68,-327062.019365,4482302.81559
68,-327141.643801,4482389.37121
68,-327184.646905,4482470.58526
68,-327245.812193,4482496.86356
68,-327003.72076,4482571.01065
