9,-399487.05699,4478218.82022
9,-378475.555178,4478814.37376
9,-347196.88194,4475736.59941
9,-351796.197841,4476312.16859
9,-349479.727958,4476322.8433
9,-353072.239493,4476760.22437
9,-349401.00574,4476359.64248
9,-380238.758239,4480150.22631
9,-338570.602154,4475405.54106
9,-338665.845568,4475453.11231
9,-385717.146146,4481073.48664
9,-337389.467125,4475606.34157
9,-337099.450063,4475574.18873
9,-337132.782275,4475689.06023
9,-334596.158185,4475414.95526
9,-337954.165076,4475833.56703
9,-339592.26641,4476025.32687
9,-334444.12893,4475471.11364
9,-346762.690915,4476849.52511
9,-334508.321097,4475516.97947
9,-337277.804863,4475867.23875
9,-334032.247825,4475567.16189
9,-334057.557018,4475576.03307
9,-333935.463803,4475598.78102
9,-333421.486391,4475613.90682
9,-333697.326763,4475821.7848
9,-333701.522433,4475846.86728
9,-333455.058408,4475901.35282
9,-352720.674074,4478059.77331
9,-337355.7986,4476372.07731
9,-333381.801696,4475938.32591
9,-333297.993746,4475932.25889
9,-353391.424752,4478202.85128
9,-337484.188179,4476532.0678
9,-337725.897639,4476584.65015
9,-337484.064835,4476604.73573
9,-337704.031117,4476749.75096
9,-352427.643187,4478873.80245
9,-369587.019781,4481017.04461
9,-339255.168938,4477591.41779
9,-336015.037346,4479856.51219
9,-336505.87134,4479978.50523
9,-336262.92951,4479962.9026
9,-336250.31161,4479966.0092
9,-335930.851511,4480131.47516
9,-351349.490075,4481875.8682
9,-335277.499657,4480312.56159
9,-335186.355419,4480309.21581
9,-337631.925615,4480618.38476
9,-334034.988685,4480503.32665
9,-339830.037333,4481224.68351
9,-340269.318375,4481778.3949
