62,-327344.059125,4473760.12015
62,-327517.647637,4473784.94093
62,-327562.546851,4473793.46862
62,-327619.492829,4473801.96586
62,-327486.892617,4473791.54917
62,-327007.613286,4473741.20165
62,-327358.734779,4473781.63305
62,-327193.997466,4473769.57975
62,-327543.741308,4473813.25963
62,-327082.920924,4473764.53676
62,-327246.797722,4473784.19813
62,-327530.938803,4473824.1341
62,-327011.462019,4473769.3334
62,-327255.64602,4473806.23228
62,-327407.402294,4473825.57135
62,-327202.041473,4473805.98902
62,-327222.506652,4473821.63664
62,-327048.573237,4473811.84491
62,-327185.062403,4473836.79455
62,-327136.678324,4473872.719
62,-327184.719231,4473905.61565
62,-327053.023405,4473949.83535
62,-327207.704003,4473987.51458
62,-327134.875527,4474122.36348
62,-327322.964636,4474164.27115
62,-327162.082168,4474199.80265
62,-327268.304527,4474288.26958
62,-327402.949292,4474394.83677
62,-327485.532364,4474507.63813
62,-327401.081669,4474500.43872
62,-327478.916804,4474509.50346
62,-327399.941355,4474509.17879
62,-327435.969875,4474517.18474
62,-327159.373971,4474516.146
62,-327506.583287,4474592.17735
62,-327189.724595,4474560.13747
62,-327331.489004,4474590.66183
62,-327159.579448,4474606.7338
62,-327053.371574,4474675.77764
62,-327103.901125,4474703.69878
62,-327463.518642,4474743.91792
62,-327184.282458,4474714.08777
62,-327086.181945,4474704.1219
62,-327092.565735,4474705.94812
62,-327100.786088,4474717.09978
62,-327104.198372,4474719.16349
62,-327129.048268,4474724.81636
62,-327137.83602,4474756.86931
62,-327140.633005,4474794.57356
62,-327133.748259,4474794.15672
62,-327142.750304,4474802.1275
