170,-317997.684844,4463193.89178
170,-316913.80022,4463129.83122
170,-317074.913937,4463150.67196
170,-317298.554168,4463182.8028
170,-317600.242618,4463215.711
170,-317235.88375,4463181.28551
170,-317561.588317,4463216.63796
170,-316524.300467,4463106.251
170,-317225.319571,4463185.40366
170,-317465.938137,4463212.31975
170,-318363.027167,4463309.48896
170,-318714.158521,4463347.95097
170,-317783.578867,4463259.71919
170,-317357.825909,4463215.32383
170,-318793.069908,4463374.44908
170,-318357.454119,4463327.35349
170,-318363.49632,4463337.80302
170,-317035.722421,4463201.34564
170,-317458.765878,4463263.49133
170,-317231.848031,4463242.77919
170,-316970.886874,4463215.56315
170,-316906.528784,4463213.30334
170,-317132.281372,4463238.60902
170,-317293.006562,4463266.65316
170,-316876.036789,4463279.6438
170,-316877.75364,4463289.77137
170,-316867.617999,4463300.69199
170,-316876.501704,4463384.39825
170,-316827.679248,4463404.28508
170,-317139.742495,4463442.65429
170,-316844.169488,4463464.42335
170,-316740.720796,4463509.94424
170,-316604.127076,4463503.27188
170,-317348.355092,4463593.34416
170,-316832.171464,4463551.51776
170,-316958.678699,4463723.7395
170,-316692.971737,4463720.59639
170,-316502.686574,4463713.5825
170,-316740.217125,4463905.48093
170,-316778.454263,4463985.57219
170,-317732.472723,4464103.24357
170,-316843.247117,4464009.45324
170,-317403.153475,4464122.25215
170,-316714.920079,4464148.51368
170,-318495.747224,4464347.74153
170,-316671.16606,4464257.51594
170,-316514.556011,4464263.96141
170,-316741.17588,4464331.05206
170,-316603.591392,4464318.90938
170,-317528.52839,4464424.64949
170,-317669.297679,4464471.00866
170,-316964.213729,4464464.00526
