208,-309175.005799,4511426.08474
208,-312601.34009,4513573.29761
208,-294410.3311,4511655.21634
208,-292590.235533,4511570.50658
208,-298072.147092,4512158.31008
208,-293422.915643,4511697.80764
208,-297991.371233,4512190.36063
208,-300624.892487,4512750.2899
208,-291987.885656,4512154.77617
208,-293889.009292,4512610.83519
208,-291761.999172,4512454.75085
208,-292497.122786,4512772.25611
208,-292602.198858,4513194.74651
208,-303114.153084,4514517.07666
208,-274419.63558,4512078.94066
208,-274385.031826,4512191.18491
208,-274444.271705,4512461.07747
208,-274306.3885,4512675.01922
208,-274289.559051,4512711.17126
208,-264362.071401,4512254.81952
208,-300823.693805,4516231.18511
208,-273428.679481,4513360.43809
208,-272850.339961,4513528.31774
208,-294155.925932,4515795.04059
208,-277036.195037,4514065.47723
208,-300672.200127,4516639.4453
208,-279321.095682,4514527.38817
208,-294018.873489,4516528.0347
208,-266995.953581,4513771.30136
208,-266710.161115,4513844.94266
208,-294128.133329,4516813.50797
208,-266400.862136,4514034.22309
208,-291108.951864,4516622.25172
208,-291107.475788,4516704.91765
208,-270192.618594,4514734.5678
208,-247882.3682,4514096.52179
208,-292327.832577,4519464.34809
208,-292293.502826,4520254.44912
208,-263287.796703,4518116.58506
208,-264830.051669,4518943.65031
208,-264280.007487,4518953.64065
208,-264290.110434,4518972.33147
208,-287779.538866,4521446.89857
208,-261229.541348,4520949.07281
208,-261138.918455,4521043.0258
208,-292971.326049,4524613.05516
208,-278300.48338,4523077.46766
208,-292791.70235,4525683.08623
208,-279810.264964,4524475.54833
208,-258289.327295,4523701.35215
208,-258133.52596,4523762.06884
208,-259237.109607,4524244.36681
