24,-330604.814158,4472753.83741
24,-330610.46459,4472765.49929
24,-331439.823775,4472879.72374
24,-331465.516235,4472944.1439
24,-330478.895122,4472854.1393
24,-330493.076852,4472877.74593
24,-330457.284134,4472882.55078
24,-330429.551694,4472900.90479
24,-333075.417884,4473260.00696
24,-333034.987748,4473257.23543
24,-332075.517811,4473185.41161
24,-330351.739676,4473002.11709
24,-332990.027368,4473296.77702
24,-331498.53256,4473184.73638
24,-330078.251083,4473079.96399
24,-332000.777349,4473356.94013
24,-330103.105135,4473154.52497
24,-329955.005868,4473166.78772
24,-330002.386799,4473202.22195
24,-329672.075593,4473176.12943
24,-329435.903803,4473163.05279
24,-329374.292275,4473158.53659
24,-329458.063439,4473168.72068
24,-329594.021434,4473189.61982
24,-329366.396765,4473166.98539
24,-329444.038412,4473179.71776
24,-329375.25427,4473178.72797
24,-329423.541366,4473184.78801
24,-329786.185063,4473234.97178
24,-329607.717521,4473225.3036
24,-329414.224732,4473206.48613
24,-329698.801437,4473257.81081
24,-331601.028734,4473473.73297
24,-329713.956896,4473313.95532
24,-331575.345033,4473529.86965
24,-329446.994629,4473332.86552
24,-331620.168377,4473572.72919
24,-331545.758497,4473612.23167
24,-329736.210375,4473549.75009
24,-329631.545468,4473540.71247
24,-329725.396137,4473684.15015
24,-329760.248849,4473744.91638
24,-329714.523706,4473769.88909
24,-329752.344901,4473820.04312
24,-331316.047399,4474004.89386
24,-331621.652621,4474138.8301
24,-331758.030729,4474159.10141
24,-329931.86758,4474119.35447
24,-329990.345348,4474143.06299
24,-329973.024164,4474156.16729
24,-329998.005747,4474248.10306
