34,-329145.809634,4472124.66168
34,-329081.46418,4472148.95094
34,-329063.786897,4472149.45088
34,-329069.293765,4472165.07539
34,-329271.291744,4472198.7084
34,-328877.250252,4472167.08624
34,-328889.791103,4472179.16442
34,-329054.710052,4472219.04789
34,-328851.809625,4472200.15355
34,-328889.530348,4472210.48968
34,-328885.678065,4472219.26646
34,-328884.415531,4472230.76823
34,-328883.113691,4472253.15506
34,-329279.072595,4472304.1323
34,-329036.134306,4472280.2798
34,-328859.852213,4472267.68673
34,-329072.753983,4472294.06333
34,-329055.506364,4472305.12431
34,-328852.575902,4472285.2873
34,-328872.84299,4472291.45468
34,-329311.024217,4472344.63577
34,-329050.797837,4472316.43553
34,-329050.798999,4472326.94959
34,-328863.895423,4472313.75323
34,-328873.622264,4472325.14707
34,-328856.741108,4472328.92646
34,-329152.839664,4472364.77663
34,-329293.887337,4472384.98627
34,-328724.100221,4472324.11941
34,-328879.13077,4472352.59968
34,-329032.372625,4472371.11272
34,-328763.773226,4472352.14107
34,-328849.183603,4472378.03776
34,-328860.581049,4472380.79084
34,-328880.56208,4472384.29844
34,-328704.200644,4472365.87943
34,-328886.781696,4472393.42985
34,-329328.036645,4472442.24587
34,-328625.683037,4472375.62413
34,-328595.575446,4472385.6877
34,-329087.388568,4472447.55926
34,-328930.804945,4472433.18379
34,-329141.500366,4472459.88458
34,-328902.159682,4472434.92057
34,-329308.172801,4472480.51694
34,-329070.671049,4472456.42535
34,-328873.738805,4472437.24532
34,-329038.233242,4472455.8677
34,-329238.407701,4472478.14931
34,-329003.634307,4472455.26066
34,-328861.671454,4472456.38515
34,-328951.716862,4472482.94237
