87,-326586.881417,4471677.95358
87,-326451.252061,4471676.40176
87,-326462.800756,4471677.77819
87,-326439.99719,4471675.50805
87,-326448.316446,4471677.09426
87,-326475.610746,4471681.88337
87,-326445.846303,4471679.07673
87,-326486.977835,4471687.29497
87,-326460.418481,4471684.50111
87,-326446.228008,4471684.29989
87,-326440.870229,4471684.95262
87,-326440.711512,4471685.61108
87,-326443.916958,4471686.41241
87,-326442.534977,4471687.16229
87,-326446.192963,4471687.78786
87,-326437.09119,4471687.01714
87,-326466.419696,4471699.35035
87,-326642.364966,4471718.94468
87,-326449.819636,4471699.78654
87,-326496.543216,4471711.54543
87,-326458.154024,4471707.56957
87,-326466.058361,4471711.36318
87,-326461.226218,4471711.1723
87,-326613.814461,4471731.43903
87,-326474.343257,4471718.01443
87,-326614.967237,4471734.1822
87,-326444.351259,4471725.20773
87,-326521.962174,4471735.05289
87,-326447.239624,4471728.1145
87,-326615.728051,4471761.19761
87,-326585.978153,4471763.01016
87,-326452.925956,4471749.80026
87,-326615.011374,4471772.49576
87,-326509.547081,4471764.55731
87,-326660.835326,4471788.77557
87,-326444.850097,4471771.33164
87,-326443.139993,4471776.66381
87,-326645.957111,4471800.66376
87,-326670.914269,4471804.89749
87,-326651.790858,4471806.74658
87,-326583.487834,4471801.59822
87,-326648.579164,4471820.27975
87,-326654.59198,4471824.7001
87,-326652.349578,4471825.3933
87,-326658.460615,4471829.4718
87,-326467.799095,4471818.51572
87,-326504.754086,4471822.60514
87,-326522.704404,4471832.79237
87,-326448.155562,4471829.02662
87,-326467.14658,4471832.34397
87,-326465.927452,4471834.27184
