112,-324647.118133,4436950.28762
112,-325546.780892,4447164.45866
112,-324790.030987,4452154.20328
112,-325442.219342,4455419.2739
112,-325307.879543,4457234.63958
112,-324580.609716,4457211.31092
112,-325264.260766,4457522.5307
112,-324552.436896,4457469.16306
112,-324677.970611,4457488.24808
112,-324901.97131,4457523.86433
112,-325267.026114,4458220.55082
112,-325000.033176,4458231.85802
112,-324590.100392,4458208.68879
112,-324702.069112,4458259.33536
112,-324931.435158,4458658.95362
112,-324662.136876,4458745.40439
112,-325509.828489,4459158.85212
112,-325520.034599,4459189.47182
112,-325555.415798,4459207.28994
112,-324857.750852,4459143.74905
112,-324854.070589,4459149.6557
112,-325583.185362,4459263.92459
112,-324832.071246,4459268.10945
112,-324816.227358,4459323.59949
112,-324805.136414,4459397.62663
112,-324802.251411,4459402.60616
112,-324815.768135,4459443.49554
112,-324792.745698,4459480.40976
112,-324800.322726,4459523.24334
112,-325519.594015,4459674.96354
112,-325585.586446,4459690.59704
112,-325507.070317,4459701.82444
112,-325419.846089,4459708.70305
112,-325334.695526,4459705.62681
112,-325616.650502,4459738.46833
112,-324930.068312,4459696.64678
112,-324895.186522,4459695.47534
112,-325289.258425,4459738.74829
112,-325026.371529,4459739.41673
112,-324782.497727,4459726.16967
112,-324732.633889,4459897.07654
112,-325158.407244,4459944.23955
112,-324745.904615,4459939.66807
112,-324668.930837,4460336.53366
112,-325591.266386,4460477.24036
112,-324651.392069,4460436.87855
112,-324665.290458,4460560.13513
112,-325560.32121,4460693.84513
112,-324525.292836,4460660.9068
112,-324641.168477,4460900.15093
112,-324596.604887,4461103.62498
112,-324596.768083,4461165.99224
112,-324614.095149,4461243.49472
112,-324557.155987,4461567.13354
