124,-325236.992551,4476294.2885
124,-325381.864764,4476358.0146
124,-325385.372641,4476365.52851
124,-324769.675451,4476322.75165
124,-324885.333971,4476336.53998
124,-324904.640149,4476339.76696
124,-325134.470554,4476416.94482
124,-325277.635873,4476542.77613
124,-325061.558042,4476532.27503
124,-325259.11368,4476555.0201
124,-325263.262319,4476588.33044
124,-325280.199364,4476593.1803
124,-324885.831088,4476604.093
124,-324883.613751,4476646.84353
124,-325241.838504,4476746.19619
124,-324752.71448,4476805.04814
124,-325108.025208,4476867.38515
124,-324812.14636,4476868.62194
124,-324698.613994,4476930.15907
124,-325249.409929,4476993.40137
124,-324706.209036,4476961.0297
124,-324728.156318,4476986.48693
124,-324745.008487,4477079.97068
124,-324862.90336,4477111.83665
124,-324684.569895,4477139.05943
124,-325621.283403,4477253.42344
124,-324814.718803,4477198.92627
124,-324774.515275,4477199.93429
124,-324880.375584,4477254.16056
124,-324862.298329,4477282.22265
124,-324837.894547,4477281.05055
124,-324909.430947,4477351.39117
124,-324886.332113,4477360.6904
124,-324926.610464,4477371.33796
124,-324902.367819,4477422.00878
124,-324911.296695,4477433.25672
124,-324910.659824,4477470.72875
124,-324915.654423,4477480.47771
124,-324816.075508,4477498.34857
124,-324804.353482,4477498.64287
124,-324544.410863,4477471.78204
124,-324806.591349,4477501.14045
124,-324808.522674,4477531.76351
124,-325004.598577,4477570.22874
124,-324778.313487,4477548.28204
124,-324676.455147,4477542.20643
124,-324957.265756,4477580.2169
124,-324836.347047,4477573.4423
124,-324667.697407,4477586.64044
124,-325030.155647,4477668.53081
124,-325046.192635,4477794.94163
124,-325071.153991,4477807.85633
