202,-312901.952908,4471698.3936
202,-312959.541176,4471708.0838
202,-312365.900325,4471653.08759
202,-311702.278624,4471591.54994
202,-311804.665009,4471806.63596
202,-311763.061832,4471949.5341
202,-312872.097116,4472167.14489
202,-311425.234738,4472126.11198
202,-312915.697865,4472346.91306
202,-305231.704103,4471651.25851
202,-312691.0162,4472565.34707
202,-312665.05005,4472582.92983
202,-312763.552698,4472626.7481
202,-312650.415812,4472672.21187
202,-312485.525765,4472953.44604
202,-312505.057682,4473033.42459
202,-311798.413676,4472999.3476
202,-311609.72297,4473005.1743
202,-311406.920675,4472998.11757
202,-312029.760994,4473135.46779
202,-311346.261003,4473112.96002
202,-311345.123501,4473159.78447
202,-297245.447809,4471671.48794
202,-312703.256431,4473358.55766
202,-311266.958429,4473263.51342
202,-311891.636149,4473428.62719
202,-311806.70461,4473495.38332
202,-311903.249304,4473554.97662
202,-307204.187977,4473070.92442
202,-311629.202368,4473667.04076
202,-306927.669512,4473227.18824
202,-309640.929669,4473529.4425
202,-311491.455797,4473799.00081
202,-296242.742215,4472462.40989
202,-311090.935203,4474194.96134
202,-311010.579421,4474236.69208
202,-310776.463284,4474460.09617
202,-310550.075547,4474620.63644
202,-310788.802184,4474649.7811
202,-303440.847762,4474071.49668
202,-309891.201681,4474896.83459
202,-309765.947484,4474942.03962
202,-303154.114259,4474536.19419
202,-301931.046312,4474570.95031
202,-302289.085732,4474831.67979
202,-302576.886932,4475065.27222
202,-302599.979564,4475104.30856
202,-289643.992948,4474024.06918
202,-291687.31564,4474420.90422
202,-292106.639705,4474570.30892
202,-292860.938485,4474866.54058
202,-292848.965628,4474876.52194
202,-286725.584382,4474949.97004
