56,-327361.176353,4445222.30789
56,-327562.108816,4455666.03007
56,-327552.866089,4456804.69835
56,-327542.600117,4457048.73875
56,-327501.959523,4457234.28674
56,-327298.005637,4458320.17146
56,-327256.011137,4458515.51656
56,-327067.690158,4459510.30308
56,-327074.609785,4459525.95943
56,-327080.958223,4459596.33873
56,-327127.474275,4459628.22045
56,-327404.098466,4459751.44234
56,-327391.865817,4459761.81009
56,-327135.024973,4459811.51207
56,-327441.283873,4462194.30388
56,-327320.071437,4463106.94015
56,-327081.469845,4463091.07681
56,-327153.397484,4463422.36318
56,-327159.764477,4463452.23161
56,-327142.807456,4463504.21963
56,-327145.708005,4463533.25886
56,-327200.076724,4463543.81633
56,-327088.96065,4463596.89475
56,-327061.446736,4463693.91058
56,-327465.93498,4463768.85528
56,-327132.927009,4463838.46008
56,-327024.303291,4463863.20086
56,-327030.722754,4463940.78779
56,-327174.854765,4463981.92224
56,-327025.502529,4464051.54754
56,-327520.334223,4464920.22354
56,-327600.136691,4465308.87085
56,-327550.797225,4465622.03096
56,-327035.597265,4465985.12209
56,-327029.504358,4466361.04958
56,-327554.296621,4466507.42491
56,-327542.278503,4466556.79822
56,-327304.877245,4466532.07043
56,-327531.457435,4466576.4416
56,-327124.835508,4466540.88014
56,-327480.310402,4466614.5621
56,-327015.64311,4466756.02024
56,-327506.240841,4466820.18453
56,-327028.385104,4466980.4372
56,-327398.026923,4467033.80645
56,-327461.725279,4467466.1831
56,-327008.187095,4467452.99966
56,-327306.677306,4467614.39485
56,-327307.229271,4467616.48275
56,-327358.374753,4467630.07577
56,-327298.165173,4467626.41719
56,-327100.34018,4467615.70361
56,-327001.284782,4467657.2471
