190,-315273.540122,4470150.00169
190,-315521.226154,4470203.00341
190,-315618.37498,4470234.70433
190,-315706.536098,4470393.00309
190,-315693.288138,4470393.78501
190,-315107.096849,4470341.32164
190,-315781.275802,4470444.03747
190,-315747.939388,4470460.48883
190,-315778.41037,4470501.61208
190,-314994.397591,4470452.97106
190,-315816.636988,4470563.16511
190,-315915.737015,4470599.17257
190,-315991.401558,4470683.15492
190,-316027.283047,4470752.51843
190,-314066.145681,4470557.16643
190,-316013.986304,4470790.11981
190,-314797.169435,4470663.90826
190,-313581.098776,4470564.91861
190,-316104.265314,4470863.68325
190,-316195.113189,4470891.96597
190,-316096.546041,4470885.17755
190,-316190.373778,4470962.27872
190,-315713.064339,4470928.61786
190,-314700.377227,4470860.97763
190,-316237.228236,4471030.51034
190,-316314.155248,4471092.19658
190,-316461.236278,4471253.34947
190,-314528.9277,4471045.15361
190,-316462.988184,4471261.9839
190,-314392.817437,4471051.08011
190,-316495.793454,4471334.32944
190,-315978.701068,4471295.8284
190,-316476.468244,4471353.63422
190,-316486.790112,4471355.1518
190,-316470.109995,4471361.16665
190,-316473.473832,4471368.51156
190,-316470.188256,4471370.85875
190,-316474.655954,4471388.991
190,-316456.83913,4471387.76943
190,-314277.961927,4471157.93108
190,-316433.33104,4471392.88479
190,-316465.187585,4471398.84804
190,-316446.625645,4471400.51509
190,-316416.283537,4471399.93724
190,-316439.043148,4471403.60764
190,-316465.86146,4471406.87354
190,-316421.112728,4471412.95795
190,-316419.57485,4471421.57452
190,-314896.365803,4471361.53589
190,-313516.745404,4471270.11314
190,-312995.495198,4471290.46147
190,-313979.661379,4471427.03748
190,-313091.917628,4471429.94675
