135,-324072.128343,4472189.89658
135,-324486.513451,4472239.44673
135,-324462.073612,4472261.71475
135,-324160.94899,4472273.17221
135,-323807.413512,4472311.65062
135,-323708.543132,4472313.91566
135,-324468.323256,4472456.33768
135,-324463.486297,4472499.52187
135,-324469.888337,4472596.40855
135,-324127.186144,4472601.45395
135,-322962.893304,4472499.23047
135,-323821.583243,4472654.03727
135,-323768.499745,4472697.46393
135,-322971.138499,4472627.0588
135,-324124.014703,4472757.02226
135,-323958.736505,4472769.92119
135,-323020.221041,4472668.51735
135,-323808.723542,4472759.18141
135,-322974.220567,4472670.63194
135,-324096.532603,4472798.92805
135,-323951.069656,4472788.5694
135,-323332.195431,4472726.00565
135,-323384.684233,4472737.24896
135,-323857.053658,4472791.14868
135,-323512.576874,4472754.57766
135,-323589.490881,4472763.26093
135,-323833.996818,4472790.69365
135,-323541.633896,4472769.12282
135,-322573.135131,4472666.80085
135,-323368.344341,4472754.72619
135,-323365.423988,4472754.97082
135,-323719.397248,4472795.725
135,-323618.346901,4472784.8319
135,-323175.18042,4472745.10428
135,-322511.212012,4472672.73564
135,-323330.488573,4472762.31084
135,-323349.382074,4472776.30991
135,-322567.088043,4472697.96969
135,-323262.329548,4472773.8827
135,-323501.815151,4472801.60862
135,-323172.786099,4472767.30102
135,-322624.452836,4472707.86928
135,-322564.548315,4472705.05862
135,-322906.036067,4472742.42053
135,-322956.226001,4472748.7588
135,-322690.731609,4472720.08096
135,-322458.715117,4472700.06026
135,-322776.089529,4472738.39333
135,-322611.359947,4472727.05296
135,-322676.053433,4472738.94934
135,-322530.830322,4472727.24344
135,-322910.756659,4472778.59247
