12,-346219.669122,4508316.04274
12,-345075.147369,4508974.36155
12,-345107.320584,4509030.80113
12,-345977.450686,4510536.15016
12,-334872.301378,4509386.16207
12,-335542.907925,4509566.88659
12,-349966.519363,4511218.9541
12,-349974.975428,4511313.17767
12,-349983.747142,4511676.46138
12,-346731.819058,4511727.15847
12,-350774.269871,4512344.4639
12,-376350.093357,4515403.4586
12,-346897.030169,4512040.73991
12,-347235.647941,4512761.42124
12,-347252.236372,4512766.57574
12,-371203.670872,4516197.61981
12,-367424.207529,4516135.5886
12,-369348.540373,4516377.55123
12,-367798.181197,4516413.34101
12,-368425.097864,4516560.22077
12,-347641.114314,4514295.09649
12,-352882.866787,4514995.93931
12,-367144.143981,4516748.73853
12,-364935.575388,4516926.89307
12,-348633.564817,4515191.10457
12,-351017.154245,4515713.0855
12,-350955.572353,4516011.97555
12,-350958.733754,4516089.87019
12,-350822.148703,4517184.2727
12,-349690.889659,4517165.89509
12,-349671.557705,4517176.47969
12,-349735.720082,4517211.62825
12,-349656.903105,4517215.7011
12,-349624.635491,4517241.44905
12,-349634.521059,4517285.24842
12,-349567.91216,4517278.16316
12,-348794.518408,4517242.39302
12,-350073.115397,4517477.5244
12,-351900.86141,4517732.0249
12,-350186.357728,4517547.21037
12,-349050.529981,4517478.48785
12,-348657.902009,4517447.06739
12,-351646.002752,4517797.0952
12,-348716.947807,4517473.90569
12,-349838.919303,4517608.46433
12,-350526.257042,4517704.98764
12,-349863.120438,4517642.04765
12,-349852.864008,4517707.96858
12,-349782.281577,4517723.02748
12,-349601.668203,4517718.38828
12,-349560.206979,4517735.26889
12,-348937.940982,4517778.99694
