191,-316423.814415,4471440.04891
191,-316401.942724,4471497.18748
191,-316364.997129,4471497.22735
191,-316367.313547,4471503.73383
191,-316372.698336,4471505.80936
191,-316381.743161,4471511.60172
191,-316371.85097,4471515.27831
191,-316370.932455,4471520.50162
191,-316360.816236,4471526.80922
191,-316306.66617,4471547.75437
191,-316359.461885,4471556.16406
191,-316336.617542,4471555.94651
191,-316330.878274,4471570.33568
191,-316338.697904,4471578.12843
191,-316322.210423,4471583.97532
191,-316317.871807,4471584.3221
191,-316307.632668,4471583.76699
191,-316335.902871,4471587.39729
191,-316317.916224,4471589.46338
191,-316329.111751,4471598.93656
191,-316307.784929,4471619.93932
191,-316271.227418,4471628.0695
191,-315031.676706,4471504.16992
191,-316294.894348,4471645.45984
191,-316292.218193,4471668.58876
191,-316298.568916,4471673.01529
191,-316269.215599,4471675.44801
191,-316305.668394,4471688.39655
191,-316290.587504,4471686.87889
191,-316289.266174,4471690.79517
191,-316263.331423,4471694.64632
191,-316269.739979,4471709.05948
191,-316284.597809,4471715.8452
191,-314178.311341,4471490.64125
191,-315153.715154,4471601.37254
191,-315155.3536,4471610.1855
191,-316304.661519,4471735.4203
191,-316227.218388,4471735.42803
191,-314301.43057,4471535.50626
191,-315966.837573,4471731.11555
191,-313492.994488,4471479.33495
191,-315841.084113,4471768.23946
191,-315293.339068,4471720.08602
191,-315235.502446,4471727.04267
191,-315246.084314,4471729.31109
191,-314327.746081,4471632.02099
191,-313047.079752,4471524.87166
191,-314315.483734,4471669.43042
191,-313893.411126,4471640.70172
191,-313722.160408,4471652.98261
191,-314637.036717,4471752.7027
191,-313645.836342,4471764.10348
