3,-392814.873664,4460217.07754
3,-346104.874786,4460233.95957
3,-346482.459248,4460938.39181
3,-346880.609047,4461426.16127
3,-333744.983508,4460183.76004
3,-333842.61544,4460206.51942
3,-333760.448451,4460198.41687
3,-333770.765788,4460204.62135
3,-334237.669554,4460260.1241
3,-334232.748464,4460265.39591
3,-333916.629873,4460230.80544
3,-334219.945266,4460264.74177
3,-334214.860656,4460287.27796
3,-334209.833424,4460304.00709
3,-334235.019641,4460313.15551
3,-334234.707836,4460333.02861
3,-334225.377556,4460332.37359
3,-341952.52133,4461200.21816
3,-334383.864114,4460363.52793
3,-334510.285684,4460465.13046
3,-334210.70367,4460452.61415
3,-334216.743128,4460477.88425
3,-336416.842487,4460761.62361
3,-333405.340923,4460447.40393
3,-334204.675511,4460563.8694
3,-334097.597892,4460628.32389
3,-334187.017776,4460652.05586
3,-334190.811195,4460693.78661
3,-333170.87229,4460607.61539
3,-334179.827229,4460821.193
3,-333534.071593,4460917.44764
3,-334084.047329,4460980.21946
3,-336314.716262,4461354.26975
3,-334422.788473,4461245.08755
3,-333158.010976,4461121.25364
3,-334100.680556,4461265.57574
3,-334101.581228,4461290.28033
3,-336144.937481,4461572.70609
3,-334127.39111,4461362.02556
3,-336431.079439,4461621.41195
3,-336087.082111,4461607.67223
3,-335088.690498,4461528.36986
3,-334076.376751,4461544.18463
3,-334026.605982,4461963.44317
3,-334025.18229,4461967.22963
3,-334014.461745,4462152.68608
3,-334007.472421,4462154.36143
3,-333993.117845,4462242.73088
3,-333985.150989,4462286.16397
3,-333170.161661,4462282.41328
3,-333995.088267,4462475.77619
3,-333155.262567,4462509.73217
