203,-309201.926644,4475116.69804
203,-309816.927091,4475229.85699
203,-309098.967041,4475165.41053
203,-308981.944872,4475191.27932
203,-308625.904122,4475316.97069
203,-308456.414055,4475359.88174
203,-310034.414567,4475559.41458
203,-308336.614746,4475406.08818
203,-308118.572129,4475503.49435
203,-308005.087557,4475524.1195
203,-309908.914985,4475948.07582
203,-307442.80664,4475690.11981
203,-307563.801491,4475853.70561
203,-306996.146397,4475813.86969
203,-302518.403947,4475612.04127
203,-306422.243092,4476089.82874
203,-306334.111299,4476096.22958
203,-306060.431224,4476182.15234
203,-305416.870695,4476121.57834
203,-305754.958654,4476193.21913
203,-303672.101302,4476034.24529
203,-305443.453549,4476232.53644
203,-304560.104183,4476153.63353
203,-304487.311285,4476170.97108
203,-305790.295408,4476387.19336
203,-305696.19237,4476410.34182
203,-303457.584548,4476180.47213
203,-296712.024179,4475712.96503
203,-302970.881544,4476394.80973
203,-294818.767156,4475585.54308
203,-307389.220316,4476982.30254
203,-309137.761694,4477209.77825
203,-302000.183606,4476487.95269
203,-309070.129285,4477340.53614
203,-303147.855408,4477195.64495
203,-304462.203829,4477643.73997
203,-304301.068372,4477737.78133
203,-283798.031187,4475800.13719
203,-303255.573577,4477850.37151
203,-301547.518395,4477749.02721
203,-302254.105407,4477866.05788
203,-281797.337232,4476125.28157
203,-281838.327326,4476131.40045
203,-281629.655338,4476144.44451
203,-277474.157422,4476085.58899
203,-276595.641515,4476170.81798
203,-275397.319687,4476284.18971
203,-269735.857645,4475707.6685
203,-268702.950968,4475780.5163
203,-268526.164114,4475811.58366
203,-260363.432057,4476208.64013
203,-261612.135506,4477623.80801
