22,-332176.837102,4470459.66829
22,-331666.07145,4470461.02591
22,-331562.613973,4470559.65699
22,-329992.35373,4470389.83748
22,-329948.436391,4470388.19035
22,-332115.126585,4470634.80676
22,-331422.386195,4470559.69633
22,-329758.182416,4470384.50737
22,-329752.786868,4470391.01185
22,-332062.40887,4470646.0538
22,-331986.181061,4470641.52725
22,-329712.336692,4470394.05919
22,-332164.398304,4470669.42382
22,-331943.513629,4470650.58084
22,-332151.19631,4470690.42293
22,-330039.054938,4470472.92295
22,-329672.765732,4470434.49438
22,-329614.801545,4470430.82195
22,-329858.078534,4470478.95316
22,-329567.455175,4470448.62657
22,-329716.466305,4470472.29993
22,-329588.501897,4470495.31041
22,-331259.275963,4470683.56714
22,-329340.266856,4470500.50127
22,-331886.953698,4470780.59574
22,-332118.512782,4470905.36459
22,-332133.22242,4471020.22817
22,-330147.010279,4470827.23617
22,-329880.884193,4470878.21691
22,-332127.330574,4471135.81103
22,-329341.57047,4470862.92514
22,-329341.133288,4470885.85766
22,-329858.657954,4470959.81347
22,-332091.949513,4471276.86266
22,-329362.400143,4470985.07117
22,-332105.089373,4471321.50416
22,-332154.701989,4471330.15788
22,-329550.960642,4471099.27516
22,-331611.654023,4471327.87435
22,-329361.814063,4471085.94103
22,-330522.119212,4471267.08048
22,-329354.884398,4471145.10991
22,-329366.826225,4471147.66019
22,-329344.828653,4471156.9606
22,-330714.78308,4471308.84839
22,-329618.229248,4471216.57235
22,-329643.477462,4471251.07542
22,-329349.05071,4471251.2164
22,-329634.963117,4471313.07461
22,-329935.653804,4471353.31681
22,-329346.960533,4471337.35557
