80,-326777.808482,4474310.8844
80,-326834.717882,4474335.48056
80,-326797.05342,4474339.23855
80,-326768.209119,4474352.6365
80,-326801.657909,4474360.46916
80,-326807.287043,4474373.13863
80,-326808.53478,4474374.40177
80,-326817.29448,4474386.96371
80,-326800.296212,4474387.12873
80,-326798.478792,4474402.92474
80,-326812.409746,4474410.19592
80,-326818.012011,4474414.93999
80,-326788.584666,4474441.04
80,-326801.231234,4474447.38196
80,-326789.687674,4474449.15844
80,-326799.228517,4474456.96236
80,-326800.331737,4474465.86932
80,-326804.942668,4474468.06419
80,-326786.399641,4474495.76983
80,-326762.092172,4474507.2993
80,-326795.160082,4474511.48583
80,-326803.406395,4474525.56854
80,-326871.18433,4474546.6254
80,-326788.932153,4474541.44202
80,-326977.424722,4474579.55807
80,-326774.169408,4474574.18018
80,-326795.90554,4474594.02144
80,-326792.721542,4474620.70662
80,-326966.923191,4474683.27743
80,-326822.56049,4474667.79417
80,-326982.223521,4474692.27619
80,-326950.954164,4474689.07425
80,-326988.119127,4474697.76602
80,-326982.518974,4474699.85564
80,-326953.683324,4474697.371
80,-326982.629589,4474702.00798
80,-326855.49769,4474688.18732
80,-326770.201297,4474679.96671
80,-326829.952007,4474687.30276
80,-326980.857153,4474704.74242
80,-326766.117683,4474682.44793
80,-326785.929096,4474686.64638
80,-326807.624198,4474692.6283
80,-326781.564952,4474691.68762
80,-326803.479586,4474695.66603
80,-326866.031335,4474705.90011
80,-326928.460012,4474713.30519
80,-326903.758181,4474712.6255
80,-326894.757745,4474711.75173
80,-326913.367808,4474728.01807
80,-326910.941,4474730.0838
80,-326849.336191,4474743.14611
