188,-316362.070038,4467560.64383
188,-316269.623763,4467581.85268
188,-316333.166577,4467652.8823
188,-315252.877146,4467558.29182
188,-314905.318779,4467528.25633
188,-315076.657509,4467592.43731
188,-316323.683709,4467766.15651
188,-313905.842688,4467552.21967
188,-316303.505441,4467825.34369
188,-316354.496623,4467837.46915
188,-315458.367376,4467802.37498
188,-315675.896283,4467910.73737
188,-313882.23446,4467826.82629
188,-313883.871203,4467848.88972
188,-315271.327899,4468014.82267
188,-315719.99805,4468070.86644
188,-313147.00109,4467892.43066
188,-316445.010134,4468279.64469
188,-314955.258948,4468124.52527
188,-313023.962921,4467993.1343
188,-316372.015953,4468361.76129
188,-313010.864418,4467999.71918
188,-313017.603821,4468009.56339
188,-313005.484219,4468011.07463
188,-313005.929307,4468018.21537
188,-313019.075988,4468021.65578
188,-313033.089314,4468024.28873
188,-313026.097346,4468036.93443
188,-313041.873479,4468040.09475
188,-315701.056296,4468329.6056
188,-313036.912973,4468042.71364
188,-313047.99752,4468048.40921
188,-313032.537434,4468049.56111
188,-313180.46546,4468071.88951
188,-313037.133019,4468073.69833
188,-313013.353659,4468079.69738
188,-313059.291074,4468090.83019
188,-313927.035168,4468216.89477
188,-313929.894315,4468239.91183
188,-313934.940957,4468296.36695
188,-314215.399963,4468363.77063
188,-314128.843493,4468377.41607
188,-313998.603767,4468396.82895
188,-314043.489953,4468441.5609
188,-314015.918223,4468449.58395
188,-313945.777552,4468460.94572
188,-315989.991113,4468701.84596
188,-313035.598896,4468456.0994
188,-313044.179682,4468479.42696
188,-313022.563788,4468479.01583
188,-313695.028172,4468574.52634
