82,-326933.054636,4475284.68229
82,-326884.438154,4475287.23813
82,-326884.634513,4475290.18836
82,-326851.388562,4475293.97865
82,-326948.370366,4475313.28289
82,-326871.995575,4475308.29016
82,-326966.933844,4475321.73855
82,-326895.498471,4475314.35834
82,-326869.307247,4475315.42991
82,-326961.985522,4475338.43048
82,-326882.872102,4475333.92585
82,-326906.575558,4475361.08029
82,-326873.316139,4475358.67357
82,-326869.643159,4475389.81093
82,-326877.334461,4475390.76666
82,-326872.137978,4475391.54876
82,-326876.59,4475448.13288
82,-326869.499596,4475454.3395
82,-326912.699256,4475466.49823
82,-326896.037701,4475474.59559
82,-326993.772525,4475537.57655
82,-326861.914232,4475539.34183
82,-326858.703839,4475562.30697
82,-326839.666818,4475565.28909
82,-326855.349257,4475578.68547
82,-326848.841832,4475585.10618
82,-326982.346413,4475623.62241
82,-326847.250976,4475632.01648
82,-326852.277027,4475635.15822
82,-326842.584598,4475650.87951
82,-326852.612808,4475659.75117
82,-326847.980302,4475666.45249
82,-326953.588115,4475679.7198
82,-326840.904075,4475680.43299
82,-326863.549294,4475684.04185
82,-326847.840197,4475695.38634
82,-326843.780997,4475696.06779
82,-326840.443077,4475696.25383
82,-326979.935964,4475730.93253
82,-326846.747425,4475729.0594
82,-326970.978473,4475754.16875
82,-326850.493985,4475751.77341
82,-326844.958394,4475765.92279
82,-326946.628643,4475783.48974
82,-326944.346275,4475802.72679
82,-326899.767342,4475803.2462
82,-326883.872214,4475802.06679
82,-326956.738638,4475834.27391
82,-326965.754974,4475859.48081
82,-326975.330375,4475868.52838
82,-326963.9104,4475867.61417
82,-326847.66042,4475875.59528
