96,-326726.094906,4474686.39796
96,-326676.666533,4474683.68558
96,-326684.321951,4474684.97492
96,-326682.292124,4474685.31572
96,-326711.079086,4474689.03306
96,-326684.641143,4474689.17763
96,-326703.547258,4474692.15026
96,-326660.220379,4474687.51575
96,-326679.615713,4474690.7672
96,-326671.556918,4474689.99688
96,-326672.718763,4474690.4621
96,-326673.049684,4474692.97647
96,-326661.654307,4474698.14852
96,-326671.64606,4474701.83401
96,-326676.662341,4474710.60646
96,-326700.802542,4474714.82843
96,-326671.526698,4474711.62075
96,-326719.90419,4474717.59726
96,-326699.543834,4474717.6192
96,-326689.369876,4474717.96879
96,-326485.380826,4474695.62094
96,-326695.05758,4474722.98501
96,-326675.235256,4474722.84068
96,-326655.119792,4474723.79069
96,-326706.444698,4474731.32912
96,-326726.01136,4474735.38799
96,-326684.116015,4474732.7124
96,-326690.867978,4474739.08429
96,-326692.94704,4474739.8753
96,-326704.69908,4474741.72618
96,-326687.150755,4474739.80341
96,-326687.323122,4474743.76476
96,-326678.934405,4474743.63411
96,-326706.256022,4474755.1885
96,-326653.844502,4474752.82512
96,-326677.656676,4474764.78339
96,-326622.248268,4474758.93789
96,-326710.124184,4474768.90407
96,-326677.817311,4474770.43307
96,-326674.333216,4474773.7685
96,-326752.3692,4474783.40802
96,-326695.247518,4474786.87367
96,-326710.595642,4474792.27257
96,-326701.694511,4474796.02821
96,-326669.399024,4474794.29185
96,-326644.036761,4474791.73829
96,-326681.82451,4474799.48312
96,-326702.443273,4474805.79744
96,-326707.176396,4474808.45626
96,-326670.942906,4474846.6141
96,-326733.566665,4474856.96794
96,-326660.336774,4474873.83768
