118,-325537.0997,4472336.48646
118,-324926.448457,4472276.04281
118,-325116.678875,4472302.35864
118,-325023.260206,4472292.15064
118,-325146.642783,4472316.78388
118,-324707.003288,4472273.82059
118,-325175.245256,4472325.19224
118,-325303.096952,4472358.32497
118,-325179.815535,4472366.62306
118,-325324.495795,4472389.27328
118,-325192.773754,4472393.38201
118,-325637.355012,4472456.93087
118,-325283.380142,4472421.38545
118,-325163.13825,4472432.00939
118,-325345.30479,4472458.11525
118,-325403.65392,4472467.30969
118,-325186.87564,4472444.17758
118,-325568.815492,4472512.39982
118,-325291.794788,4472483.12806
118,-325276.277423,4472490.33008
118,-325173.091473,4472498.23368
118,-325307.789822,4472519.1175
118,-324789.209793,4472470.73923
118,-324784.471309,4472483.73755
118,-325160.648439,4472602.49112
118,-325178.080502,4472607.09959
118,-325160.413752,4472608.91943
118,-325185.801558,4472612.5615
118,-325231.416267,4472620.92626
118,-325185.438611,4472629.67608
118,-325007.07868,4472644.34568
118,-324696.277452,4472619.59137
118,-325024.169048,4472658.42278
118,-325197.298731,4472691.60363
118,-324666.096755,4472634.84527
118,-325166.886757,4472696.3555
118,-324961.412081,4472676.34451
118,-325185.306185,4472720.70419
118,-324703.025871,4472754.4404
118,-324712.346379,4472755.57121
118,-324690.613406,4472757.02663
118,-324709.401335,4472759.52954
118,-324702.112431,4472760.42279
118,-324703.984945,4472762.31684
118,-324678.263792,4472762.21029
118,-324704.868011,4472766.13019
118,-324683.917819,4472767.5585
118,-324717.236906,4472771.87406
118,-324716.735848,4472772.49512
118,-324693.571686,4472773.56891
118,-324697.070479,4472774.85218
118,-324682.332096,4472774.14324
