201,-312885.533476,4465215.99663
201,-309571.4962,4464904.52163
201,-308948.593674,4465380.44986
201,-309542.717359,4465642.91227
201,-312574.684646,4465995.00202
201,-306860.306038,4465737.73971
201,-307100.584801,4465767.68351
201,-307951.737888,4465897.57248
201,-308198.589575,4465945.74708
201,-305654.342639,4465675.79439
201,-312677.649669,4466612.31223
201,-305622.435523,4465868.24417
201,-299282.109444,4465655.71125
201,-296046.355379,4465458.86076
201,-287400.548712,4464904.74714
201,-286722.189418,4464838.66787
201,-286644.08322,4464920.42124
201,-287203.947848,4464984.51214
201,-286981.974007,4464975.36393
201,-286822.161171,4464986.18592
201,-286681.094185,4464982.42516
201,-286693.329866,4464983.81013
201,-286525.208972,4464982.97544
201,-286621.006356,4465000.81074
201,-286453.096587,4464992.12551
201,-286602.836151,4465025.69275
201,-286082.641901,4465034.83244
201,-312973.80431,4468018.02555
201,-312987.854908,4468087.98846
201,-310546.697431,4468803.27716
201,-308979.116148,4468635.84936
201,-310583.835858,4468974.40302
201,-310654.966171,4469247.55725
201,-310709.092992,4469423.91899
201,-288030.125359,4467228.22834
201,-310869.692548,4469828.24082
201,-297811.050594,4468470.80806
201,-310920.651854,4469964.11009
201,-258753.479278,4465109.11836
201,-311417.190077,4470994.06281
201,-311433.123371,4471028.42322
201,-312685.604616,4471334.75726
201,-312686.961939,4471398.35688
201,-312915.313196,4471504.38066
201,-312500.874139,4471473.17474
201,-312257.023732,4471512.64451
201,-295106.957825,4469730.03607
201,-261036.381456,4466569.82848
201,-251445.935554,4465934.67767
201,-296355.926868,4470622.19072
