171,-317642.405358,4464597.14418
171,-318500.338409,4464933.92679
171,-318039.93976,4464954.1394
171,-318943.567444,4465119.67472
171,-318337.963929,4465077.76174
171,-318758.562845,4465129.94641
171,-318998.272197,4465156.56195
171,-316641.931797,4464936.23504
171,-318840.129644,4465212.40522
171,-318992.489053,4465230.58289
171,-316648.911321,4465056.69477
171,-316576.155242,4465131.6023
171,-316606.709803,4465252.46526
171,-316604.030761,4465362.5077
171,-316586.16336,4465467.09661
171,-318928.373039,4465758.3104
171,-318102.566398,4465758.03888
171,-317445.013236,4465725.24861
171,-316593.115176,4465695.84577
171,-318914.99321,4466042.09474
171,-316519.142475,4465849.45052
171,-316858.144386,4465957.53563
171,-318892.003911,4466189.59827
171,-316791.15702,4465969.08047
171,-318666.050267,4466178.76713
171,-318146.973249,4466134.35436
171,-318685.732932,4466194.74778
171,-318999.211148,4466231.49573
171,-317136.572502,4466031.86793
171,-317116.782466,4466031.3067
171,-318433.108155,4466174.05546
171,-318532.512451,4466190.32845
171,-316960.894681,4466025.16717
171,-318811.097421,4466226.67125
171,-318330.097457,4466175.17395
171,-317001.96576,4466035.75813
171,-318475.463337,4466200.82124
171,-316717.891469,4466015.8181
171,-318771.508675,4466242.43009
171,-318731.384098,4466238.31241
171,-316625.818631,4466018.37673
171,-317224.657837,4466088.70904
171,-318722.583231,4466258.75503
171,-318915.423072,4466287.17363
171,-318792.060237,4466280.01297
171,-318704.387818,4466274.69009
171,-318541.540886,4466258.30559
171,-318847.242681,4466330.01541
171,-318679.436716,4466382.68135
171,-316509.148389,4466209.47218
171,-317506.380302,4466402.90463
171,-316507.599146,4466380.97139
