149,-322123.107859,4472640.78961
149,-322317.848152,4472664.99467
149,-322096.17073,4472640.97593
149,-321824.330953,4472613.32758
149,-321892.444997,4472630.87858
149,-321503.018521,4472593.07682
149,-322282.187514,4472680.60559
149,-322355.036775,4472694.76876
149,-321859.99177,4472641.23184
149,-322271.293026,4472686.77328
149,-322375.016227,4472698.25157
149,-321892.065353,4472649.72395
149,-321847.582396,4472646.12018
149,-322060.147894,4472671.85374
149,-321550.999392,4472619.84953
149,-322090.983323,4472681.21427
149,-321904.418262,4472662.78148
149,-321906.523685,4472664.68877
149,-322199.434759,4472698.27308
149,-322187.165827,4472696.93689
149,-322400.106559,4472724.89709
149,-322362.563703,4472721.34573
149,-322268.837966,4472711.69975
149,-321585.70987,4472638.03512
149,-321230.752875,4472604.8993
149,-321551.254559,4472642.91228
149,-322009.394078,4472696.00818
149,-321691.842091,4472661.82784
149,-321025.853882,4472591.06383
149,-320842.378665,4472573.50752
149,-321134.354649,4472606.38521
149,-321561.039464,4472654.57471
149,-321172.929495,4472617.16131
149,-321288.1253,4472630.96151
149,-320754.893778,4472574.69471
149,-321246.047885,4472634.71797
149,-321043.231393,4472614.49359
149,-321807.295986,4472698.19189
149,-321463.953792,4472661.01574
149,-322076.600032,4472729.76514
149,-320728.783229,4472586.4964
149,-320734.355775,4472588.30722
149,-321801.42861,4472705.1405
149,-320989.8014,4472626.53157
149,-320509.157539,4472578.76148
149,-320507.546308,4472580.27562
149,-320721.855839,4472603.7621
149,-321084.064904,4472645.21604
149,-320931.496394,4472634.74297
149,-322217.619021,4472780.59899
149,-320418.471207,4472666.81452
