129,-324226.013092,4463790.29242
129,-324333.583478,4463814.05495
129,-324318.72699,4463821.44746
129,-324236.057854,4463826.29994
129,-324366.844726,4463842.67957
129,-324272.175411,4463833.94875
129,-324036.95173,4463814.83002
129,-324034.666948,4463815.89905
129,-324343.632647,4463850.09702
129,-324240.383417,4463839.94807
129,-324455.388029,4463865.61119
129,-323805.599891,4463808.60741
129,-323687.035156,4463796.61937
129,-324109.314579,4463846.40286
129,-324302.72558,4463877.59504
129,-323790.028069,4463873.59773
129,-323605.223289,4463855.32681
129,-324340.754426,4463945.5159
129,-323849.697924,4463897.54753
129,-324202.699198,4463951.06156
129,-324407.868848,4463999.30501
129,-324361.947312,4464005.22919
129,-324337.213655,4464026.86322
129,-324287.754323,4464022.26621
129,-324263.540492,4464024.63039
129,-324204.897582,4464024.95813
129,-324149.085678,4464018.88201
129,-324359.762873,4464166.27231
129,-322636.495342,4463986.31449
129,-323627.265224,4464127.07514
129,-324329.757501,4464303.2247
129,-324291.863277,4464325.45276
129,-324341.657463,4464346.86814
129,-324308.4204,4464430.98462
129,-324291.085586,4464441.71105
129,-323614.339852,4464398.60099
129,-324295.69597,4464473.52323
129,-322604.361929,4464297.97772
129,-323983.813062,4464621.636
129,-324376.670859,4464665.73186
129,-324358.128931,4464698.93075
129,-324277.373709,4464834.41026
129,-324270.049267,4464899.27382
129,-323784.104465,4465498.91542
129,-323876.231926,4465618.52832
129,-324273.088161,4465680.62823
129,-324439.626533,4465726.39808
129,-324451.760504,4465727.73148
129,-324199.153784,4465701.44997
129,-324357.235963,4465725.12489
129,-324206.327006,4465712.81825
129,-322748.670112,4465864.42538
