121,-325567.330748,4472918.2795
121,-325504.17342,4472918.14242
121,-325459.896832,4472915.77889
121,-325558.572488,4472944.1742
121,-325442.848383,4472931.51974
121,-325581.617917,4472954.0158
121,-325509.514528,4472947.82036
121,-325453.126025,4472943.15245
121,-325197.181266,4472917.24329
121,-325190.643548,4472924.97626
121,-325271.166543,4472933.95882
121,-325286.637191,4472938.51102
121,-325134.247264,4472923.31723
121,-325474.991424,4472962.43873
121,-325144.592972,4472942.01905
121,-325035.931202,4472932.62066
121,-325101.932483,4472941.5237
121,-325144.510095,4472946.74064
121,-324992.388935,4472932.02955
121,-325137.677745,4472954.55408
121,-325134.85189,4472957.73687
121,-324749.797636,4472949.6745
121,-325129.329092,4473026.17824
121,-325646.751486,4473162.5673
121,-325150.458468,4473126.70531
121,-324905.099562,4473111.03972
121,-324648.815367,4473089.68321
121,-324649.101049,4473096.58502
121,-325105.123215,4473147.83599
121,-325132.460745,4473200.20326
121,-325130.04126,4473203.86973
121,-325129.37708,4473238.16199
121,-325099.73276,4473240.66594
121,-324726.782867,4473207.90579
121,-325131.096135,4473315.16684
121,-325092.358389,4473327.15172
121,-325129.669267,4473344.07064
121,-325094.634733,4473342.86529
121,-325104.158355,4473386.51606
121,-324630.740183,4473362.19485
121,-325111.074589,4473476.44508
121,-325106.242602,4473529.04671
121,-325094.511378,4473589.60079
121,-325089.705817,4473590.76497
121,-325334.143109,4473620.5994
121,-325327.433376,4473631.17431
121,-325112.59181,4473607.83058
121,-325279.900988,4473629.31073
121,-324998.288327,4473604.71795
121,-325184.713102,4473628.29677
121,-324597.755718,4473595.90878
