57,-327506.712198,4467674.42176
57,-327215.802848,4467667.53171
57,-327313.623087,4467690.39816
57,-327519.166331,4467716.15504
57,-327393.630775,4468157.60451
57,-327081.689165,4468257.84689
57,-327447.717761,4469187.98677
57,-327564.200464,4469230.25172
57,-327204.499794,4469211.37686
57,-327172.356007,4469218.33454
57,-327078.847588,4469210.91759
57,-327078.179711,4469220.9821
57,-327286.396141,4469245.6845
57,-327057.566844,4469474.3064
57,-327043.772739,4469516.38852
57,-327051.103254,4469566.63967
57,-327060.635947,4469765.47888
57,-327044.417013,4469803.57843
57,-327048.538145,4469818.51498
57,-327061.540938,4470069.256
57,-327038.53661,4470300.80466
57,-327001.120804,4470336.17085
57,-327197.15878,4470440.94784
57,-327065.83349,4470441.81481
57,-327067.641252,4470561.22401
57,-327344.623554,4470707.19672
57,-327316.857838,4470725.93343
57,-327039.268095,4470710.92993
57,-327314.68407,4470745.78315
57,-327393.081946,4470777.83612
57,-327278.832381,4470786.9137
57,-327254.177734,4470832.6497
57,-327072.310434,4470855.31449
57,-327025.001157,4470859.93479
57,-327263.513384,4470913.63628
57,-327028.575952,4470892.99195
57,-327232.182401,4470918.21408
57,-327181.394373,4470912.91545
57,-327171.427049,4470922.14949
57,-327556.421165,4470972.08825
57,-327357.915472,4470953.8363
57,-327201.239036,4470942.7607
57,-327058.297653,4470930.26344
57,-327112.655015,4470943.11981
57,-327362.290038,4470973.27308
57,-327464.206694,4470988.3825
57,-327024.885912,4470941.21119
57,-327178.411414,4470977.09474
57,-327037.718348,4470990.3007
57,-327040.767649,4470991.42303
57,-327006.493999,4470989.13502
