67,-327496.515565,4475800.65587
67,-327500.612045,4475803.5835
67,-327468.368946,4475801.39785
67,-327524.590446,4475811.62124
67,-327456.228289,4475807.04994
67,-327419.314266,4475803.22562
67,-327502.728924,4475815.08029
67,-327252.023966,4475801.09633
67,-327277.419914,4475804.10707
67,-327608.3992,4475845.93687
67,-327151.984595,4475809.72481
67,-327608.083688,4475865.38999
67,-327165.301188,4475817.83122
67,-327511.856185,4475858.21109
67,-327614.760787,4475874.79639
67,-327153.087659,4475824.15158
67,-327623.613506,4475877.79543
67,-327585.623864,4475875.09129
67,-327532.118005,4475870.91019
67,-327518.020268,4475870.71517
67,-327607.217499,4475881.17801
67,-327123.708225,4475833.77109
67,-327517.495569,4475878.65544
67,-327577.714612,4475887.96623
67,-327593.096487,4475890.66784
67,-327609.432063,4475893.36148
67,-327560.218113,4475890.32698
67,-327540.26344,4475888.25017
67,-327124.615436,4475846.82464
67,-327609.066228,4475901.43184
67,-327614.996454,4475902.6458
67,-327580.528245,4475899.42689
67,-327620.623018,4475920.83597
67,-327624.584851,4475923.41099
67,-326999.133374,4475856.04408
67,-327618.092901,4475928.10562
67,-327559.354592,4475926.6168
67,-327615.990547,4475933.84516
67,-327606.184577,4475934.00825
67,-327023.444802,4475879.21097
67,-327594.924729,4475943.47406
67,-327596.479723,4475961.66804
67,-327126.431102,4475947.16432
67,-327475.255472,4475998.38164
67,-327001.538127,4475959.71456
67,-327081.79997,4475993.18489
67,-327011.240106,4475992.09334
67,-327066.322072,4475998.47146
67,-327077.205966,4476010.59148
67,-327043.827928,4476013.23925
67,-327066.460854,4476021.69132
67,-327020.072677,4476018.18142
