85,-326669.52017,4465853.92508
85,-326745.060772,4465911.13067
85,-326574.807682,4465908.29831
85,-326537.748424,4465923.3979
85,-326664.221323,4465974.65547
85,-326677.456117,4466050.9259
85,-326690.470924,4466080.47331
85,-326674.000024,4466124.06609
85,-326690.995156,4466128.85167
85,-326693.08439,4466193.62072
85,-326708.732578,4466283.18726
85,-326739.198645,4466383.72218
85,-326728.708773,4466385.27909
85,-326721.486454,4466385.50355
85,-326719.552467,4466385.74274
85,-326601.890686,4466372.88537
85,-326712.053685,4466393.25839
85,-326706.485046,4466395.01521
85,-326730.44529,4466400.33693
85,-326738.073941,4466403.53599
85,-326693.854443,4466398.7036
85,-326660.041853,4466396.24767
85,-326667.465961,4466404.49296
85,-326666.10368,4466416.9594
85,-326677.331554,4466438.0104
85,-326709.45657,4466443.21058
85,-326745.946793,4466476.70931
85,-326700.661122,4466487.19148
85,-326607.512713,4466480.9548
85,-326657.998486,4466488.27377
85,-326649.552184,4466520.0154
85,-326659.219672,4466533.12397
85,-326674.820645,4466700.6302
85,-326511.688479,4466885.47016
85,-326612.103379,4466957.1208
85,-326616.467006,4467001.85268
85,-326602.287776,4467012.81699
85,-326573.605427,4467080.0803
85,-326604.444326,4467196.98857
85,-326648.004044,4467433.10616
85,-326652.078412,4467449.53474
85,-326593.282538,4467492.67952
85,-326586.365527,4467527.40412
85,-326659.858286,4467536.45128
85,-326664.570976,4467556.00215
85,-326515.110175,4467606.5715
85,-326685.890364,4467648.10474
85,-326507.734279,4467650.25685
85,-326549.068306,4467840.06252
85,-326639.488701,4467990.85635
85,-326673.485365,4468242.93925
85,-326680.252841,4468302.3635
