140,-320315.787503,4432913.09155
140,-320955.624177,4433532.81192
140,-320498.914341,4450137.65976
140,-321062.728385,4455050.38771
140,-321365.784889,4455083.36135
140,-322077.893187,4457885.53294
140,-321348.782192,4457829.18121
140,-322224.881487,4457926.20289
140,-322326.462891,4457937.96224
140,-321853.42532,4457887.33438
140,-320806.884033,4457799.3496
140,-322369.222299,4457974.50203
140,-322342.566856,4457996.20716
140,-320948.99984,4457845.47216
140,-320910.256064,4457857.8325
140,-321140.420004,4457932.95932
140,-320777.894683,4457910.84862
140,-320435.451968,4457875.37625
140,-320161.834359,4457873.5987
140,-320047.743176,4457879.73016
140,-321489.417424,4458272.55017
140,-320807.360806,4458254.4551
140,-319957.301405,4458260.08724
140,-321482.474196,4458467.56281
140,-321474.253786,4458580.78216
140,-322417.04377,4458740.67559
140,-321891.479254,4458820.24933
140,-320786.083344,4458727.73567
140,-320842.758941,4458738.55514
140,-320643.002415,4458769.19604
140,-320788.553439,4458873.26944
140,-320094.425933,4459321.78729
140,-321141.379947,4459470.77637
140,-320012.450309,4459382.47757
140,-321728.173491,4459588.96386
140,-321252.361589,4459549.03634
140,-321343.011947,4459563.93597
140,-320992.733022,4459794.76214
140,-322338.399961,4460298.40932
140,-321351.125081,4460213.20339
140,-322305.080306,4460320.80861
140,-322276.223557,4460330.06563
140,-321326.194117,4460239.65711
140,-321590.393556,4460457.6064
140,-322140.968554,4460648.57779
140,-320923.070769,4460597.07048
140,-321323.36862,4460777.53807
140,-321266.694044,4460797.74708
140,-320882.22029,4460768.58903
140,-321020.844133,4460842.39004
140,-320653.594286,4460876.14369
140,-322407.303181,4461292.07236
140,-320722.587028,4461269.19487
