152,-321181.964388,4474622.01911
152,-321546.548435,4474687.83863
152,-322342.402282,4474827.25252
152,-322081.715948,4474824.55386
152,-320901.377062,4474716.82991
152,-322057.794858,4474851.97281
152,-322078.939519,4474870.61862
152,-322076.170064,4474891.2649
152,-321495.747072,4474878.38132
152,-322039.490028,4474984.19212
152,-320224.527626,4474815.17929
152,-322276.161169,4475042.12852
152,-320215.817129,4474853.63689
152,-320129.198613,4474884.39021
152,-322220.462492,4475185.80333
152,-321158.368192,4475113.29167
152,-320190.866188,4475029.99616
152,-322275.086317,4475261.74259
152,-321168.38442,4475145.91579
152,-320199.045753,4475129.9884
152,-320195.182712,4475174.2773
152,-322034.09383,4475411.20377
152,-321051.286595,4475394.26096
152,-320170.601164,4475354.15657
152,-321172.141135,4475492.97156
152,-320152.692002,4475409.75648
152,-321018.977424,4475753.38166
152,-321154.630741,4475798.55785
152,-321202.252208,4475827.76887
152,-321391.719346,4476037.41908
152,-320100.980697,4475900.43647
152,-320065.601832,4475909.97942
152,-321396.463042,4476056.14299
152,-320579.148305,4476120.70298
152,-321330.415332,4476365.78111
152,-321936.384391,4476441.39386
152,-319996.23697,4476230.71473
152,-321077.603407,4476354.96148
152,-319981.261012,4476309.99012
152,-320346.052863,4476359.24041
152,-320137.87084,4476341.4709
152,-320849.213654,4476429.94494
152,-320204.722584,4476369.01353
152,-320900.104066,4476446.37552
152,-321768.080981,4476547.83707
152,-321740.708277,4476547.14013
152,-320350.02264,4476399.39276
152,-321549.717217,4476545.10215
152,-320722.770158,4476455.4179
152,-319962.691856,4476508.05715
152,-319962.609347,4476545.20048
152,-319964.692736,4476569.83113
