122,-325509.627558,4473653.12723
122,-325367.822737,4473645.27775
122,-325285.311192,4473640.6027
122,-325300.053963,4473652.35199
122,-325103.008317,4473651.35252
122,-325102.67711,4473694.00494
122,-325079.231931,4473713.51828
122,-325078.536393,4473725.19006
122,-325099.354251,4473776.46215
122,-325073.853576,4473834.11417
122,-325063.022123,4473925.97771
122,-325061.739358,4473939.61272
122,-325089.334861,4473943.38437
122,-325070.805664,4474276.62808
122,-325055.300294,4474281.84853
122,-325033.490867,4474363.02789
122,-324797.85608,4474347.52864
122,-325053.220725,4474434.83873
122,-325546.248136,4474498.33868
122,-325639.72498,4474523.06305
122,-325282.437669,4474489.37128
122,-325622.733288,4474535.84665
122,-325434.317313,4474528.74864
122,-325298.334122,4474516.68966
122,-325425.758971,4474531.75467
122,-325207.12151,4474510.15641
122,-325161.777456,4474506.71051
122,-324546.177276,4474475.45646
122,-325347.439388,4474587.27735
122,-325035.739978,4474642.23729
122,-325012.243145,4474649.80515
122,-325031.003605,4474672.32237
122,-325320.757436,4474715.58007
122,-325166.177942,4474775.37745
122,-325204.584649,4474824.9704
122,-325265.045697,4474840.81987
122,-325250.718796,4474849.05207
122,-325215.880475,4474845.24141
122,-325216.033352,4474858.09864
122,-325190.085081,4474855.37311
122,-324999.758542,4474836.54074
122,-325311.56479,4474878.00991
122,-325174.219083,4474866.59089
122,-325216.577684,4474871.3366
122,-325218.292264,4474877.04331
122,-325225.666197,4474878.52569
122,-325232.848696,4474888.8854
122,-325209.400118,4474922.70201
122,-324757.718731,4474989.66166
122,-325177.323148,4475080.85991
122,-324984.694164,4475060.1639
122,-324978.885961,4475101.39528
122,-324977.497513,4475107.43838
