81,-326897.470799,4474751.02336
81,-326915.766236,4474757.19628
81,-326905.030887,4474761.87711
81,-326907.81343,4474787.07607
81,-326771.071866,4474774.00551
81,-326894.180925,4474795.26923
81,-326901.702894,4474800.93725
81,-326864.725917,4474807.13517
81,-326919.82906,4474814.97663
81,-326846.715014,4474812.5957
81,-326856.400341,4474814.33299
81,-326915.500154,4474861.58679
81,-326797.806027,4474855.0299
81,-326788.668669,4474862.44294
81,-326894.230472,4474890.45759
81,-326897.572783,4474905.80537
81,-326912.935043,4474919.76717
81,-326879.652589,4474930.19966
81,-326998.92114,4474958.02871
81,-326901.938815,4474955.28343
81,-326896.448654,4474956.37133
81,-326911.074772,4474961.24105
81,-326887.623788,4474971.2867
81,-326890.033722,4474975.14414
81,-326888.885208,4474978.74673
81,-326900.111711,4474983.01855
81,-326891.014408,4474984.61222
81,-326766.945137,4474972.92973
81,-326769.721331,4474974.47303
81,-326810.821919,4474982.01859
81,-326888.40169,4475000.54639
81,-326881.188806,4475007.0776
81,-326893.148249,4475008.61369
81,-326834.278374,4475039.89671
81,-326899.731334,4475074.21741
81,-326887.229375,4475102.92269
81,-326825.33081,4475099.40504
81,-326910.280953,4475110.74355
81,-326912.361702,4475113.88907
81,-326836.936927,4475106.53448
81,-326887.134156,4475113.27537
81,-326856.539194,4475110.25992
81,-326866.346525,4475112.46127
81,-326842.880575,4475110.00197
81,-326889.104485,4475119.79933
81,-326873.637116,4475123.3982
81,-326900.210325,4475131.4924
81,-326862.208116,4475168.47541
81,-326870.215669,4475230.48425
81,-326878.351202,4475247.14597
81,-326879.810785,4475265.44143
81,-326889.228639,4475275.93574
