166,-319778.243614,4479829.80182
166,-319736.202866,4479829.61838
166,-319763.625824,4479836.88245
166,-319759.496824,4479837.44662
166,-319740.790403,4479835.9738
166,-319772.733651,4479843.05415
166,-319772.152194,4479848.39654
166,-319725.748719,4479846.94997
166,-319757.738159,4479851.21985
166,-319780.161676,4479855.91275
166,-319793.396995,4479859.94351
166,-319582.037284,4479837.05441
166,-319793.412041,4479862.98584
166,-319542.590041,4479840.08225
166,-319806.113586,4479871.1254
166,-319796.852727,4479871.13099
166,-319744.594689,4479867.01993
166,-319785.317022,4479881.70033
166,-319806.675772,4479963.75882
166,-319145.141095,4479906.53498
166,-319463.081436,4479943.26013
166,-319410.616927,4479939.4666
166,-319807.893552,4479985.96456
166,-319015.006744,4479959.1638
166,-319150.732557,4480060.41321
166,-319115.722433,4480112.57546
166,-319104.399052,4480123.91184
166,-319085.950213,4480122.46844
166,-319085.644666,4480136.89506
166,-319150.331624,4480160.3725
166,-319136.347074,4480164.03178
166,-319265.886844,4480270.23136
166,-319130.901743,4480255.54803
166,-319527.334391,4480322.33888
166,-319482.204664,4480420.47271
166,-319400.48653,4480418.3376
166,-319357.128789,4480416.77327
166,-319482.48746,4480435.36898
166,-319420.450625,4480433.68611
166,-319395.822702,4480434.1596
166,-319382.810942,4480432.85643
166,-319435.741933,4480442.67013
166,-319433.226152,4480443.52255
166,-319431.067567,4480447.4545
166,-319391.558524,4480446.30873
166,-319423.398375,4480450.33635
166,-319401.724504,4480448.31582
166,-319397.644331,4480448.43494
166,-319376.4715,4480446.58162
166,-319414.056544,4480454.27499
166,-319423.685897,4480457.23728
166,-319412.716876,4480458.6339
