38,-329237.278164,4473424.92737
38,-329096.391119,4473413.76958
38,-329231.515745,4473432.73562
38,-329307.575646,4473458.18083
38,-329012.097841,4473431.72767
38,-328990.861576,4473430.52187
38,-329150.602703,4473450.1286
38,-329196.996866,4473456.36274
38,-329029.570901,4473439.66222
38,-328892.788633,4473425.38417
38,-329002.663044,4473440.07521
38,-329013.650671,4473442.59995
38,-328731.453552,4473413.67364
38,-328976.819403,4473441.37118
38,-328959.406757,4473440.77689
38,-329056.503961,4473452.19558
38,-328994.185932,4473447.59293
38,-328828.452132,4473431.27421
38,-328841.478825,4473434.95758
38,-329121.328789,4473468.13635
38,-329236.386651,4473481.71055
38,-328828.100582,4473439.68429
38,-329088.20759,4473472.57531
38,-329148.061208,4473483.83606
38,-329262.221313,4473505.58067
38,-328894.765794,4473465.22008
38,-329061.74366,4473493.87709
38,-328903.349435,4473477.79938
38,-328910.056009,4473479.85386
38,-328940.14545,4473485.97446
38,-329078.562193,4473502.4834
38,-329162.812149,4473511.97435
38,-328907.182118,4473486.29723
38,-328925.017257,4473496.1413
38,-328895.58624,4473494.59903
38,-329137.595551,4473521.18284
38,-329172.108467,4473525.16181
38,-328638.782701,4473467.15751
38,-328894.47702,4473496.73022
38,-329169.747941,4473528.50732
38,-328847.997999,4473493.87928
38,-329061.150641,4473521.60274
38,-329007.576615,4473518.91778
38,-328904.062917,4473517.30505
38,-328606.535851,4473484.6377
38,-328911.281985,4473519.97907
38,-328883.56015,4473523.5473
38,-328896.153612,4473526.20319
38,-328941.637038,4473531.56986
38,-328874.191626,4473531.53047
38,-328819.447246,4473531.66968
38,-328819.240582,4473532.21023
