106,-326377.846316,4472929.02514
106,-326183.660645,4472917.23283
106,-326432.940196,4472949.73313
106,-326333.786311,4472949.20816
106,-326325.717424,4472949.06836
106,-326221.711213,4472938.8111
106,-326051.788274,4472922.47615
106,-326050.591898,4472927.33886
106,-326004.992674,4472927.86871
106,-326095.510446,4472941.26514
106,-326247.232434,4472961.02325
106,-326362.89666,4472976.22911
106,-325940.045036,4472930.14541
106,-326132.921187,4472954.43768
106,-325982.44997,4472938.53579
106,-325925.052815,4472934.00932
106,-325928.089969,4472939.15506
106,-325992.102206,4472948.03972
106,-325859.782494,4472938.65966
106,-326336.011796,4472990.9368
106,-325832.823331,4472936.06559
106,-325715.148175,4472929.276
106,-326328.597375,4472996.69207
106,-325708.254744,4472929.00635
106,-325660.256482,4472929.69254
106,-325686.31905,4472936.74442
106,-326134.24224,4472989.87189
106,-325739.911837,4472947.82759
106,-326432.507162,4473023.65617
106,-326088.826189,4472986.59149
106,-326080.264135,4472985.65456
106,-325958.435158,4472973.27024
106,-325986.95176,4472976.58182
106,-325981.127652,4472977.07096
106,-326003.287891,4472980.43054
106,-326083.121955,4472995.16984
106,-326009.660221,4472991.00614
106,-325864.731008,4472975.78035
106,-325702.371042,4472958.95496
106,-325919.993639,4472986.15153
106,-325667.784694,4472960.9954
106,-325743.533146,4472972.36686
106,-325795.014129,4472978.09957
106,-326430.662277,4473112.21427
106,-326218.766878,4473204.47427
106,-326429.141734,4473346.11324
106,-326392.512687,4473379.71336
106,-326423.500098,4473461.73988
106,-325758.417208,4473472.30183
106,-326406.169349,4473596.54961
106,-325891.328492,4473626.16566
