127,-324517.125664,4459699.2047
127,-324096.46545,4459695.6992
127,-323923.128203,4459713.02113
127,-323492.863967,4459704.06554
127,-323582.645941,4459749.67748
127,-323908.578337,4459796.9087
127,-323787.515643,4459794.23689
127,-323352.701301,4459788.32961
127,-322699.593753,4460011.72529
127,-323574.047749,4460121.69881
127,-323969.320079,4460250.0702
127,-322457.72867,4460150.83327
127,-322664.962637,4460394.66171
127,-324426.009009,4460649.88045
127,-323523.123162,4460595.07528
127,-322518.216816,4460576.89589
127,-323504.754986,4460754.04868
127,-322751.71882,4460729.65822
127,-322489.28917,4460922.80229
127,-322663.941008,4460949.98218
127,-324516.702888,4461795.57315
127,-324520.71815,4461804.1192
127,-323653.038539,4461727.52951
127,-323434.434808,4461721.70675
127,-323343.773461,4461727.05707
127,-323537.66763,4461755.30592
127,-324517.204674,4461867.80954
127,-323571.087504,4461790.81095
127,-323836.626502,4461847.45563
127,-322711.13555,4461792.71708
127,-324518.535423,4462037.80525
127,-324487.049138,4462380.47721
127,-324478.986681,4462418.68078
127,-324436.224615,4462473.60518
127,-324426.952742,4462503.79328
127,-322792.209597,4462351.59929
127,-322732.372922,4462437.67247
127,-324451.02917,4462660.37352
127,-324012.484993,4462756.24403
127,-323556.203633,4462738.59832
127,-323564.317917,4462763.69454
127,-323566.15562,4462764.34486
127,-323581.295997,4462767.9059
127,-322669.217261,4462671.70455
127,-323560.535549,4462829.34762
127,-322567.764143,4462751.23044
127,-323549.37673,4462868.38545
127,-322984.277081,4462819.34296
127,-323340.708086,4462875.20345
127,-322904.975624,4462846.65147
127,-322504.534523,4462842.2286
