168,-317695.084643,4419631.4073
168,-317929.122069,4430495.01203
168,-317798.213022,4448112.60945
168,-318452.969429,4451926.4524
168,-318992.07278,4452233.18775
168,-317257.972957,4452232.62769
168,-318497.543053,4453275.28192
168,-318331.536887,4453655.80923
168,-318901.793707,4454458.36101
168,-318672.54264,4454784.94908
168,-318741.959659,4454805.38365
168,-317424.222696,4454891.02636
168,-316712.006698,4455218.09534
168,-316792.798039,4456574.44794
168,-316848.364965,4456682.51443
168,-317157.561435,4457121.82491
168,-317309.316588,4457295.24322
168,-318940.726481,4457777.01567
168,-318828.415292,4457782.79406
168,-317210.787933,4457614.53239
168,-318921.862971,4457802.22869
168,-317675.374466,4457734.63571
168,-318458.747604,4457819.72307
168,-316587.0272,4457626.8466
168,-318384.794961,4457837.495
168,-316735.834764,4457680.92482
168,-317742.135757,4457812.43161
168,-317534.725167,4457984.86507
168,-317238.062428,4458165.92394
168,-317557.748671,4458425.68686
168,-317473.824342,4458565.67253
168,-317338.584672,4458864.27001
168,-317364.394001,4458900.67357
168,-318943.124064,4459149.48096
168,-317313.82294,4458997.39213
168,-317246.442787,4459030.88881
168,-317789.259063,4459101.68114
168,-317298.816591,4459188.4271
168,-318738.913176,4459381.33207
168,-317271.704878,4459376.0177
168,-316710.896146,4459364.10848
168,-317689.206748,4459576.08633
168,-317522.101667,4459603.55247
168,-316941.118197,4459542.26927
168,-318633.287628,4459727.44761
168,-318305.39081,4459714.9351
168,-318590.554431,4459746.85069
168,-317685.877095,4459683.35987
168,-317217.664367,4459760.11357
168,-317212.806953,4459854.734
168,-317629.161274,4460063.23676
168,-317504.529042,4460217.22928
168,-317595.754432,4460464.08942
