132,-324434.257028,4469776.52049
132,-323248.38345,4469709.55111
132,-323987.456014,4469852.05043
132,-323973.548548,4469865.9302
132,-324449.378163,4469939.00608
132,-324451.930507,4469948.18235
132,-324140.706496,4469942.5014
132,-323986.997413,4469938.91576
132,-324021.527364,4469956.87245
132,-324009.418887,4469961.40868
132,-323182.657844,4469957.48726
132,-322912.876294,4469943.86869
132,-324523.04389,4470151.68243
132,-323990.769223,4470126.06509
132,-324444.359513,4470176.51379
132,-324049.137817,4470344.76984
132,-324008.163436,4470352.3071
132,-323964.878279,4470378.57045
132,-323905.02404,4470500.66461
132,-323945.960953,4470529.29926
132,-323949.649693,4470539.65793
132,-324006.134638,4470555.72995
132,-323956.624568,4470555.9614
132,-323091.930245,4470469.92527
132,-323412.319903,4470552.59201
132,-322759.08439,4470485.70177
132,-322884.511173,4470507.69678
132,-322551.358255,4470471.74276
132,-323349.337881,4470561.94581
132,-323116.223032,4470540.77794
132,-323228.705807,4470558.29395
132,-322813.96715,4470513.85475
132,-322937.197242,4470529.20317
132,-322752.740081,4470512.44605
132,-322838.785111,4470522.53818
132,-323103.818626,4470556.47791
132,-323058.800378,4470554.79423
132,-323092.59556,4470564.0399
132,-322710.745938,4470522.70531
132,-322719.395401,4470526.8345
132,-322847.963982,4470541.21995
132,-322951.117241,4470552.56871
132,-322853.31622,4470545.06903
132,-323086.807057,4470570.79745
132,-323013.11788,4470564.45862
132,-322625.887869,4470522.32813
132,-322838.10332,4470545.5857
132,-322965.044211,4470565.60736
132,-322679.00563,4470535.09498
132,-322708.277739,4470541.39111
132,-322787.875046,4470552.35733
132,-322537.002251,4470535.62505
