27,-330683.383796,4488251.28403
27,-330444.044844,4488433.59225
27,-330463.243435,4488458.42766
27,-331719.156877,4488715.29969
27,-330674.670065,4488864.34702
27,-330663.778202,4489672.87153
27,-330668.788584,4489862.43441
27,-331446.870021,4490243.56067
27,-330777.597843,4490473.48721
27,-330929.526014,4490702.48753
27,-331677.631835,4490794.16254
27,-330879.253133,4490711.84045
27,-331207.128726,4491170.5322
27,-331836.9982,4492809.15452
27,-331890.869369,4492901.84079
27,-331915.443789,4492962.22056
27,-332131.500949,4493525.32785
27,-332764.441015,4494484.21217
27,-331461.361622,4494522.26076
27,-332480.426664,4495281.42031
27,-332515.788827,4495493.68661
27,-332704.239595,4495755.5235
27,-332865.543838,4496717.91761
27,-332917.777486,4496943.78605
27,-332885.82012,4496999.61543
27,-332940.251601,4497047.65079
27,-332727.522838,4497793.19449
27,-332816.181087,4499133.26963
27,-332334.695391,4499123.11069
27,-331635.951009,4499093.53434
27,-330825.185089,4499060.09752
27,-330024.617919,4498971.82456
27,-332550.996442,4499618.53051
27,-330436.115915,4499855.99612
27,-331806.326859,4500018.19909
27,-330882.676468,4499953.09982
27,-331624.444301,4500041.78623
27,-330016.948186,4500926.85316
27,-331330.462867,4503844.96017
27,-332355.217147,4505800.76973
27,-331588.777915,4505834.75204
27,-332162.935356,4507361.52097
27,-330248.281687,4508560.86593
27,-332050.972119,4511287.58834
