2,-393245.897818,4460115.06033
2,-390941.438616,4459997.63872
2,-372754.198203,4458635.19091
2,-372276.106024,4459815.74227
2,-342464.19469,4458690.16468
2,-333693.323559,4458080.35997
2,-337305.714749,4458698.33167
2,-337194.135576,4458727.48954
2,-337697.472707,4458837.92713
2,-338072.938925,4458949.39056
2,-334183.395872,4458700.17713
2,-334167.053654,4458819.8621
2,-336642.15445,4459308.83864
2,-334455.047675,4459267.07673
2,-338155.130714,4459736.39482
2,-336510.762463,4459564.94414
2,-336381.035478,4459689.58962
2,-334515.464481,4459676.68657
2,-334464.235327,4459679.30635
2,-334430.373218,4459684.5926
2,-334310.929269,4459678.57967
2,-334375.428698,4459690.75849
2,-334373.997526,4459722.14647
2,-334392.238352,4459729.96726
2,-334242.726974,4459735.48387
2,-334396.920605,4459779.49075
2,-334470.907303,4459843.59328
2,-335726.452991,4459992.89943
2,-334163.022977,4459824.7299
2,-335584.857386,4460043.45024
2,-334258.472034,4459958.03396
2,-334259.37394,4459982.73862
2,-334265.564261,4459993.54815
2,-335333.307542,4460123.64098
2,-335317.461511,4460128.7676
2,-334242.864999,4460018.28069
2,-334249.449543,4460075.52786
2,-334237.236056,4460087.89481
2,-334243.507456,4460105.85605
2,-334258.029063,4460108.01741
2,-334240.767703,4460113.63243
2,-334167.758956,4460124.9313
2,-334232.722746,4460143.34616
2,-334122.457584,4460156.5617
2,-334097.540997,4460158.13507
2,-333500.209187,4460124.17184
2,-333561.823361,4460137.51456
2,-333507.80544,4460132.70167
2,-333279.629025,4460110.24204
2,-333487.343915,4460152.9838
2,-333423.866994,4460146.00489
2,-333679.079387,4460180.45509
