199,-312394.972855,4462630.35723
199,-312260.673831,4462624.20284
199,-312246.187637,4462624.75426
199,-312844.933296,4462694.40427
199,-311929.5889,4462597.78217
199,-312773.569466,4462709.82351
199,-311304.092316,4462641.96846
199,-311408.570812,4462663.24969
199,-308593.119001,4462363.15652
199,-308270.698487,4462348.87488
199,-308660.145398,4462397.1042
199,-311276.605802,4462687.31865
199,-309826.352258,4462546.7191
199,-308251.926273,4462383.35336
199,-310285.821544,4462601.8362
199,-307779.126223,4462337.97133
199,-310732.586065,4462654.27073
199,-311085.263316,4462692.2183
199,-307774.435859,4462352.76825
199,-306945.804691,4462343.11657
199,-306932.571532,4462346.09628
199,-311515.903039,4463005.09668
199,-311532.690427,4463037.74202
199,-305783.679135,4462449.83806
199,-309718.796509,4462892.69466
199,-304919.425828,4462405.01602
199,-303570.46608,4462332.27067
199,-307050.513377,4462867.71281
199,-307351.621618,4462949.65994
199,-302191.062138,4462445.1351
199,-309729.965043,4463271.26927
199,-301834.854623,4462632.82478
199,-301632.08589,4462672.01301
199,-300008.319162,4462710.21533
199,-301364.339864,4463038.56827
199,-300472.743474,4462975.9786
199,-299656.592949,4462932.44557
199,-299438.960664,4462955.79035
199,-295473.504059,4462604.22617
199,-296214.113944,4462693.442
199,-296376.844381,4462715.39618
199,-296940.812494,4462779.91737
199,-296702.554709,4462757.76631
199,-294746.496601,4462553.86699
199,-297902.168059,4462908.85873
199,-299336.232329,4463108.11338
199,-294329.562902,4462600.7975
199,-293637.984603,4462740.80138
199,-292820.347456,4462907.14663
199,-292283.648083,4462998.33828
199,-290933.642538,4463310.5389
199,-287543.31195,4463268.39327
