86,-326681.419617,4468309.13671
86,-326585.971303,4468607.21484
86,-326606.903726,4468661.09173
86,-326544.330271,4468708.69128
86,-326491.787241,4469818.05914
86,-326686.664311,4470875.37334
86,-326476.475939,4470852.61869
86,-326703.020823,4470895.27201
86,-326597.94743,4470883.96537
86,-326683.131921,4470911.72602
86,-326437.207439,4470886.27048
86,-326588.296575,4470906.72499
86,-326593.733863,4470933.48224
86,-326595.540372,4470934.95274
86,-326597.49531,4471044.84333
86,-326634.33852,4471263.34038
86,-326484.495764,4471281.52315
86,-326449.979204,4471370.44804
86,-326580.479307,4471405.45413
86,-326495.698193,4471400.11868
86,-326505.816504,4471428.03398
86,-326521.626782,4471463.33055
86,-326533.787982,4471491.58214
86,-326502.163819,4471489.92363
86,-326503.497491,4471490.4075
86,-326619.072255,4471539.58487
86,-326508.030082,4471555.10777
86,-326693.187841,4471595.87308
86,-326508.432898,4471579.14397
86,-326477.483537,4471580.82585
86,-326458.734254,4471589.81273
86,-326479.289408,4471596.79293
86,-326505.352267,4471609.66996
86,-326636.112428,4471634.34377
86,-326607.604391,4471645.70896
86,-326456.209427,4471631.1002
86,-326593.535907,4471650.4094
86,-326452.009682,4471648.88813
86,-326462.410101,4471653.6307
86,-326446.189784,4471655.34751
86,-326476.114157,4471659.86121
86,-326496.961813,4471664.95865
86,-326454.083128,4471661.61795
86,-326508.865999,4471667.83836
86,-326450.145732,4471665.12944
86,-326438.315751,4471663.94753
86,-326460.485223,4471670.42854
86,-326452.301811,4471671.56052
86,-326444.15457,4471671.57008
86,-326453.268917,4471673.01802
86,-326465.576536,4471675.37862
86,-326454.786755,4471674.98634
