143,-322226.917627,4467467.63223
143,-320996.931891,4467366.38341
143,-320271.516704,4467397.61722
143,-322201.850951,4467655.91052
143,-320245.835682,4467525.68741
143,-320199.701805,4467658.52091
143,-321013.670756,4467781.69152
143,-320927.610256,4467992.8821
143,-320154.750427,4467929.8834
143,-320028.624818,4467938.30851
143,-320929.047466,4468075.43897
143,-320949.676175,4468112.96142
143,-321836.556669,4468242.81116
143,-321202.497962,4468174.24899
143,-321802.043467,4468247.73106
143,-321699.717362,4468244.15402
143,-321205.229627,4468191.39317
143,-320957.758545,4468164.88779
143,-319942.246253,4468055.93263
143,-321338.453889,4468209.73966
143,-320914.697293,4468169.04095
143,-321650.717234,4468255.56347
143,-321470.413363,4468237.09571
143,-321777.039989,4468270.98307
143,-322055.442056,4468301.63375
143,-321708.813869,4468264.69333
143,-321888.487565,4468284.9791
143,-320026.290158,4468083.69653
143,-320255.372899,4468115.86746
143,-320727.644631,4468167.49391
143,-320272.932281,4468118.83117
143,-321327.64803,4468233.40906
143,-320947.702327,4468193.63895
143,-320233.101935,4468129.40842
143,-322024.186351,4468327.13339
143,-320778.472531,4468194.22864
143,-320486.905082,4468162.77103
143,-320259.11624,4468139.92234
143,-319971.433124,4468124.86348
143,-320890.149845,4468225.80272
143,-320323.886746,4468167.41192
143,-320873.594786,4468241.52811
143,-319881.077286,4468146.59532
143,-322014.142229,4468432.73737
143,-320221.358332,4468270.96134
143,-320200.110504,4468315.01879
143,-320912.031394,4468401.04378
143,-320088.834734,4468336.73039
143,-320042.108449,4468332.03318
143,-319974.952954,4468372.09085
143,-319965.943387,4468542.80207
