6,-353844.007682,4466976.60313
6,-353834.244103,4466984.89662
6,-353830.716168,4466990.51148
6,-346664.812692,4467145.46681
6,-341159.060774,4467541.51169
6,-341063.390835,4467546.64991
6,-334093.415333,4466848.02887
6,-337701.5077,4467259.66476
6,-340368.998779,4467563.78957
6,-336356.74824,4467122.72159
6,-341551.278755,4467701.21663
6,-341767.431001,4467727.63698
6,-339757.404284,4467508.25774
6,-336358.596236,4467132.92015
6,-337804.245915,4467301.80525
6,-337399.845589,4467262.88297
6,-337555.797031,4467281.31039
6,-339708.23185,4467524.46838
6,-334385.078206,4466981.78558
6,-341041.827225,4467727.30343
6,-335659.881069,4467155.8627
6,-340948.566593,4467754.49763
6,-337982.995126,4467447.71135
6,-340818.464883,4467778.27305
6,-337970.230271,4467468.99861
6,-339268.43966,4467627.63569
6,-342367.274414,4468010.46452
6,-342378.600811,4468028.74361
6,-339217.615416,4467712.7084
6,-346340.352122,4468533.68055
6,-333486.4105,4467111.64447
6,-340876.719266,4467941.05439
6,-342425.207469,4468204.67397
6,-337958.74065,4467731.10652
6,-339218.264467,4467877.30221
6,-344675.725541,4468879.72812
6,-337567.392358,4468248.90157
6,-338253.174474,4468362.75554
6,-347019.684283,4469356.30983
6,-342772.010304,4468925.60471
6,-340087.975776,4468643.80462
6,-342895.635857,4469109.33984
6,-346184.049583,4469558.03643
6,-339236.012623,4469080.5113
6,-339253.802156,4469103.10792
6,-337834.991794,4469050.89843
6,-344044.441467,4470238.34354
6,-333958.133399,4469381.6939
6,-333949.267299,4469393.67234
6,-334285.986134,4469453.47723
6,-335038.427848,4469853.287
