50,-328353.401675,4473038.18932
50,-328340.052688,4473042.72867
50,-328395.036396,4473054.9576
50,-328318.640782,4473048.56869
50,-328314.088995,4473060.91101
50,-328358.483575,4473073.21696
50,-328100.272903,4473052.27776
50,-328352.00819,4473081.21404
50,-328283.669925,4473074.84216
50,-328205.819116,4473068.29465
50,-327866.555587,4473031.3074
50,-328440.667272,4473097.13863
50,-328091.362005,4473059.75626
50,-327852.68079,4473034.32545
50,-328329.968907,4473087.24426
50,-328319.537575,4473086.27991
50,-327900.671745,4473047.10182
50,-328450.745767,4473110.63589
50,-328454.382522,4473112.15313
50,-327754.240676,4473036.48514
50,-328006.80564,4473066.99905
50,-328472.825148,4473118.69135
50,-327872.505014,4473052.91184
50,-327693.873533,4473042.22331
50,-328494.570893,4473137.6033
50,-328291.473539,4473116.89333
50,-328405.573702,4473131.39611
50,-328403.247262,4473131.51255
50,-328294.75113,4473121.29698
50,-328169.070377,4473107.85723
50,-328075.399096,4473097.58155
50,-328366.242957,4473131.77754
50,-327917.056774,4473083.57011
50,-327733.498084,4473064.99656
50,-327778.283595,4473070.0988
50,-328309.175015,4473130.88882
50,-328344.081008,4473134.97805
50,-327773.208205,4473072.92161
50,-327868.597449,4473084.32655
50,-328224.287095,4473126.64409
50,-327653.160747,4473065.01956
50,-327868.349523,4473088.98698
50,-327989.121462,4473103.16746
50,-327786.341793,4473080.92896
50,-327735.189886,4473075.88331
50,-327999.871255,4473106.75714
50,-328042.890534,4473111.92635
50,-327870.576375,4473097.67958
50,-327771.407696,4473088.23538
50,-327815.759451,4473095.79103
50,-327686.361537,4473083.86667
50,-327900.020028,4473137.03399
