102,-326426.228862,4471662.73753
102,-326421.409251,4471663.22388
102,-326427.9667,4471664.27936
102,-326394.82777,4471665.38395
102,-326391.635634,4471666.83688
102,-326393.483091,4471667.37695
102,-326409.632535,4471671.05895
102,-326433.684102,4471673.80347
102,-326400.212944,4471670.81668
102,-326417.095811,4471673.33992
102,-326429.990698,4471675.87736
102,-326365.923122,4471669.76796
102,-326435.104878,4471677.45075
102,-326435.557794,4471678.06351
102,-326433.062544,4471678.69156
102,-326401.818702,4471677.52544
102,-326410.798304,4471678.62067
102,-326405.746536,4471679.64482
102,-326397.92968,4471679.80321
102,-326400.48658,4471680.19564
102,-326428.783749,4471684.53112
102,-326415.755278,4471684.00656
102,-326381.574351,4471680.37898
102,-326433.580115,4471686.63292
102,-326411.290405,4471684.4191
102,-326375.996979,4471682.24674
102,-326407.560474,4471686.82691
102,-326382.408255,4471684.63786
102,-326422.180234,4471689.44045
102,-326436.484056,4471696.525
102,-326383.378031,4471691.61493
102,-326417.340047,4471698.03455
102,-326379.492066,4471700.20081
102,-326420.095043,4471729.08642
102,-326409.183928,4471730.59577
102,-326434.508029,4471734.38071
102,-326354.270707,4471731.90848
102,-326426.670599,4471742.64681
102,-325966.34696,4471696.56812
102,-325974.939021,4471705.16714
102,-326114.381206,4471728.07853
102,-325692.972607,4471682.78168
102,-326144.598973,4471733.07363
102,-325729.365012,4471704.21922
102,-325899.107934,4471728.18696
102,-325712.328658,4471711.02951
102,-325863.922903,4471744.05062
102,-325666.665248,4471734.7592
102,-325870.416217,4471762.33204
102,-325737.882961,4471754.71049
102,-325828.408068,4471782.74356
