11,-347243.256321,4489760.8974
11,-346334.78622,4489902.69218
11,-346354.055393,4489926.31565
11,-341695.71109,4490685.78698
11,-341414.180112,4490659.52957
11,-339557.394926,4490466.22369
11,-341085.576483,4491774.58591
11,-341202.504026,4491814.96523
11,-341195.170477,4491818.65166
11,-341198.44483,4491822.62531
11,-341666.027334,4493716.29305
11,-367978.562325,4497462.82204
11,-341642.508219,4495084.00601
11,-341625.457461,4495141.15331
11,-336538.095663,4494616.58753
11,-341685.281881,4495194.41922
11,-341667.507554,4495201.77902
11,-334087.040678,4494459.37757
11,-334455.464532,4494673.01054
11,-347018.712127,4496392.9176
11,-337981.540979,4496948.44667
11,-336743.056327,4498273.04627
11,-333251.054435,4498344.8084
11,-333305.196969,4498482.25685
11,-347934.706204,4500165.47746
11,-341094.047229,4500163.92036
11,-338691.685376,4499949.15723
11,-333154.51735,4499356.0803
11,-333616.179678,4499510.16967
11,-334162.736391,4500593.33624
11,-335047.944974,4500781.64323
11,-334453.787165,4500722.88155
11,-335315.619669,4500843.81342
11,-336801.189256,4501381.50438
11,-341394.433912,4502564.84542
11,-338532.72376,4502392.75287
11,-334018.342702,4501899.50288
11,-333922.744475,4502276.71176
11,-339584.096636,4503071.77433
11,-340617.360632,4503419.38723
11,-340335.905083,4504159.10289
11,-340690.738698,4504258.33859
11,-340441.998661,4504260.69112
11,-341140.221085,4504888.25959
11,-334731.506964,4504790.55539
11,-335023.549775,4505034.25041
11,-342339.080549,4506062.00058
11,-342370.828617,4506075.34151
11,-334794.368932,4505476.76848
11,-343416.098866,4507453.13818
11,-343546.537402,4507521.41509
11,-343911.34006,4507778.16587
11,-344388.491089,4507926.22112
