139,-324438.682166,4476863.59332
139,-324215.951733,4476851.28217
139,-324421.842152,4476891.4423
139,-324424.578588,4476892.86786
139,-324163.114847,4476868.59615
139,-324265.289514,4476885.78036
139,-323507.944599,4477741.20375
139,-324287.558789,4477921.44046
139,-324303.415311,4477938.75195
139,-324176.434686,4478050.83531
139,-322992.94348,4477947.22328
139,-323831.383058,4478053.65821
139,-324075.235045,4478086.88401
139,-324001.496264,4478131.75927
139,-324499.998593,4478193.0375
139,-324416.034585,4478196.80519
139,-324368.611319,4478235.9282
139,-323728.650856,4478194.8546
139,-324444.036645,4478701.84981
139,-323234.126541,4479452.22447
139,-323378.429261,4480721.40271
139,-324251.135214,4481210.54074
139,-324178.933551,4481217.84273
139,-324283.966877,4481915.86017
139,-322613.137711,4481934.54618
139,-323470.762142,4482115.94946
139,-324012.043116,4482184.76105
139,-323450.059984,4482124.83534
139,-323352.553504,4482117.54771
139,-323705.827815,4482159.91688
139,-323479.796154,4482135.40974
139,-323445.897587,4482133.61592
139,-323567.158185,4482147.70509
139,-323508.058261,4482157.87482
139,-323457.74104,4482152.70772
139,-323146.300486,4483167.70304
139,-323207.221959,4483281.02038
139,-323159.790901,4483296.67955
139,-322898.555201,4483268.47585
139,-322445.918647,4486695.72561
139,-322718.052794,4487367.14989
139,-323372.108482,4493078.77153
139,-322892.957251,4508811.17557
139,-323264.5355,4509201.92938
139,-323231.951083,4510453.24793
