186,-315268.8179,4465227.98357
186,-315240.872604,4465225.87339
186,-315228.365316,4465226.10214
186,-315174.64748,4465224.24426
186,-315209.211732,4465229.28536
186,-315174.44595,4465227.72416
186,-315223.001576,4465235.65755
186,-315134.906824,4465227.10132
186,-315250.21683,4465239.71568
186,-315250.134874,4465246.91275
186,-315260.076673,4465248.77207
186,-315237.039777,4465246.96556
186,-315169.411598,4465242.26912
186,-315267.240635,4465256.29949
186,-315181.991922,4465263.89101
186,-315265.215706,4465275.89757
186,-315320.025215,4465300.60625
186,-315301.26267,4465300.16083
186,-315283.619524,4465307.83013
186,-315171.747673,4465313.11599
186,-315203.930849,4465316.9211
186,-315112.648181,4465312.94168
186,-315174.423313,4465322.07384
186,-315115.248426,4465320.99063
186,-315164.500617,4465326.5556
186,-315177.753467,4465328.17481
186,-315112.507009,4465331.95449
186,-315121.166321,4465356.982
186,-315150.714785,4465386.84963
186,-315169.095065,4465391.64465
186,-315122.427982,4465395.96213
186,-315161.801841,4465403.01884
186,-315139.790494,4465405.3763
186,-315117.352781,4465414.10562
186,-315140.214498,4465419.94634
186,-314137.133541,4465332.28072
186,-314576.870314,4465430.43271
186,-315134.147311,4465559.13197
186,-314550.424786,4465505.38512
186,-315113.703323,4465582.10495
186,-315123.059489,4465644.10406
186,-315085.510129,4465667.83501
186,-315125.160698,4465690.00905
186,-315098.108952,4465703.75811
186,-315151.378381,4465797.43201
186,-314780.222378,4465757.65589
186,-315194.78935,4465810.44147
186,-314559.528715,4465756.54003
186,-314513.313888,4465775.20807
186,-314732.994597,4465799.76395
186,-314125.38482,4465741.10783
186,-315156.841521,4465860.95975
