111,-326414.546687,4483213.96642
111,-326331.332,4483230.92751
111,-326150.397471,4483227.7651
111,-325960.882037,4483214.65348
111,-326074.543089,4483229.01192
111,-326026.820933,4483228.84194
111,-326217.187838,4483260.44368
111,-325851.370166,4483220.28458
111,-325840.874005,4483221.38546
111,-325871.145711,4483233.34769
111,-326148.621944,4483266.24107
111,-325989.506447,4483250.84536
111,-325725.055065,4483222.75527
111,-325933.842525,4483250.73906
111,-325877.55585,4483244.5609
111,-325774.705464,4483234.20784
111,-325860.863156,4483246.85151
111,-325864.765747,4483248.03455
111,-325964.722428,4483259.76089
111,-325948.912917,4483258.02549
111,-325936.038595,4483256.98403
111,-325871.018419,4483251.53692
111,-326068.861103,4483280.76776
111,-325821.99704,4483256.66623
111,-325711.046241,4483258.39017
111,-325900.865713,4483284.47205
111,-325960.027342,4483294.72835
111,-325906.076085,4483304.01317
111,-325690.726149,4483284.51254
111,-325724.284617,4483309.96907
111,-325720.818129,4483315.22081
111,-325709.976491,4483318.84091
111,-325755.880032,4483325.6357
111,-325749.690859,4483342.60765
111,-325840.889018,4483501.83572
111,-325824.130908,4483504.72736
111,-325712.471601,4483493.77906
111,-325740.154003,4483500.38793
111,-325831.740286,4483511.08211
111,-325884.749644,4483537.40187
111,-325758.046758,4483760.48524
111,-326222.782062,4484047.32137
111,-326395.062457,4484440.23446
111,-325799.732974,4487430.53119
111,-325813.611454,4500107.20514
