23,-332172.251422,4471393.8632
23,-332132.424512,4471389.47558
23,-332141.332744,4471538.77491
23,-332264.829609,4471620.41791
23,-329339.968089,4471376.01528
23,-329347.736157,4471419.41609
23,-332028.682858,4471718.66515
23,-332411.844754,4471772.72402
23,-332794.61065,4471816.21034
23,-332548.442219,4471814.13402
23,-329362.20306,4471467.6417
23,-332405.719402,4471810.29859
23,-331973.16996,4471764.93696
23,-331994.846277,4471768.82318
23,-331966.122754,4471794.75921
23,-329668.857993,4471617.15951
23,-329359.144349,4471601.34816
23,-329365.497842,4471614.44861
23,-331885.060192,4471904.50613
23,-330541.222401,4471797.53117
23,-331752.377047,4471936.53328
23,-329346.502778,4471696.65885
23,-331689.48563,4471955.85669
23,-329362.889891,4471713.97028
23,-329682.407108,4471763.52335
23,-329617.845228,4471782.97721
23,-329646.699057,4471805.67307
23,-329702.868247,4471821.82547
23,-329339.774101,4471782.40146
23,-331553.083111,4472032.23653
23,-333074.259841,4472226.93082
23,-331495.493572,4472063.2531
23,-329685.813889,4471893.91236
23,-333137.721818,4472279.10702
23,-329345.313033,4471876.39672
23,-332459.766086,4472227.50804
23,-331236.864278,4472129.23346
23,-330040.345905,4472026.53198
23,-331230.928129,4472182.84726
23,-331205.269522,4472195.78375
23,-329366.268865,4472002.83873
23,-329348.507312,4472024.88263
23,-331108.221783,4472258.52093
23,-331093.804892,4472284.53522
23,-329340.714629,4472114.86443
23,-329750.120846,4472254.12061
23,-330772.160533,4472589.29576
23,-330717.194628,4472597.33014
23,-329427.917743,4472473.12984
23,-329426.511062,4472475.41608
23,-330695.679055,4472677.08915
23,-329422.477817,4472543.69009
23,-329616.374959,4472700.92534
