204,-308735.208536,4477981.60466
204,-306228.818012,4478120.30351
204,-305926.346568,4478106.96845
204,-303953.29358,4478166.47573
204,-308168.142893,4478795.65036
204,-303925.140414,4478368.62951
204,-304040.592506,4478407.46846
204,-304034.57797,4478492.19024
204,-312306.691505,4479580.24003
204,-302023.695434,4478534.08291
204,-306367.065326,4479106.9961
204,-302680.515906,4478731.98098
204,-304037.434573,4478917.8508
204,-302671.451125,4478787.29141
204,-307302.372416,4479361.92118
204,-305119.860626,4479358.20953
204,-305255.402318,4479383.1681
204,-301665.968752,4479139.38169
204,-305505.67735,4479618.49998
204,-305470.838515,4479641.23754
204,-305648.804864,4479661.77077
204,-305462.956607,4479643.77146
204,-305634.56751,4479668.65627
204,-305412.128451,4479669.40298
204,-305401.657531,4479671.8852
204,-306011.454421,4479825.71412
204,-302493.921933,4479474.07516
204,-305606.791636,4479972.76035
204,-302893.332374,4480156.14405
204,-306683.971783,4480829.40996
204,-302910.610635,4480430.36817
204,-303081.439284,4480535.25532
204,-303189.305651,4480559.51466
204,-303414.157663,4480724.16809
204,-303334.782322,4480829.49204
204,-304498.567537,4480996.88458
204,-303550.14621,4480962.55808
204,-303424.652421,4481132.1806
204,-303375.425992,4481164.8582
204,-306486.49153,4481518.26581
204,-306493.432939,4481606.81311
204,-304053.262128,4481628.18651
204,-306331.390846,4482252.9623
204,-306981.242414,4482436.32215
204,-304106.185943,4482167.79083
204,-262497.9036,4477867.24535
204,-259495.127819,4478079.35776
204,-255223.47621,4480725.60746
204,-273420.835962,4482896.35931
204,-259634.609096,4482543.93985
204,-257583.553155,4482354.2706
204,-250924.675001,4481744.67441
