172,-318662.983012,4466436.1901
172,-318659.347216,4466449.75974
172,-318688.326642,4466456.72485
172,-318611.753572,4466449.78868
172,-318654.351019,4466455.07451
172,-318675.894743,4466457.85664
172,-318679.172205,4466463.61646
172,-318654.975244,4466469.33042
172,-318653.793175,4466472.24285
172,-318735.436076,4466481.19214
172,-318886.005675,4466499.96887
172,-318648.602893,4466478.55006
172,-318673.737208,4466484.19815
172,-318615.4551,4466488.47526
172,-318677.65613,4466500.04934
172,-318587.45877,4466490.85046
172,-318517.019161,4466484.91673
172,-318519.401012,4466489.34088
172,-318524.307868,4466496.06517
172,-318569.673613,4466503.00143
172,-318536.809427,4466499.89535
172,-318556.550572,4466528.94443
172,-318570.277293,4466540.67706
172,-317439.18178,4466451.45873
172,-318652.327059,4466587.50531
172,-318994.049948,4466626.63878
172,-318926.744715,4466635.7919
172,-318984.497541,4466688.43934
172,-318839.055443,4466708.08446
172,-318645.107678,4466695.05093
172,-318610.655351,4466700.21787
172,-316497.457562,4466512.89962
172,-318787.909547,4466774.80712
172,-318614.431745,4466768.6406
172,-318678.046843,4466792.75504
172,-318651.591363,4466836.9608
172,-318614.169032,4466843.94559
172,-318831.055761,4466876.69167
172,-318878.913704,4466909.42824
172,-318621.145607,4466902.01722
172,-318668.654895,4466940.37867
172,-317398.788788,4466864.50653
172,-317967.111474,4466966.55726
172,-317442.136843,4466913.33152
172,-318080.304823,4467001.88467
172,-317809.809815,4466993.08916
172,-318831.155221,4467117.30971
172,-318389.985039,4467227.94547
172,-317368.086458,4467167.01365
172,-317327.13076,4467499.97464
172,-317811.985629,4467555.29337
