179,-317064.518773,4475758.04183
179,-317063.463098,4475808.31486
179,-317310.219628,4475871.00087
179,-317245.854115,4475870.5565
179,-317751.44347,4476031.62124
179,-318462.350647,4476131.7648
179,-318831.030391,4476172.24024
179,-318192.989192,4476107.47728
179,-319008.711118,4476216.4914
179,-317856.678803,4476094.76623
179,-317168.924499,4476091.35455
179,-316561.461616,4476112.16932
179,-317218.784148,4476259.89765
179,-317528.028868,4476420.59874
179,-316544.121106,4476335.37802
179,-317133.329398,4476407.99215
179,-319007.483935,4476897.29657
179,-316532.12282,4476653.19771
179,-317315.707175,4476749.25167
179,-317196.609763,4476740.28262
179,-317304.80577,4476766.7626
179,-317303.290882,4476767.16141
179,-317455.219925,4476786.06561
179,-317335.538333,4476773.46128
179,-317326.533782,4476772.67651
179,-317471.823724,4476788.62043
179,-317472.442281,4476789.62214
179,-317293.103525,4476770.89912
179,-317415.418382,4476785.88278
179,-317333.64139,4476779.46027
179,-317311.591926,4476781.38271
179,-317244.55491,4476784.32898
179,-317462.380942,4476917.12356
179,-317482.483144,4476920.47987
179,-317324.179011,4476931.53444
179,-317458.015438,4476946.54163
179,-317425.106641,4476992.97096
179,-317441.694445,4477022.57242
179,-317047.60697,4476987.36086
179,-318278.230443,4477146.89867
179,-317432.618098,4477104.91779
179,-318249.504285,4477209.7704
179,-317570.303033,4477176.78674
179,-317762.323199,4477205.41099
179,-318040.663586,4477241.2696
179,-317291.41053,4477161.79943
179,-317659.084909,4477215.81544
179,-318243.16631,4477281.71634
179,-317942.358034,4477255.91587
179,-317785.993443,4477241.22609
179,-317828.056547,4477246.16114
179,-318076.780643,4477275.33408
