18,-332992.692503,4464124.2853
18,-332970.307156,4464267.33365
18,-329837.13425,4464009.61848
18,-329856.048028,4464091.39345
18,-332902.435458,4464628.61235
18,-332883.774936,4464641.04721
18,-329632.649326,4464317.22761
18,-329698.713575,4464342.51592
18,-330509.749963,4464448.37361
18,-333023.669474,4464812.66653
18,-330174.133445,4464509.19366
18,-330106.167059,4464510.56062
18,-332810.031125,4464807.93883
18,-333126.741584,4464844.4696
18,-331155.446573,4464646.35836
18,-332702.558728,4464830.25087
18,-332169.239952,4464774.19093
18,-330113.805001,4464559.05052
18,-329557.140832,4464514.40344
18,-329659.778036,4464620.38811
18,-329829.263019,4464655.04875
18,-329746.423599,4464728.47321
18,-329804.492924,4464773.00528
18,-332880.150744,4465126.82022
18,-332069.901348,4465051.739
18,-329771.429079,4464883.89821
18,-332841.966986,4465327.24242
18,-332828.961288,4465457.25144
18,-332717.601254,4465544.13764
18,-332002.029355,4465501.25787
18,-329742.060478,4465255.98694
18,-329627.050957,4465282.99653
18,-329700.01406,4465345.40419
18,-332704.386866,4465853.43237
18,-331383.141743,4465711.90395
18,-332722.096112,4465891.39853
18,-332712.224393,4465945.62807
18,-329690.777478,4465707.89462
18,-332701.201018,4466038.77871
18,-329671.852362,4465718.56003
18,-332681.294841,4466094.79928
18,-329631.114536,4465779.20381
18,-330014.846405,4465823.5396
18,-329637.144707,4465785.62755
18,-332673.682457,4466120.06478
18,-330010.459447,4465851.67127
18,-332637.523348,4466151.46061
18,-329967.02125,4465859.41055
18,-332693.619379,4466174.66575
18,-329677.272218,4465847.12227
18,-329639.075768,4465856.90245
18,-330709.372897,4466202.11481
