184,-316060.337041,4463048.80214
184,-316091.462615,4463056.88568
184,-316196.29578,4463074.60303
184,-315742.585919,4463033.40048
184,-315839.020538,4463048.26013
184,-315885.528805,4463059.23875
184,-315554.924569,4463046.1415
184,-315465.722156,4463037.88536
184,-315408.063151,4463033.02706
184,-315654.851011,4463065.12427
184,-315423.097832,4463049.62082
184,-315362.792711,4463049.20671
184,-315375.09107,4463063.0287
184,-315422.523346,4463103.26519
184,-315380.381083,4463100.86615
184,-315424.583214,4463115.86085
184,-315425.640543,4463122.62889
184,-315424.445524,4463135.33565
184,-315431.815593,4463154.74078
184,-315470.855261,4463206.79685
184,-315392.800836,4463210.17897
184,-315420.234768,4463231.59849
184,-315399.530783,4463251.54934
184,-315401.370332,4463252.98596
184,-315318.243988,4463312.89507
184,-315391.905177,4463348.11994
184,-314344.791392,4463238.15881
184,-315390.430931,4463377.91057
184,-314341.413502,4463268.19418
184,-315391.893792,4463444.83503
184,-316112.060269,4463535.41394
184,-315373.716316,4463584.63037
184,-315340.142408,4463629.09111
184,-315344.092809,4463670.49995
184,-315496.666449,4463698.08056
184,-315330.060648,4463684.86411
184,-315357.364334,4463692.98399
184,-316356.010713,4463805.67597
184,-314717.936224,4463718.04205
184,-315337.574914,4463813.12728
184,-315261.510648,4463807.74991
184,-316044.924917,4463923.57511
184,-315287.079317,4463849.68547
184,-315312.924234,4463866.83572
184,-315351.521714,4463874.41572
184,-315350.954091,4463893.45017
184,-315245.13931,4463888.43755
184,-316045.39816,4464044.8905
184,-315343.013419,4463971.11646
184,-315299.83306,4464033.94181
184,-314259.031561,4463944.62077
184,-314286.941632,4463993.59272
