158,-319830.971821,4470316.63549
158,-319675.585835,4470304.65122
158,-319743.2141,4470321.26819
158,-319816.084955,4470331.65292
158,-319679.831765,4470316.8686
158,-319762.3719,4470333.9663
158,-319824.623651,4470340.80023
158,-319799.647527,4470342.59445
158,-319805.30523,4470347.14983
158,-319727.315948,4470341.61519
158,-319509.464045,4470320.23278
158,-319520.940877,4470322.26602
158,-319265.620105,4470299.64159
158,-319280.100062,4470305.94148
158,-319473.536496,4470327.9346
158,-319250.433785,4470303.85051
158,-319259.557563,4470319.59188
158,-319240.205414,4470319.06986
158,-319166.669012,4470313.23556
158,-319244.345993,4470323.23501
158,-319260.627782,4470348.87407
158,-319241.030859,4470348.21287
158,-319085.979494,4470342.21116
158,-319260.307061,4470363.81649
158,-319237.885251,4470363.63723
158,-319141.739082,4470362.55832
158,-319153.425127,4470373.84773
158,-319116.600626,4470369.85494
158,-319155.741999,4470377.25203
158,-319204.226533,4470383.18506
158,-319138.774699,4470376.31316
158,-319114.908069,4470375.0767
158,-319148.709431,4470386.17396
158,-319145.579341,4470387.07328
158,-319142.625167,4470391.14476
158,-319192.150481,4470397.86624
158,-319136.904119,4470393.5649
158,-319109.036689,4470391.66943
158,-319104.511101,4470391.8544
158,-319148.205555,4470401.20909
158,-319140.85391,4470401.08761
158,-319160.10065,4470404.97631
158,-319130.702669,4470402.01391
158,-319166.775288,4470410.5423
158,-319118.574338,4470405.99154
158,-319139.572344,4470411.30878
158,-319131.043826,4470413.57091
158,-319103.096403,4470411.29515
158,-319112.310252,4470413.42027
158,-319106.878863,4470413.1692
158,-319095.79654,4470413.0937
158,-319038.813527,4470408.82996
