41,-328831.181122,4479792.22479
41,-328838.922646,4479849.03132
41,-328684.626245,4479862.47201
41,-329066.118139,4479968.59463
41,-328883.123586,4479966.73959
41,-328580.38054,4479973.23226
41,-328971.769372,4480186.59373
41,-329039.244752,4480555.44849
41,-329061.106964,4480596.72086
41,-329069.906577,4480613.83294
41,-329044.10759,4480650.24163
41,-329078.520086,4480685.00995
41,-328935.21148,4480694.39016
41,-328953.525014,4480696.56369
41,-329068.042687,4480765.71123
41,-329055.618329,4480782.94267
41,-329054.979532,4480790.00337
41,-329076.209696,4480792.4195
41,-328970.224351,4480824.60824
41,-329017.552328,4480835.07923
41,-329308.311646,4480884.73559
41,-329210.083546,4480888.37234
41,-329081.192135,4480917.56399
41,-328647.130977,4480902.79469
41,-328677.776458,4480907.51884
41,-328532.719811,4481290.34771
41,-328586.025028,4481491.89179
41,-328699.434773,4481790.62649
41,-328801.900144,4482006.26102
41,-328597.923972,4482354.76283
41,-329319.054471,4483340.40553
41,-329301.514207,4485089.05645
41,-328520.819378,4485268.64842
41,-328938.057462,4485410.26446
41,-328768.222477,4485931.6297
41,-328872.657234,4486159.8944
41,-328884.626508,4486185.27761
41,-329064.750196,4486613.79474
41,-328857.847565,4498791.01832
41,-328827.344612,4498843.41072
41,-328917.830181,4502646.24698
41,-329165.583178,4502889.66286
41,-329205.282178,4502902.32339
41,-328526.2914,4503537.16334
41,-329245.267983,4509536.09912
