150,-322215.955421,4472785.29439
150,-322237.964256,4472848.32795
150,-321460.111772,4472826.32984
150,-321193.835891,4472821.39226
150,-321242.996446,4472836.68451
150,-321055.654748,4472901.142
150,-321539.858906,4472959.04863
150,-319973.668439,4472823.78549
150,-320468.367104,4472887.59386
150,-321053.15195,4472954.73542
150,-321015.316457,4472950.81167
150,-320092.150576,4472872.58046
150,-321773.582601,4473062.23172
150,-321293.804441,4473027.84334
150,-320428.909469,4472950.16578
150,-322219.077408,4473174.18525
150,-321318.961058,4473085.95574
150,-321694.870274,4473147.33032
150,-321694.45078,4473147.28465
150,-321306.480449,4473117.06612
150,-321815.30179,4473186.11914
150,-320416.892038,4473063.68349
150,-320332.589769,4473074.22912
150,-321417.083492,4473195.70505
150,-321217.457084,4473194.85201
150,-320419.951846,4473121.0451
150,-322182.453223,4473327.49709
150,-321011.13127,4473205.59586
150,-322178.745526,4473343.16459
150,-320466.720482,4473204.24711
150,-321224.572399,4473295.29464
150,-320995.506239,4473275.18408
150,-321807.203592,4473393.36296
150,-321725.235642,4473392.77259
150,-322165.090649,4473441.79945
150,-320415.729042,4473253.13591
150,-320429.807661,4473264.98189
150,-320418.45912,4473283.08463
150,-321002.997904,4473349.65176
150,-320409.971193,4473317.26465
150,-321541.946745,4473467.53429
150,-321705.903013,4473491.57692
150,-321541.766634,4473584.33661
150,-321666.615628,4473604.20098
150,-321614.479626,4473604.64417
150,-320373.267967,4473470.37539
150,-320986.807616,4473540.69437
150,-320405.680876,4473518.49489
150,-320395.471744,4473593.28884
150,-320962.948403,4473689.71796
150,-320366.074223,4473675.68198
150,-320173.532762,4473665.07027
150,-319894.113132,4473677.32244
