195,-315913.027612,4475653.08167
195,-315660.865821,4475663.15466
195,-315672.799072,4475665.6839
195,-316269.702647,4475730.71715
195,-316242.013277,4475769.75775
195,-316434.429999,4475800.04591
195,-316481.709817,4475806.40325
195,-316433.653446,4475838.88464
195,-315729.18018,4475992.01734
195,-315663.750172,4476096.7855
195,-315625.64131,4476307.35802
195,-315310.780575,4476430.93293
195,-316279.114975,4476623.16564
195,-315173.479503,4476522.50405
195,-315132.552216,4476566.1211
195,-315732.530283,4476701.18934
195,-314742.265723,4476839.91989
195,-314570.407155,4476960.81039
195,-314473.384866,4477009.6316
195,-315751.902353,4477218.89687
195,-314385.410397,4477116.28085
195,-314216.388274,4477149.25298
195,-314330.59015,4477180.35921
195,-314306.272573,4477178.48656
195,-314185.935333,4477193.44503
195,-314239.708357,4477199.86146
195,-314114.188665,4477260.16608
195,-314108.254336,4477303.65111
195,-314072.89088,4477341.31163
195,-313891.648396,4477468.85458
195,-313469.312749,4478058.10429
195,-313282.328292,4479179.61093
195,-313263.532187,4479487.21232
195,-313253.795942,4479584.11705
195,-313235.61653,4479701.68295
195,-313237.856957,4479767.79182
195,-313148.349344,4480738.93698
195,-313115.568395,4481412.72121
195,-316108.775735,4482239.69211
195,-313705.521941,4482910.64707
195,-314093.106397,4486516.45306
195,-315213.864246,4488240.49197
195,-315060.160318,4491784.12315
195,-313901.342289,4513420.50802
195,-313768.147046,4513452.88754
