103,-326433.605775,4471792.51629
103,-326435.642211,4471804.79151
103,-326434.76817,4471819.11365
103,-326164.306269,4471797.70597
103,-326132.989564,4471796.15736
103,-326415.705686,4471828.59186
103,-326031.677456,4471787.51566
103,-326413.760115,4471836.07594
103,-326396.486735,4471834.7489
103,-326164.73635,4471809.61754
103,-326426.069305,4471842.37908
103,-326354.113761,4471837.88425
103,-326335.319169,4471835.94034
103,-326026.749113,4471805.89968
103,-326267.813547,4471833.81055
103,-326168.610795,4471827.275
103,-326314.692098,4471844.93591
103,-325768.518349,4471785.20559
103,-326268.020766,4471840.62907
103,-325927.358434,4471805.84217
103,-326427.034179,4471865.23773
103,-325692.088898,4471785.18386
103,-326117.211331,4471832.12744
103,-326424.478081,4471866.42231
103,-326067.560668,4471827.86011
103,-325818.534063,4471800.92467
103,-326425.383881,4471867.64783
103,-325909.441297,4471812.78097
103,-326089.027673,4471833.09936
103,-326366.408002,4471864.1227
103,-326422.620861,4471873.65324
103,-326398.539038,4471871.95657
103,-326369.05272,4471869.25556
103,-326162.231175,4471847.03964
103,-326128.875968,4471845.64344
103,-325953.087315,4471828.66044
103,-326387.014063,4471876.96562
103,-326182.142195,4471855.67582
103,-326266.100068,4471865.31199
103,-326172.344224,4471856.51875
103,-326248.313789,4471865.50609
103,-325806.513825,4471817.89114
103,-325874.572904,4471825.51403
103,-326199.959482,4471861.29708
103,-326083.33605,4471850.27351
103,-326156.982061,4471860.69531
103,-326018.965667,4471846.16097
103,-326156.811587,4471862.25359
103,-326041.060319,4471850.9431
103,-326147.454376,4471863.8206
103,-325742.852028,4471824.97566
103,-325974.531059,4471858.64696
103,-326079.568533,4471874.41638
