48,-328355.647427,4472063.28619
48,-328380.396918,4472066.75583
48,-328316.02966,4472067.58046
48,-328208.826349,4472070.46622
48,-328296.500452,4472082.33529
48,-328083.542735,4472064.42051
48,-328072.019902,4472075.92718
48,-328233.705861,4472093.84669
48,-328231.138017,4472098.82186
48,-327887.48008,4472063.57853
48,-328377.615744,4472125.02698
48,-328124.588059,4472102.34354
48,-328341.385613,4472127.43597
48,-328386.886648,4472135.84426
48,-328395.153374,4472141.59493
48,-328361.44516,4472152.87916
48,-328392.151294,4472157.37408
48,-328326.344354,4472192.39765
48,-328326.005282,4472208.91949
48,-328235.076059,4472203.82691
48,-328409.426269,4472248.48546
48,-328442.943632,4472285.28084
48,-328348.797091,4472276.86734
48,-327680.580601,4472207.79554
48,-327705.401202,4472217.27482
48,-328397.172825,4472310.67397
48,-328425.935556,4472327.08431
48,-328423.954006,4472328.03093
48,-328372.990701,4472322.55247
48,-328263.194188,4472310.92109
48,-328413.444671,4472327.76785
48,-328316.54271,4472331.60113
48,-328417.419308,4472358.62984
48,-328373.894539,4472359.10411
48,-328485.738156,4472412.68265
48,-328375.454229,4472415.98161
48,-328396.356008,4472453.19528
48,-328362.769518,4472476.54572
48,-328361.963265,4472482.3149
48,-328385.337633,4472514.12996
48,-328487.544635,4472534.35591
48,-328407.123743,4472528.90387
48,-328226.517555,4472510.97551
48,-328353.103231,4472527.52805
48,-327892.314658,4472511.90939
48,-328073.76349,4472534.96131
48,-328099.082628,4472544.30919
48,-327966.803541,4472535.96036
48,-327818.550691,4472532.88397
48,-327692.860269,4472520.04307
48,-327741.995764,4472528.99668
48,-327660.290491,4472529.98629
