90,-326663.051333,4471970.14305
90,-326721.819729,4471978.49147
90,-326678.463291,4471995.59723
90,-326623.348567,4471990.05204
90,-326598.026543,4471989.15755
90,-326579.188491,4471989.7238
90,-326609.275405,4471995.90822
90,-326600.616394,4471999.80389
90,-326595.727903,4472000.92084
90,-326688.088999,4472020.86859
90,-326742.200594,4472036.36701
90,-326677.676992,4472044.73483
90,-326610.161687,4472045.86709
90,-326599.670462,4472046.44583
90,-326578.890463,4472045.25255
90,-326600.194446,4472051.15896
90,-326459.873352,4472038.69134
90,-326675.129276,4472075.13156
90,-326675.171237,4472077.91461
90,-326731.769886,4472084.14846
90,-326593.760353,4472070.35435
90,-326742.750311,4472093.08526
90,-326715.228173,4472092.84304
90,-326671.567441,4472089.1971
90,-326627.570315,4472087.38442
90,-326754.959627,4472105.83621
90,-326591.730844,4472091.53373
90,-326741.281312,4472108.08581
90,-326681.431013,4472104.72113
90,-326709.826894,4472108.85487
90,-326703.6657,4472108.66845
90,-326665.418032,4472107.1095
90,-326689.477222,4472111.62073
90,-326703.362717,4472115.39369
90,-326676.388782,4472112.44066
90,-326580.830146,4472106.67327
90,-326491.131276,4472101.47333
90,-326654.86634,4472128.29464
90,-326596.009093,4472121.85158
90,-326750.610408,4472138.9644
90,-326619.961485,4472124.69885
90,-326531.969792,4472125.54253
90,-326525.105976,4472140.7485
90,-326491.77317,4472141.79338
90,-326708.560617,4472169.89192
90,-326699.207514,4472173.1362
90,-326732.807754,4472177.56579
90,-326439.261612,4472146.25867
90,-326517.693936,4472160.96324
90,-326508.479357,4472162.01971
90,-326454.556485,4472165.1289
90,-326441.595093,4472166.90175
