30,-329284.108639,4470077.79852
30,-329294.245482,4470186.85877
30,-329271.263332,4470203.53187
30,-329319.570539,4470256.25897
30,-329296.927819,4470316.51935
30,-329275.111523,4470371.46327
30,-328508.154802,4470321.04048
30,-328691.422931,4470381.20709
30,-329285.981797,4470496.49153
30,-329288.559283,4470514.31392
30,-329294.640327,4470549.26055
30,-329300.151956,4470570.11525
30,-329302.751632,4470579.29325
30,-329318.119659,4470592.01978
30,-329249.990088,4470594.10553
30,-329248.113308,4470609.86191
30,-329167.909016,4470621.89916
30,-329087.058395,4470656.10304
30,-329092.711595,4470657.51197
30,-329002.267915,4470673.60885
30,-329330.928153,4470716.66424
30,-329051.783478,4470692.7066
30,-329334.276332,4470768.28731
30,-328820.265713,4470748.64314
30,-329313.617296,4470815.13462
30,-328764.72369,4470761.09541
30,-329292.158346,4470830.57759
30,-328809.119167,4470803.36478
30,-328665.693274,4470798.65917
30,-329325.324212,4470880.63
30,-329328.836898,4470888.11254
30,-328661.680035,4470829.9516
30,-328556.964042,4470834.99121
30,-328495.520067,4470875.19219
30,-329309.017686,4471067.14487
30,-329301.076507,4471072.28855
30,-329292.734426,4471089.05871
30,-329278.590467,4471129.70605
30,-329054.482837,4471110.10648
30,-329252.223614,4471144.89375
30,-329276.644113,4471169.30114
30,-329322.566946,4471204.19501
30,-328642.50247,4471136.50073
30,-328790.652633,4471168.71629
30,-329306.40763,4471228.21767
30,-329013.937508,4471256.11003
30,-328857.246671,4471263.50564
30,-328949.634631,4471281.99133
30,-328663.667893,4471257.71042
30,-328570.507389,4471269.97505
30,-328499.830457,4471264.38536
