58,-327592.957477,4470993.28775
58,-327622.759808,4471025.14729
58,-327026.83226,4471089.73085
58,-327051.128193,4471101.03051
58,-327028.243701,4471114.51993
58,-327007.272002,4471137.71819
58,-327028.197916,4471150.55998
58,-327003.646067,4471289.574
58,-327139.416065,4471384.64132
58,-327008.817768,4471379.0139
58,-327010.279901,4471394.15524
58,-327007.237355,4471402.94601
58,-327006.23311,4471488.89372
58,-327182.029802,4471517.83219
58,-327074.101667,4471510.1803
58,-327216.005886,4471558.16195
58,-327260.468952,4471567.94317
58,-327238.468925,4471567.03161
58,-327207.779315,4471575.50889
58,-327012.829781,4471555.28574
58,-327176.229274,4471576.33378
58,-327283.155709,4471599.53487
58,-327189.81301,4471610.32992
58,-327258.261665,4471625.75708
58,-327257.47158,4471629.56796
58,-327218.324895,4471630.91223
58,-327221.344439,4471634.99393
58,-327179.387767,4471633.03434
58,-327217.809886,4471637.4341
58,-327159.993652,4471635.15683
58,-327208.256698,4471643.70947
58,-327142.129793,4471636.83868
58,-327056.859294,4471628.06356
58,-327097.724646,4471633.18083
58,-327019.573847,4471626.97683
58,-327108.631439,4471638.04739
58,-327098.503466,4471638.25613
58,-327072.627922,4471639.7366
58,-327120.689127,4471645.38296
58,-327079.974002,4471642.61368
58,-327002.982066,4471639.99482
58,-327013.456245,4471641.90021
58,-327047.272934,4471654.98259
58,-327159.149774,4471731.48566
58,-327039.192859,4471831.32748
58,-327095.675083,4471900.36722
58,-327068.301342,4471899.47185
58,-327236.127849,4471925.92669
58,-327319.988835,4471935.6767
58,-327039.280085,4471913.9369
58,-327164.567838,4471934.42125
58,-327168.687487,4471937.68854
58,-327010.245697,4471925.77981
