138261,153923,168742,183180,191110,192731,193276,195424,195790,203007,210912,275969
133531,173114,183714,186306,187150,191133,197362,201758,206106,206790,210837,213734,222697,226099,227491,228872,231840,242807,244195,244414,248006,257070
120791,135099,135276,142162,143066,157106,157293,172965,175662,177945,180546,199770,205077,212871,219314,225453,229644
120791,135099,135276,140579,142838,143066,157106,157293,172965,175662,177945,180546,192232,199770,212871,214789,230464
123750,161354,161479,164748,168692,172645,181225,198759,221941,258241,258732,262699
120791,135099,135276,142838,143066,157106,157293,172965,175662,177945,180546,192232,199770,212871,214789,225453,229644
120411,122302,125287,151300,157951,169936,172341,172393,176475,187694,189120,217452,230652,250916,260438
135163,145502,147292,147528,148854,150688,157748,164417,169732,182103,183318,184181,188090,200507,208825,210473,213669,216150,226630,233423,242310,248685,262421
133531,173114,182121,191133,201586,201758,206790,213734,226099,227491,242807,244195,244414,248006,257070
138795,145556,148440,152499,187645,192736,197835,200507,209696,219737,226510,226630,233423,237384,248685
135163,145502,147292,148854,157748,164417,182103,183318,184181,200507,208825,210473,213669,216150,226510,226630,233423,237384,242310,248685,262421
137626,173114,182121,183714,191133,201758,206790,210837,226099,227491,228872,242807,244195,244414,248006,257070
120791,135099,135276,140579,142838,143066,157106,172965,175662,177945,180546,192232,199770,212871,214789,230464
121160,129308,130348,136891,145615,155700,156800,157893,176749,177385,181656,182972,189017,247063
135163,145502,147292,148854,164417,182103,183318,184181,200507,208825,210473,213669,213906,216150,226510,226630,233423,237384,242310,248685,262421
135163,138795,145556,147292,152499,164417,183318,192736,197835,200507,209696,210473,219737,226510,226630,233423,237384,248685
120791,125035,135099,135276,140579,142838,143066,145837,157106,172965,175662,177945,180546,186540,192232,206347,212871,230464
120411,122302,125287,151300,169936,172341,172393,176475,187694,189120,217452,250916,260438
120411,122302,125287,151300,155692,156044,157951,169936,172341,172393,176475,187694,212760,217452,230652,250916
136736,138261,153923,183180,190558,191110,192731,195424,195790,198846,202599,203007,210912,275969
138261,153923,168742,183180,191110,192731,193276,195424,198846,203007,210912,260668,275969
120791,135099,135276,143066,157106,172965,175662,177945,180546,199770,205077,212871,219314,225453,229644
159907,167960,173114,183714,186306,187150,195264,197362,208445,210837,222697,226099,228872,231840,235198,242807,248006
135276,140579,142838,143066,145837,172965,175662,180546,192232,206347,212871,214789,230464
136736,138261,153923,183180,191110,192731,193276,195424,195790,198846,203007,210912,275969
135163,145502,145556,147292,148854,150688,157748,169732,182103,183318,184181,200507,210473,216150,226510,226630,233423,237384,242310,262421
135276,142838,143066,157106,172965,175662,180546,192232,199770,212871,214789,225453,230464
120791,135099,135276,142162,142838,143066,152680,157106,157293,172965,175662,177945,180546,186080,186540,199770,205077,212871
120791,135099,135276,142162,143066,157106,172965,175662,177945,180546,199770,205077,212871,219314,225453,229644
120791,135099,135276,145837,152680,157106,157293,172965,175662,177945,186540,205077
120791,135099,135276,142838,143066,152680,157106,157293,172965,175662,177945,180546,199770,205077,212871,225453,229644
120791,135099,135276,142162,143066,152680,157106,157293,172965,175662,177945,180546,186080,186540,205077,212871
120791,135099,135276,142162,142838,143066,152680,157106,157293,172965,175662,177945,180546,186540,199770,205077,212871,225453
120791,135099,135276,143066,157106,172965,175662,177945,180546,199770,212871,214789,219314,225453,229644
124176,139621,156927,169674,185694,186684,198054,202544,203374,203664,227463,232460,236366,243925,257826
120791,135099,135276,140579,145837,152680,157293,175662,177945,186540,192232,206347
133531,173114,183714,186306,187150,191133,197362,201758,206106,206790,208445,210837,222697,226099,227491,228872,231840,235198,242807,244195,244414,248006,257070
132462,134515,144234,154678,167255,192189,193322,209525,228493,234016,272166,279393
135163,138795,145502,145556,147292,152499,183318,184181,192736,197835,200507,209696,210473,226510,226630,233423,237384,248685,262421
135163,138795,145556,147292,148854,152499,164417,200507,210473,216150,226510,226630,233423,237384,248685,262421
135163,145502,147292,147528,148854,150688,157748,164417,169732,182103,183318,184181,188090,208825,210473,213669,213906,216150,242310,248685,262421
133531,159907,173114,186306,187150,191133,197362,201758,206106,208445,210837,222697,226099,231840,235198,244414,248006
117929,134261,136067,151872,157567,169122,178143,187461,191638,200916,216619,224507,239214,240323
120791,135099,135276,142162,143066,152680,157106,157293,172965,175662,177945,180546,186080,186540,199770,205077,212871,219314,225453,229644
159907,167960,173114,183714,186306,187150,195264,197362,206106,208445,210837,222697,226099,231840,235198,242807,242856,244414,248006
120411,125287,151300,155692,156044,157951,169936,172341,172393,176475,187694,189120,212760,217452,219765,230652,250916
136736,138261,153923,183180,191110,192731,195424,198846,203007,210912,260668,275969
137626,173114,182121,183714,186306,197362,206790,210837,226099,227491,228872,242807,244195,244414,248006,257070
117929,134261,136067,148383,151872,157567,169122,178143,179742,187461,191638,200916,216481,216619,224507,239214,240323
135163,145502,147292,148854,164417,182103,200507,208825,210473,213669,216150,226630,233423,237384,248685,262421
173114,182121,183714,191133,201586,201758,206790,210837,213734,226099,227491,228872,242807,244195,244414,248006,257070
159907,167960,171699,186408,187150,194095,195264,202077,206106,208445,217454,222697,231840,235198,242856
120791,135099,135276,140579,142838,145837,152680,157106,157293,172965,175662,177945,186540,192232,206347,212871,230464
120791,135099,135276,142838,143066,157106,172965,175662,177945,180546,192232,199770,212871,214789,225453,229644
135163,145502,145556,147292,157748,183318,184181,200507,209696,210473,216150,226510,226630,233423,237384,262421
135163,145502,147292,147528,148854,150688,157748,169732,182103,183318,184181,188090,208825,213669,213906,216150,242310,262421
145556,147292,152499,183318,192736,197835,200507,209696,226510,226630,233423,237384
138795,145556,148440,152499,187645,192736,197835,200507,209696,219737,226510,226630,237384,248685
117929,134261,136067,148383,157567,169122,178143,179742,187461,191638,200916,216481,216619,224507,239214,240323
120411,125287,151300,169936,172393,176475,187694,189120,217452,219765,230652,250916
137626,173114,183714,186306,197362,206790,208445,210837,226099,227491,228872,242807,244195,244414,248006,257070
117929,134261,148383,151872,157567,169122,179742,187461,191638,200916,216481,216619,224507,239214,240323
135163,145502,145556,147292,147528,148854,150688,152499,157748,164417,169732,182103,183318,184181,188090,200507,210473,213669,216150,226510,226630,233423,237384,242310,248685,262421
124277,141178,149064,152244,177944,178036,181734,239648,245843,249766,274371,279545
120791,135099,135276,142838,143066,157106,157293,172965,175662,177945,180546,199770,205077,212871,225453,229644
120791,135099,135276,140579,142838,143066,145837,152680,157106,157293,172965,175662,177945,180546,186540,192232,205077,206347,212871,230464
182121,191133,201586,201758,206790,213734,226099,227491,244195,244414,248006,257070
124176,139621,156927,169674,185694,186684,198054,202544,203374,203664,225155,227463,229526,232460,236366,243925,257826
135163,145502,147292,147528,148854,150688,157748,164417,169732,182103,183318,184181,188090,200507,210473,213669,216150,226510,226630,233423,242310,248685,262421
120791,142162,143066,157106,172965,180546,186080,199770,205077,212871,219314,225453
135163,145502,145556,147292,152499,183318,184181,192736,200507,209696,210473,216150,226510,226630,233423,237384,262421
136736,153923,183180,191110,192731,195424,195790,198846,203007,210912,260668,275969
120791,135099,135276,140579,145837,152680,157106,157293,172965,175662,177945,186540,192232
135163,138795,145502,145556,147292,152499,164417,183318,184181,192736,197835,200507,209696,210473,219737,226510,226630,233423,237384,248685,262421
120791,125035,135099,135276,140579,142838,143066,145837,152680,157106,172965,175662,177945,180546,186540,192232,206347,212871,230464
138795,145556,147292,152499,192736,197835,200507,209696,226510,226630,233423,237384
135163,145502,145556,147292,148854,150688,152499,157748,164417,169732,182103,183318,184181,200507,209696,210473,213669,216150,226510,226630,233423,237384,242310,248685,262421
126632,198918,222154,233030,236337,236354,247300,250072,253583,256572,259178,274818
159907,167960,183714,186306,187150,195264,197362,206106,208445,210837,222697,231840,235198,242856
159907,167960,173114,183714,186306,187150,191133,197362,201758,206106,206790,208445,210837,222697,226099,227491,228872,231840,235198,242807,244195,244414,248006,257070
145502,147292,150688,157748,169732,182103,183318,184181,210473,216150,233423,242310,262421
133531,173114,182121,191133,201586,201758,206790,213734,226099,227491,242807,244195,244414,248006,249602,257070
133531,173114,183714,187150,191133,197362,201758,206106,206790,210837,213734,222697,226099,227491,228872,242807,244195,244414,248006,257070
120791,135099,135276,142838,143066,157106,157293,172965,175662,177945,180546,192232,199770,205077,212871,225453
135163,145502,147292,147528,148854,157748,164417,182103,183318,184181,188090,200507,208825,210473,213669,213906,216150,233423,242310,248685,262421
167960,173114,183714,186306,187150,195264,197362,208445,210837,222697,226099,227491,228872,231840,235198,242807,244195,244414,248006
120791,142162,143066,157106,157293,172965,180546,186080,205077,212871,219314,225453
133531,173114,187150,191133,201586,201758,206790,210837,213734,226099,227491,242807,244414,248006,257070
133531,159907,173114,183714,186306,187150,191133,197362,201758,206106,206790,208445,210837,213734,222697,226099,227491,231840,235198,242807,244414,248006
135163,138795,145556,147292,152499,164417,183318,184181,192736,197835,200507,209696,210473,219737,226510,226630,233423,237384,248685,262421
120791,135099,135276,140579,142838,143066,145837,152680,157106,157293,172965,175662,177945,186540,192232,205077,206347,212871,230464
129653,138795,148440,152499,187645,192736,197835,209696,219737,226510,226630,237384,240583
159907,167960,173114,186306,187150,195264,197362,206106,208445,222697,231840,235198,242856
138795,145556,148440,152499,187645,192736,197835,200507,209696,219737,226510,226630,237384,240583
120791,135099,135276,140579,143066,145837,152680,157106,157293,172965,175662,177945,180546,186080,186540,192232,205077,212871
173114,182121,191133,201586,201758,206790,210837,226099,227491,228872,242807,244195,244414,248006,257070
120411,122302,125287,151300,169936,172393,176475,187694,189120,217452,250916,260438
159907,167960,171699,186408,187150,194095,195264,197362,202077,206106,208445,217454,222697,231840,235198,242856
135163,138795,145556,147292,152499,164417,192736,200507,209696,210473,219737,226510,226630,233423,237384,248685
159907,167960,173114,183714,186306,187150,191133,195264,197362,201758,206106,206790,208445,210837,222697,226099,227491,228872,231840,235198,242807,244195,244414,248006,257070
135163,145502,147292,148854,152499,164417,182103,183318,184181,200507,210473,213669,216150,226510,226630,233423,237384,242310,248685,262421
173114,183714,186306,187150,191133,197362,201758,206106,206790,208445,210837,222697,226099,227491,228872,231840,235198,242807,244195,244414,248006,257070
148413,150277,177662,216761,247590,249531,258199,261811,266061,267295,276184,279687
120791,135276,140579,142838,143066,145837,157106,172965,175662,177945,180546,192232,206347,212871,214789,230464
133531,159907,173114,183714,186306,187150,191133,197362,201758,206106,206790,208445,210837,222697,226099,227491,231840,235198,242807,244414,248006
136736,153923,183180,190558,191110,192731,195424,195790,198846,202599,203007,210912,275969
133531,173114,183714,186306,187150,191133,197362,201758,206106,206790,208445,210837,213734,222697,226099,227491,231840,235198,242807,244414,248006,257070
138795,145556,147292,152499,187645,192736,197835,200507,209696,210473,219737,226510,226630,233423,237384,248685
138795,145556,152499,164417,187645,192736,197835,200507,209696,219737,226510,226630,237384,248685
124176,139621,156927,169674,185694,186684,198054,202544,203664,225155,227463,229526,234431,243925,257826
159907,167960,173114,183714,186306,187150,195264,197362,201758,206106,206790,208445,210837,222697,226099,227491,228872,231840,235198,242807,244414,248006,257070
120791,135099,135276,140579,142838,143066,145837,152680,157106,157293,172965,175662,177945,180546,186080,186540,192232,205077,206347,212871,230464
136736,153923,183180,190558,191110,192731,195424,195790,198846,202599,203007,210912
135276,142838,143066,157106,172965,175662,180546,192232,199770,212871,214789,225453,229644
125035,135276,140579,142838,143066,145837,172965,175662,177945,180546,192232,206347,212871,214789,230464
120791,135099,135276,142838,143066,157106,157293,172965,175662,177945,180546,192232,199770,212871,214789,225453
138795,145556,152499,187645,192736,197835,200507,209696,219737,226510,226630,233423,237384
159907,167960,171699,186306,187150,194095,195264,197362,208445,222697,231840,235198,242856
121160,129308,130348,136891,140211,145615,155700,157893,176749,177385,181656,193756,247063
120791,135099,135276,142838,143066,152680,157106,157293,172965,175662,177945,180546,186540,192232,199770,205077,212871
138795,145556,147292,152499,183318,192736,197835,200507,209696,210473,219737,226510,226630,233423,237384,248685
135163,145502,147292,147528,148854,157748,164417,182103,183318,184181,188090,200507,208825,210473,213669,213906,216150,226510,226630,233423,237384,242310,248685,262421
120791,135099,135276,140579,142838,143066,145837,157106,172965,175662,177945,180546,192232,206347,212871,214789,230464
133531,173114,182121,183714,191133,201586,201758,206790,210837,213734,226099,227491,228872,242807,244195,244414,248006,257070
159907,167960,171699,186306,187150,194095,195264,197362,202077,206106,208445,222697,231840,235198,242856
120791,135099,135276,140579,142162,142838,143066,145837,152680,157106,157293,172965,175662,177945,180546,186080,186540,192232,205077,212871
135163,145502,145556,147292,147528,148854,150688,152499,157748,164417,169732,182103,183318,184181,200507,210473,213669,216150,226510,226630,233423,237384,242310,248685,262421
159907,167960,173114,183714,186306,187150,195264,197362,206106,206790,208445,210837,222697,226099,227491,228872,231840,235198,242807,244414,248006
124176,139621,156927,169674,185694,198054,202544,225155,229526,234431,243925,257826
137626,167960,173114,183714,186306,197362,208445,210837,226099,228872,242807,248006
120791,135099,135276,140579,142838,143066,145837,157106,157293,172965,175662,177945,180546,192232,212871,214789,230464
135163,145502,147528,148854,150688,157748,164417,169732,182103,184181,188090,208825,210473,213669,213906,216150,242310,262421
120791,125035,135099,135276,140579,142838,143066,145837,172965,175662,177945,180546,192232,206347,212871,230464
120791,135099,135276,140579,142838,143066,152680,157106,157293,172965,175662,177945,180546,186540,192232,199770,205077,212871
121160,129308,130348,136891,140211,145615,156800,157893,176749,177385,181656,189017,193756,247063
135163,145502,145556,147292,148854,157748,182103,183318,184181,200507,209696,210473,216150,226510,226630,233423,237384,242310,262421
159907,167960,173114,183714,186306,187150,195264,197362,201758,206106,208445,210837,222697,226099,231840,235198,244414,248006
135163,145502,145556,147292,148854,157748,164417,169732,182103,183318,184181,200507,209696,210473,216150,226510,226630,233423,237384,242310,248685,262421
120791,135099,135276,142162,143066,157106,157293,172965,175662,177945,180546,186080,199770,205077,212871,219314,225453
144492,148457,190972,204163,221293,233605,234042,237098,237298,239064,285792,292112
133531,173114,187150,191133,197362,201586,201758,206106,206790,210837,213734,226099,227491,244414,248006
120791,135099,135276,142162,143066,157106,157293,172965,175662,177945,180546,186080,199770,205077,212871,219314,225453,229644
135163,145502,145556,147292,148854,152499,164417,182103,183318,200507,210473,216150,226510,226630,233423,237384,248685,262421
133531,173114,187150,191133,197362,201758,206106,206790,210837,213734,222697,226099,244414,248006
173114,182121,183714,186306,191133,197362,201758,206790,210837,226099,227491,228872,242807,244195,244414,248006,257070
159907,167960,173114,183714,186306,187150,195264,197362,206106,206790,208445,210837,222697,226099,227491,228872,231840,235198,242807,244195,244414,248006,257070
120411,125287,151300,156044,157951,169936,172341,172393,176475,187694,189120,212760,217452,219765,230652
120791,125035,135099,135276,140579,142838,143066,145837,152680,157106,172965,175662,177945,186540,192232,206347,212871,230464
135163,145502,147292,147528,148854,150688,157748,164417,169732,182103,183318,184181,188090,200507,208825,210473,213669,213906,216150,242310,248685,262421
124176,139621,156927,169674,185694,186684,198054,202544,203664,229526,234431,257826
137626,167960,173114,183714,186306,197362,206790,208445,210837,222697,226099,227491,228872,235198,242807,244195,244414,248006,257070
135163,145502,147292,147528,148854,150688,157748,169732,182103,183318,184181,188090,208825,210473,213669,213906,216150,233423,242310,262421
120791,135099,135276,142162,143066,152680,157106,157293,172965,175662,177945,180546,186080,186540,199770,205077,212871,225453
120791,135099,135276,142162,143066,152680,157106,157293,172965,175662,177945,180546,186080,186540,199770,205077,212871,219314,225453
141693,164910,175597,201799,225695,228431,238112,238729,240706,240996,242607,242909
120411,151300,157951,169936,172393,176475,187694,189120,212760,217452,219765,230652
138795,145556,147292,152499,183318,192736,197835,200507,209696,210473,226510,226630,233423,237384,248685,262421
135163,138795,145502,145556,147292,148854,152499,164417,182103,183318,192736,200507,209696,210473,216150,226510,226630,233423,237384,248685,262421
120791,135099,135276,140579,142838,143066,152680,157106,157293,172965,175662,177945,180546,186540,192232,205077,212871,230464
133531,173114,182121,183714,191133,197362,201586,201758,206790,210837,213734,226099,227491,228872,242807,244195,244414,248006,257070
120791,135099,135276,142162,143066,152680,157106,157293,172965,175662,177945,180546,186080,199770,205077,212871,219314,225453,229644
138795,145556,148440,152499,187645,192736,197835,200507,209696,219737,226510,226630,237384
160047,173635,176457,215956,226260,226796,228180,228588,231289,239891,240612,242376,266191
135163,138795,145502,145556,147292,148854,152499,164417,182103,183318,184181,192736,200507,209696,210473,216150,226510,226630,233423,237384,248685,262421
159907,167960,171699,186306,186408,187150,194095,195264,197362,202077,206106,208445,217454,222697,231840,235198,242856
135163,145502,147292,147528,148854,150688,157748,169732,182103,183318,184181,200507,210473,216150,226510,226630,233423,242310,262421
120411,125287,151300,155692,156044,157951,169936,172341,172393,176475,187694,189120,212760,217452,219765,230652
120411,122302,125287,151300,155692,157951,169936,172341,172393,176475,187694,212760,217452,250916
135276,142838,143066,172965,175662,180546,192232,199770,212871,214789,225453,230464
135163,145502,145556,147292,148854,150688,157748,169732,182103,183318,184181,200507,210473,216150,226510,226630,233423,242310,262421
120791,135099,135276,142162,143066,152680,157106,157293,172965,175662,177945,180546,186080,186540,205077,212871,219314
120411,122302,125287,151300,155692,156044,157951,169936,172341,172393,176475,187694,212760,217452,230652
133531,159907,173114,186306,187150,191133,197362,201758,206106,208445,210837,213734,222697,226099,231840,235198,244414,248006
120791,135099,135276,140579,145837,152680,157106,157293,172965,175662,177945,186080,186540,192232,205077,212871
155109,162855,168990,171883,174474,192018,196040,199349,204524,215063,223712,241330,286770
120791,135099,135276,140579,142162,142838,143066,152680,157106,157293,172965,175662,177945,180546,186080,186540,192232,205077,212871
117929,134261,148383,151872,157567,169122,178143,179742,187461,191638,200916,216481,216619,224507,239214,240323
120791,135099,135276,140579,142838,145837,152680,157293,175662,177945,186540,192232,206347,230464
138795,145556,147292,152499,183318,187645,192736,197835,200507,209696,210473,219737,226510,226630,233423,237384,248685
135163,145502,145556,147292,148854,157748,169732,182103,183318,184181,200507,210473,216150,226510,226630,233423,242310,262421
135163,145502,145556,147292,148854,152499,157748,164417,182103,183318,184181,188090,200507,208825,210473,213669,216150,226510,226630,233423,237384,242310,248685,262421
137626,167960,173114,183714,186306,197362,206790,208445,210837,222697,226099,227491,228872,235198,242807,244195,244414,248006
137626,173114,183714,186306,197362,206790,208445,210837,222697,226099,227491,228872,242807,244195,244414,248006,257070
133531,173114,183714,187150,191133,197362,201586,201758,206106,206790,210837,213734,222697,226099,227491,242807,244414,248006,257070
120791,135099,135276,142838,143066,157106,172965,175662,177945,180546,199770,212871,214789,225453,229644
135163,145502,145556,147292,147528,148854,150688,152499,157748,164417,182103,183318,184181,188090,200507,208825,210473,213669,216150,226510,226630,233423,237384,242310,248685,262421
159907,167960,183714,186306,187150,195264,197362,208445,210837,222697,228872,231840,235198
120791,135099,135276,142838,143066,157106,157293,172965,175662,177945,180546,199770,212871,214789,225453,229644
120791,135276,140579,142838,143066,145837,157106,172965,175662,177945,180546,192232,212871,214789,230464
159907,167960,173114,186306,187150,195264,197362,206106,208445,222697,231840,235198
159907,167960,173114,183714,186306,187150,195264,197362,206106,208445,210837,222697,228872,231840,235198,242807
133531,173114,182121,191133,201586,201758,206790,210837,213734,226099,227491,242807,244414,248006,249602,257070
121160,129308,130348,145615,156800,157893,177385,181656,182972,189017,193756,247063
159907,167960,173114,183714,186306,187150,191133,195264,197362,201758,206106,206790,208445,210837,222697,226099,227491,231840,235198,242807,244414,248006
145502,147292,147528,148854,150688,157748,169732,182103,183318,184181,188090,213669,216150,233423,242310,262421
159907,167960,171699,186306,187150,194095,195264,197362,202077,206106,208445,217454,222697,231840,235198,242856
135163,145502,145556,147292,147528,148854,150688,157748,164417,169732,182103,183318,184181,188090,200507,210473,213669,216150,226510,226630,233423,237384,242310,248685,262421
135163,138795,145502,145556,147292,152499,164417,183318,192736,197835,200507,209696,210473,216150,226510,226630,233423,237384,248685,262421
136736,138261,153923,183180,191110,192731,193276,195424,195790,198846,203007,210912
167960,173114,183714,186306,187150,191133,197362,206106,206790,208445,210837,222697,226099,227491,228872,231840,235198,242807,244195,244414,248006,257070
117929,134261,136067,148383,151872,157567,169122,178143,179742,187461,191638,200916,216619,224507,239214,240323
133531,159907,173114,186306,187150,191133,197362,201758,206106,213734,222697,231840,235198,244414
117812,126327,129662,134285,166706,166906,179246,180763,189140,190631,192623,203138,219424
138795,145556,148440,152499,187645,192736,197835,209696,219737,226510,226630,237384,240583
135163,138795,145502,145556,147292,148854,152499,157748,164417,182103,183318,184181,192736,200507,209696,210473,216150,226510,226630,233423,237384,248685,262421
159907,167960,173114,183714,186306,187150,191133,195264,197362,201758,206106,206790,208445,210837,222697,226099,227491,228872,231840,235198,242807,244414,248006
133531,173114,182121,183714,186306,187150,191133,197362,201758,206790,210837,213734,226099,227491,228872,242807,244195,244414,248006,257070
120411,125287,151300,156044,157951,169936,172341,172393,176475,187694,189120,212760,217452,219765,230652,250916
145502,147292,147528,150688,157748,169732,182103,183318,184181,216150,233423,242310,262421
159907,167960,173114,183714,186306,187150,195264,197362,206106,208445,210837,222697,226099,228872,231840,235198,242807,244414,248006
135163,147292,148854,164417,182103,200507,208825,210473,213669,216150,226630,248685,262421
120791,135099,135276,140579,142838,143066,145837,172965,175662,177945,180546,192232,206347,212871,214789,230464
120791,135099,135276,140579,142838,143066,145837,152680,157106,157293,172965,175662,177945,180546,186540,192232,206347,212871,230464
124176,139621,156927,169674,185694,186684,198054,202544,203374,203664,225155,227463,229526,232460,234431,236366,243925,257826
138261,153923,168742,183180,191110,192731,193276,195424,195790,198846,203007,210912,275969
120411,122302,125287,151300,155692,156044,157951,169936,172341,172393,176475,187694,189120,212760,217452,230652,250916
135163,145502,147292,147528,148854,150688,157748,164417,169732,182103,183318,184181,188090,200507,208825,210473,213669,213906,216150,226630,233423,242310,248685,262421
120791,135099,135276,142162,142838,143066,152680,157106,157293,172965,175662,177945,180546,186540,192232,199770,205077,212871
120791,135099,135276,142162,143066,152680,157106,157293,172965,175662,177945,180546,199770,205077,212871,219314,225453,229644
133531,173114,183714,187150,191133,197362,201586,201758,206106,206790,210837,213734,226099,227491,228872,242807,244195,244414,248006,257070
120411,151300,157951,169936,172393,176475,187694,189120,217452,219765,230652,250916
135163,145502,147292,147528,148854,150688,157748,169732,182103,183318,184181,188090,210473,213669,216150,233423,242310,262421
120411,122302,125287,151300,155692,157951,169936,172341,172393,176475,187694,189120,212760,217452,250916
135163,145502,147292,148854,164417,182103,183318,184181,200507,208825,210473,213669,216150,226510,226630,233423,237384,242310,248685,262421
135163,138795,145502,145556,147292,148854,152499,157748,164417,182103,183318,184181,200507,209696,210473,216150,226510,226630,233423,237384,242310,248685,262421
120791,135099,135276,142162,143066,145837,152680,157106,157293,172965,175662,177945,180546,186080,186540,205077,212871
135163,145502,145556,147292,147528,148854,150688,157748,164417,169732,182103,183318,184181,188090,200507,208825,210473,213669,216150,226510,226630,233423,237384,242310,248685,262421
133531,159907,173114,186306,187150,191133,197362,201758,206106,213734,222697,231840,235198,244414,248006
133531,159907,173114,186306,187150,191133,197362,201758,206106,208445,222697,231840,235198
133531,173114,182121,183714,186306,187150,191133,197362,201758,206790,210837,213734,222697,226099,227491,228872,242807,244195,244414,248006,257070
125035,135099,135276,140579,142838,145837,152680,172965,175662,177945,186540,192232,206347,230464
120791,135099,135276,142162,143066,152680,157106,157293,172965,175662,177945,186080,186540,205077,212871
120791,135099,135276,142162,157106,157293,172965,175662,177945,180546,186080,205077,212871
159907,167960,171699,186306,187150,195264,197362,206106,208445,214136,222697,231840,235198,242856
120791,135099,135276,142162,143066,157106,157293,172965,175662,177945,180546,186080,205077,212871,219314
129653,138795,145556,148440,152499,187645,192736,197835,209696,219737,226510,226630,237384,240583
135163,138795,145556,147292,152499,164417,192736,197835,200507,209696,210473,219737,226510,226630,233423,237384,248685,262421
130655,177248,184674,188447,203536,203844,223448,226420,242742,249603,257996,261745
120791,135099,135276,140579,142162,143066,145837,152680,157106,157293,172965,175662,177945,180546,186080,186540,192232,205077,212871
159907,173114,186306,187150,195264,197362,201758,206106,208445,222697,231840,235198,244414
120791,135099,135276,140579,142838,143066,157106,157293,172965,175662,177945,180546,186540,192232,199770,205077,212871
121160,129308,136891,140211,145615,155700,157893,176749,177385,182972,189017,193756,247063
133531,173114,183714,186306,187150,191133,197362,201758,206106,206790,210837,213734,222697,226099,227491,228872,231840,242807,244414,248006,257070
120791,135099,135276,140579,142838,143066,157106,157293,172965,175662,177945,180546,186540,192232,199770,212871,230464
120791,135099,135276,140579,142162,143066,145837,152680,157106,157293,172965,175662,177945,180546,186080,186540,205077,212871
138795,145556,152499,164417,200507,209696,210473,219737,226510,226630,237384,248685
119568,138261,153923,168742,183180,191110,193276,195424,198846,210912,260668,275969
135163,138795,145502,145556,147292,152499,183318,184181,192736,200507,209696,210473,216150,226510,226630,233423,237384,248685,262421
120791,135099,135276,140579,142162,142838,143066,145837,152680,157106,157293,172965,175662,177945,180546,186540,192232,205077,212871,230464
135276,140579,142838,143066,172965,175662,180546,192232,199770,212871,214789,230464
173114,182121,191133,201758,206790,226099,227491,242807,244195,244414,248006,257070
138795,145556,147292,152499,164417,183318,187645,192736,197835,200507,209696,210473,219737,226510,226630,233423,237384,248685
133531,159907,173114,183714,186306,187150,191133,197362,201758,206106,206790,208445,210837,222697,226099,227491,231840,235198,242807,244414,248006,257070
120791,135099,135276,142162,152680,157106,157293,172965,175662,177945,186080,186540,205077,212871
133531,173114,182121,191133,201586,201758,206790,213734,227491,244414,248006,249602,257070
159907,167960,171699,186306,194095,195264,202077,208445,222697,231840,235198,242856
159907,167960,173114,183714,186306,187150,195264,197362,206106,208445,210837,222697,226099,227491,228872,231840,235198,242807,244195,244414,248006
137626,167960,173114,183714,186306,197362,208445,210837,222697,226099,227491,228872,235198,242807,244195,248006
121160,129308,130348,136891,140211,145615,155700,156800,157893,176749,177385,181656,182972,189017,193756,247063
133531,173114,182121,191133,201586,201758,206790,210837,213734,226099,227491,244414,248006,249602,257070
135163,138795,145556,147292,152499,164417,183318,192736,200507,209696,210473,216150,226510,226630,233423,237384,248685,262421
133531,159907,173114,186306,187150,191133,197362,201758,206106,208445,222697,231840,235198,244414,248006
173114,182121,191133,201586,201758,206790,226099,227491,244195,244414,248006,257070
173114,183714,186306,187150,191133,197362,201758,206106,206790,208445,210837,222697,226099,227491,228872,231840,242807,244195,244414,248006,257070
120411,122302,125287,151300,169936,172393,176475,187694,189120,217452,230652,250916
122302,125287,151300,155692,157951,169936,172341,172393,176475,187694,217452,250916
136736,138261,153923,183180,191110,192731,195424,195790,198846,203007,210912,260668,275969
121160,129308,130348,136891,140211,145615,155700,157893,176749,177385,182972,189017,193756,247063
120791,135099,142162,143066,157106,157293,172965,180546,186080,205077,212871,219314
135163,145502,145556,147292,148854,152499,157748,182103,183318,184181,200507,209696,210473,216150,226510,226630,233423,237384,262421
135163,145502,147292,147528,148854,150688,157748,164417,182103,183318,184181,188090,200507,208825,210473,213669,213906,216150,233423,242310,248685,262421
120791,135099,135276,140579,142162,142838,143066,145837,152680,157106,157293,172965,175662,177945,180546,186080,186540,192232,205077,206347,212871,230464
138795,145556,152499,164417,192736,200507,209696,219737,226510,226630,237384,248685
167960,173114,183714,186306,187150,197362,206790,208445,210837,222697,226099,227491,228872,235198,242807,244195,244414,248006
133531,173114,183714,187150,191133,197362,201586,201758,206790,210837,213734,226099,227491,228872,242807,244195,244414,248006,257070
133531,159907,173114,186306,187150,191133,197362,201758,206106,210837,213734,222697,231840,235198,244414,248006
133531,173114,183714,186306,187150,191133,197362,201758,206106,206790,208445,210837,213734,222697,226099,227491,228872,231840,242807,244195,244414,248006,257070
133531,173114,182121,183714,191133,201586,201758,206790,210837,213734,226099,227491,228872,242807,244195,244414,248006,249602,257070
135163,145502,147292,148854,164417,182103,183318,200507,208825,210473,213669,213906,216150,226630,233423,248685,262421
135163,138795,145502,145556,147292,152499,182103,183318,184181,192736,200507,209696,210473,216150,226510,226630,233423,237384,248685,262421
120791,135099,135276,140579,142162,142838,143066,145837,152680,157106,157293,172965,175662,177945,180546,186080,186540,192232,205077,212871,230464
137626,167960,173114,183714,186306,197362,208445,210837,222697,226099,227491,228872,235198,242807,244195,244414,248006
135163,145502,145556,147292,148854,152499,164417,182103,183318,184181,200507,210473,213669,216150,226510,226630,233423,237384,248685,262421
167960,173114,183714,186306,187150,195264,197362,208445,210837,222697,226099,228872,231840,235198,242807,248006
159907,167960,173114,183714,186306,187150,195264,197362,206106,208445,210837,222697,226099,231840,235198,242807,242856,248006
173114,182121,183714,186306,187150,191133,197362,201758,206790,208445,210837,222697,226099,227491,228872,242807,244195,244414,248006,257070
135163,145502,147292,148854,164417,182103,183318,188090,200507,208825,210473,213669,213906,216150,226630,248685,262421
120791,135099,135276,142838,143066,157106,157293,172965,175662,177945,180546,192232,199770,212871,214789,230464
135163,138795,145556,147292,152499,183318,184181,192736,197835,200507,209696,210473,226510,226630,233423,237384,248685,262421
122302,125287,151300,155692,156044,157951,169936,172341,172393,187694,212760,217452,230652
159907,167960,173114,183714,186306,187150,191133,195264,197362,201758,206106,208445,210837,222697,226099,231840,235198,242807,244414,248006
135163,138795,145502,145556,147292,148854,152499,157748,164417,182103,183318,184181,200507,209696,210473,213669,216150,226510,226630,233423,237384,242310,248685,262421
159907,167960,173114,183714,186306,187150,195264,197362,206106,208445,210837,222697,231840,235198,242856,244414,248006
167960,173114,183714,186306,187150,197362,208445,210837,222697,226099,227491,228872,231840,235198,242807,244195,244414,248006
138795,145556,148440,152499,187645,192736,197835,200507,209696,219737,226510,226630,233423,237384
135163,145502,147292,148854,152499,164417,182103,183318,184181,200507,210473,213669,216150,226510,226630,233423,237384,248685,262421
133531,173114,183714,186306,187150,191133,197362,201758,206106,206790,208445,210837,213734,222697,226099,227491,228872,231840,235198,242807,244414,248006,257070
133531,173114,182121,183714,187150,191133,197362,201586,201758,206790,210837,213734,226099,227491,228872,242807,244195,244414,248006,257070
120791,135099,135276,140579,143066,145837,152680,157106,157293,172965,175662,177945,180546,186080,186540,205077,212871
136736,138261,153923,183180,190558,191110,192731,195424,195790,202599,203007,210912
120791,135099,135276,142838,143066,152680,157106,157293,172965,175662,177945,180546,186540,192232,199770,205077,212871,225453
133531,159907,173114,186306,187150,191133,197362,201758,206106,208445,210837,222697,231840,235198,244414,248006
119568,138261,153923,168742,183180,191110,193276,195424,198846,203007,210912,275969
133531,173114,187150,191133,197362,201586,201758,206106,206790,210837,213734,226099,227491,242807,244414,248006,257070
120791,135099,142162,143066,157106,157293,172965,175662,177945,180546,186080,199770,205077,212871,219314,225453,229644
120791,135276,142838,143066,157106,172965,175662,177945,180546,192232,199770,212871,214789,225453,230464
120791,135099,135276,140579,142838,143066,145837,152680,157106,157293,172965,175662,177945,186540,192232,206347,212871,230464
135163,145502,147292,148854,157748,164417,182103,183318,184181,188090,200507,208825,210473,213669,213906,216150,226510,226630,233423,237384,242310,248685,262421
138795,145556,147292,152499,183318,187645,192736,197835,200507,209696,219737,226510,226630,233423,237384
139621,156927,169674,185694,186684,198054,203374,203664,227463,232460,236366,257826
135163,145502,145556,147292,148854,150688,152499,157748,164417,182103,183318,184181,200507,209696,210473,213669,216150,226510,226630,233423,237384,242310,248685,262421
135163,145502,147292,147528,148854,150688,157748,164417,182103,183318,184181,188090,200507,208825,210473,213669,213906,216150,226510,226630,233423,237384,242310,248685,262421
135163,138795,145556,147292,148854,152499,164417,183318,200507,209696,210473,216150,226510,226630,233423,237384,248685,262421
159907,167960,173114,183714,186306,187150,195264,197362,206106,208445,210837,222697,231840,235198,242856
120411,125287,151300,157951,169936,172341,172393,176475,187694,189120,212760,217452,219765,230652,250916
120791,135099,135276,142838,143066,157106,172965,175662,177945,180546,192232,199770,212871,214789,225453,230464
124176,139621,156927,169674,185694,186684,198054,202544,203664,225155,227463,229526,232460,234431,236366,243925,257826
138795,145556,148440,152499,187645,192736,209696,219737,226510,226630,237384,248685
135163,145502,147292,147528,148854,150688,157748,164417,169732,182103,183318,184181,188090,200507,208825,210473,213669,213906,216150,233423,242310,248685,262421
138795,145556,147292,152499,164417,187645,192736,197835,200507,209696,210473,219737,226510,226630,233423,237384,248685
133531,173114,187150,191133,197362,201586,201758,206106,213734,226099,244414,248006
124176,139621,156927,169674,185694,186684,198054,202544,203374,203664,227463,229526,232460,234431,236366,257826
124176,139621,156927,169674,185694,186684,198054,202544,203374,203664,227463,232460,234431,236366,257826
135163,145502,147292,147528,148854,150688,157748,164417,169732,182103,183318,184181,188090,208825,210473,213669,213906,216150,233423,242310,262421
134548,135774,136618,138900,150346,158973,162005,169871,185292,199462,205495,275809
135163,138795,145556,147292,152499,164417,183318,192736,197835,200507,209696,210473,219737,226510,226630,233423,237384,248685,262421
138795,145556,152499,187645,192736,197835,209696,219737,226510,226630,233423,237384
137626,173114,182121,183714,206790,210837,226099,227491,228872,242807,244195,244414,248006,257070
120791,135099,135276,140579,142838,143066,145837,157106,157293,172965,175662,177945,180546,186540,192232,212871,230464
159907,173114,183714,186306,187150,191133,195264,197362,201758,206106,206790,208445,210837,222697,226099,227491,231840,235198,242807,244414,248006
133531,173114,182121,191133,201586,201758,206790,213734,244414,246790,249602,257070
120791,135099,135276,140579,142838,143066,145837,157106,157293,172965,175662,177945,180546,192232,206347,212871,230464
135163,138795,145502,145556,147292,152499,164417,183318,184181,192736,197835,200507,209696,210473,216150,226510,226630,233423,237384,248685,262421
120791,135099,135276,140579,145837,152680,157106,157293,172965,175662,177945,186080,186540,205077,212871
159907,167960,171699,187150,195264,197362,202077,206106,208445,214136,222697,231840,235198,242856
129653,138795,148440,152499,187645,192736,197835,209696,219737,226510,237384,240583
159907,173114,186306,187150,191133,197362,201758,206106,208445,222697,231840,235198,244414
145502,147528,148854,150688,157748,169732,182103,184181,188090,208825,213669,213906,216150,242310
121160,129308,130348,136891,145615,155700,157893,176749,177385,182972,189017,247063
137626,182121,183714,206790,210837,226099,227491,228872,242807,244195,244414,248006,257070
120411,122302,125287,151300,157951,169936,172341,172393,176475,187694,189120,212760,217452,230652,250916
120791,135099,135276,143066,157106,157293,172965,175662,177945,180546,199770,205077,212871,219314,225453,229644
159907,167960,173114,183714,186306,187150,195264,197362,201758,206106,208445,210837,222697,226099,231840,235198,242807,244414,248006
173114,182121,183714,191133,197362,201758,206790,210837,226099,227491,228872,242807,244195,244414,248006,257070
120411,151300,155692,156044,157951,169936,172341,172393,212760,217452,219765,230652
120791,135099,135276,140579,145837,152680,157293,172965,175662,177945,186540,192232,206347,230464
133531,159907,173114,183714,186306,187150,191133,197362,201758,206106,206790,208445,210837,222697,226099,227491,228872,231840,235198,242807,244414,248006,257070
133531,173114,186306,187150,191133,197362,201758,206106,210837,213734,222697,226099,231840,244414,248006
120791,135099,135276,140579,145837,152680,157106,157293,172965,175662,177945,186540,192232,206347
135163,145502,147292,147528,148854,150688,157748,169732,182103,183318,184181,200507,210473,213669,216150,233423,242310,262421
135163,145502,145556,147292,147528,148854,152499,157748,164417,182103,183318,184181,188090,200507,210473,213669,216150,226510,226630,233423,237384,242310,248685,262421
120411,122302,125287,151300,169936,172393,176475,187694,189120,217452,230652,250916,260438
135163,138795,145556,147292,152499,164417,200507,209696,210473,226510,226630,233423,237384,248685,262421
135163,138795,145556,147292,148854,152499,164417,182103,183318,200507,210473,216150,226510,226630,233423,237384,248685,262421
138795,145556,152499,164417,187645,192736,197835,200507,209696,210473,219737,226510,226630,233423,237384,248685
133531,173114,183714,187150,191133,197362,201758,206106,206790,210837,213734,222697,226099,227491,228872,242807,244414,248006,257070
159907,167960,171699,187150,195264,197362,202077,206106,214136,222697,231840,235198,242856
117929,134261,136067,151872,157567,169122,178143,179742,187461,191638,200916,216619,224507,239214,240323
133531,182121,191133,201586,201758,206790,213734,226099,227491,244414,248006,257070
120791,135276,140579,142838,143066,157106,172965,175662,177945,180546,192232,199770,212871,214789,230464
135163,145502,147292,147528,148854,150688,157748,164417,169732,182103,183318,184181,188090,200507,208825,210473,213669,213906,216150,226510,226630,233423,237384,242310,248685,262421
