0
0.000584795321637355
-0.00116959064327482
-0.00175438596491229
0.000584795321637355
0
-0.000584795321637466
0
-0.00350877192982457
0.00233918128654964
0.00175438596491229
0.00116959064327482
0.00233918128654964
0.000584795321637466
0.00350877192982457
0.00233918128654975
0.00116959064327482
0.00233918128654964
0.00175438596491229
0.00292397660818711
0.00233918128654964
0.00409356725146193
0.00526315789473675
0.00233918128654964
0.00233918128654964
0.00350877192982457
0.00584795321637421
0.00584795321637421
0.00467836257309939
0.00526315789473675
0.00584795321637421
0.00584795321637421
0.00409356725146193
0.0076023391812865
0.0116959064327485
0.00643274853801168
0.00994152046783625
0.00818713450292397
0.0076023391812865
0.00935672514619879
0.00994152046783625
0.0105263157894736
0.00877192982456132
0.0076023391812865
0.00935672514619879
0.00994152046783625
0.00935672514619879
0.00935672514619879
0.0105263157894736
0.00935672514619879
0.0076023391812865
0.00526315789473686
0.0146198830409356
0.0134502923976608
0.0163742690058479
0.0134502923976608
0.00994152046783625
0.0128654970760234
0.0181286549707602
0.0122807017543859
0.0116959064327485
0.0134502923976608
0.0163742690058479
0.0216374269005848
0.0163742690058479
0.0169590643274854
0.0210526315789473
0.0181286549707602
0.02046783625731
0.0216374269005848
0.019298245614035
0.0222222222222221
0.0222222222222223
0.0233918128654971
0.0245614035087719
0.0239766081871344
0.0257309941520467
0.0251461988304094
0.0309941520467836
0.0327485380116959
0.035672514619883
0.0345029239766081
0.0286549707602339
0.0409356725146198
0.0426900584795321
0.0385964912280702
0.0497076023391813
0.0555555555555555
0.0573099415204678
0.0555555555555555
0.0596491228070175
0.0777777777777777
0.0853801169590643
0.110526315789474
0.14327485380117
0.212865497076023
0.283040935672515
0.378947368421053
0.382456140350877
0.386549707602339
