0
0.00158730158730158
-0.00158730158730158
0
0.00793650793650791
0.00634920634920633
-0.00793650793650802
-0.00317460317460316
0
-0.00158730158730158
0.00317460317460316
0.00476190476190474
-0.00476190476190474
0.00158730158730158
0.00158730158730158
0.00793650793650791
0.0142857142857142
0.00634920634920633
0.00317460317460316
0.00793650793650791
0.00634920634920633
0.00634920634920633
0
0.00476190476190474
0.00317460317460316
0.00793650793650791
-0.00476190476190474
-0.00317460317460316
0.00952380952380949
0.00793650793650791
0.00793650793650791
0.0111111111111111
0.0142857142857142
0.00952380952380949
0.0158730158730158
0.00634920634920633
0.00476190476190474
0.00158730158730158
0.00952380952380949
0
0.019047619047619
0.00793650793650791
0.0174603174603174
0.0158730158730158
0.00476190476190474
0.0253968253968254
0.019047619047619
0.00317460317460316
0.0238095238095237
0.0142857142857142
0.0238095238095237
0.0222222222222223
0.0253968253968254
0.019047619047619
0.0301587301587302
0.0301587301587302
0.026984126984127
0.0238095238095238
0.0253968253968254
0.0142857142857142
0.0349206349206349
0.0349206349206349
0.0333333333333333
0.0301587301587302
0.0349206349206349
0.0412698412698412
0.0555555555555555
0.0349206349206349
0.046031746031746
0.0476190476190476
0.0492063492063491
0.0428571428571428
0.0492063492063491
0.0523809523809523
0.0619047619047619
0.0619047619047619
0.0777777777777777
0.0698412698412698
0.0698412698412698
0.0714285714285714
0.107936507936508
0.133333333333333
0.13015873015873
0.112698412698413
0.182539682539683
0.211111111111111
0.231746031746032
0.292063492063492
0.342857142857143
0.366666666666667
0.412698412698413
0.495238095238095
0.503174603174603
0.526984126984127
0.592063492063492
0.568253968253968
0.573015873015873
0.585714285714286
0.606349206349206
0.611111111111111
