0
0
0
0
0
0
0.00322580645161286
0.00322580645161286
0
0
0.00967741935483879
0.00967741935483868
0.00645161290322582
0
0.00967741935483879
0.0193548387096775
0.0129032258064516
0.0258064516129033
0.0161290322580645
0.00645161290322582
0.0161290322580645
0.0193548387096775
0.0129032258064516
0.0193548387096775
0.0225806451612903
0.0258064516129033
0.0290322580645161
0.032258064516129
0.0225806451612903
0.0258064516129033
0.0225806451612903
0.0129032258064516
0.0419354838709678
0.0225806451612903
0.0387096774193549
0.0258064516129033
0.0516129032258065
0.0290322580645161
0.0483870967741936
0.0516129032258065
0.0741935483870968
0.067741935483871
0.0645161290322581
0.0483870967741936
0.0870967741935484
0.0580645161290323
0.0709677419354839
0.0516129032258065
0.1
0.0935483870967743
0.106451612903226
0.1
0.132258064516129
0.138709677419355
0.129032258064516
0.132258064516129
0.154838709677419
0.148387096774194
0.158064516129032
0.154838709677419
0.190322580645161
0.145161290322581
0.190322580645161
0.2
0.183870967741936
0.183870967741936
0.183870967741936
0.196774193548387
0.258064516129032
0.238709677419355
0.245161290322581
0.264516129032258
0.258064516129032
0.293548387096774
0.270967741935484
0.32258064516129
0.283870967741936
0.335483870967742
0.32258064516129
0.351612903225806
0.37741935483871
0.374193548387097
0.374193548387097
0.390322580645161
0.393548387096774
0.4
0.412903225806452
0.419354838709677
0.406451612903226
0.445161290322581
0.429032258064516
0.458064516129032
0.416129032258065
0.419354838709677
0.432258064516129
0.432258064516129
0.406451612903226
0.461290322580645
0.448387096774194
0.403225806451613
