0
0
-0.00222222222222224
0
0.00222222222222224
0
0.00222222222222224
0
0.00222222222222224
0
-0.00222222222222224
0
-0.00222222222222224
0
0
-0.00222222222222224
-0.00666666666666671
0.00444444444444436
0.0066666666666666
-0.00222222222222224
0.00222222222222224
0.00444444444444447
0.00444444444444436
0.00222222222222224
0.0111111111111111
0
0.00222222222222224
-0.00444444444444447
0.00222222222222224
0
0.0066666666666666
0.00222222222222224
0.0066666666666666
0.0111111111111111
0.0111111111111111
0.0177777777777778
0.0066666666666666
0.0133333333333333
0.0066666666666666
0.0155555555555555
0.0199999999999999
0.0177777777777778
0.0177777777777778
0.0244444444444444
0.0177777777777778
0.0133333333333333
0.0177777777777778
0.0133333333333333
0.0066666666666666
0.0266666666666666
0.0199999999999999
0.0266666666666666
0.0288888888888889
0.0199999999999999
0.0377777777777778
0.0266666666666666
0.0333333333333333
0.0488888888888889
0.0199999999999999
0.0311111111111111
0.0377777777777777
0.0622222222222222
0.0355555555555556
0.0244444444444444
0.0577777777777778
0.0533333333333333
0.0622222222222222
0.0711111111111111
0.08
0.0711111111111111
0.0866666666666667
0.1
0.0755555555555555
0.104444444444444
0.115555555555556
0.117777777777778
0.153333333333333
0.195555555555555
0.191111111111111
0.222222222222222
0.244444444444444
0.304444444444444
0.302222222222222
0.348888888888889
0.415555555555556
0.433333333333333
0.502222222222222
0.475555555555556
0.537777777777778
0.575555555555556
0.595555555555556
0.642222222222222
0.62
0.664444444444444
0.635555555555556
0.646666666666667
0.688888888888889
0.644444444444444
0.64
0.662222222222222
