0
0.00190476190476185
0.00190476190476185
0.00126984126984131
0.00253968253968251
0.00190476190476185
0.000634920634920655
0.00253968253968251
0.00317460317460316
0.00444444444444447
-0.00317460317460316
0.00444444444444447
0.00571428571428567
0.00253968253968251
0.0012698412698412
0.00253968253968251
0.0012698412698412
0.0012698412698412
0.00698412698412698
0.00190476190476185
0.00507936507936502
0.00190476190476185
0.00698412698412698
0.00507936507936502
0.0012698412698412
0
0.00761904761904764
0.00634920634920633
0.00444444444444447
0.00317460317460316
0.00444444444444436
0.000634920634920655
0.00888888888888884
0.00698412698412698
0.00888888888888884
0.00952380952380949
0.00571428571428567
0.00888888888888884
0.0133333333333333
0.0146031746031746
0.012063492063492
0.0209523809523809
0.00888888888888884
0.0184126984126984
0.019047619047619
0.0152380952380952
0.0184126984126984
0.0177777777777778
0.0184126984126983
0.026031746031746
0.0247619047619048
0.019047619047619
0.0222222222222221
0.0247619047619048
0.0279365079365079
0.0234920634920635
0.0342857142857143
0.026031746031746
0.0292063492063491
0.0253968253968253
0.0380952380952381
0.0419047619047619
0.0298412698412698
0.0406349206349206
0.0292063492063491
0.0406349206349206
0.0380952380952381
0.0514285714285714
0.0457142857142857
0.0514285714285714
0.0393650793650794
0.052063492063492
0.0514285714285714
0.0603174603174603
0.0526984126984127
0.0603174603174603
0.0711111111111111
0.0774603174603175
0.0634920634920635
0.0901587301587301
0.114920634920635
0.116825396825397
0.134603174603175
0.177777777777778
0.192380952380952
0.260952380952381
0.304126984126984
0.34031746031746
0.396190476190476
0.410793650793651
0.456507936507936
0.514920634920635
0.547301587301587
0.580952380952381
0.598095238095238
0.572698412698413
0.580952380952381
0.62031746031746
0.560634920634921
0.584126984126984
