0
0
0
0.00129032258064521
0.00129032258064521
0
0.00387096774193552
0.00258064516129031
0.00258064516129031
0.00645161290322582
0.00387096774193552
0.00645161290322582
0.00774193548387103
0.00387096774193552
0.00774193548387103
0.0167741935483872
0.0129032258064516
0.0116129032258064
0.00645161290322582
0.00774193548387103
0.0206451612903226
0.0103225806451613
0.0167741935483872
0.0180645161290323
0.0206451612903227
0.0193548387096775
0.0283870967741936
0.0258064516129033
0.023225806451613
0.0258064516129033
0.0245161290322581
0.0258064516129033
0.0361290322580645
0.0412903225806452
0.0322580645161291
0.0477419354838711
0.055483870967742
0.0503225806451614
0.0593548387096775
0.0645161290322581
0.0529032258064517
0.055483870967742
0.0812903225806452
0.0916129032258065
0.072258064516129
0.087741935483871
0.0890322580645162
0.0993548387096774
0.0890322580645162
0.110967741935484
0.116129032258065
0.131612903225807
0.138064516129032
0.135483870967742
0.127741935483871
0.16
0.139354838709677
0.166451612903226
0.163870967741936
0.190967741935484
0.179354838709677
0.215483870967742
0.194838709677419
0.203870967741935
0.210322580645161
0.218064516129032
0.251612903225806
0.259354838709677
0.236129032258065
0.274838709677419
0.28258064516129
0.273548387096774
0.270967741935484
0.312258064516129
0.312258064516129
0.330322580645161
0.336774193548387
0.330322580645161
0.36
0.370322580645161
0.376774193548387
0.378064516129032
0.381935483870968
0.410322580645161
0.405161290322581
0.430967741935484
0.414193548387097
0.427096774193548
0.438709677419355
0.412903225806452
0.424516129032258
0.421935483870968
0.406451612903226
0.420645161290323
0.436129032258065
0.420645161290323
0.424516129032258
0.430967741935484
0.433548387096774
0.424516129032258
