0
0
0
0
0
0
0.00266666666666671
0
0.00177777777777777
0.00266666666666671
0.000888888888888939
0.00266666666666671
0.00266666666666671
0.00355555555555553
0.000888888888888939
0.0053333333333333
0.00711111111111107
0.0053333333333333
0.0115555555555555
0.0142222222222222
0.00800000000000001
0.00800000000000001
0.0151111111111111
0.0115555555555555
0.016
0.0177777777777778
0.0133333333333333
0.0177777777777778
0.0177777777777778
0.0168888888888888
0.024
0.0248888888888888
0.0168888888888888
0.0284444444444445
0.0231111111111111
0.0266666666666666
0.0284444444444444
0.0328888888888889
0.0337777777777778
0.0311111111111111
0.0337777777777778
0.0302222222222223
0.0284444444444445
0.0355555555555556
0.0373333333333333
0.04
0.0355555555555556
0.04
0.0506666666666666
0.04
0.0453333333333333
0.0542222222222222
0.0533333333333333
0.048
0.0435555555555556
0.0702222222222222
0.0533333333333333
0.0559999999999999
0.0622222222222222
0.0639999999999999
0.0808888888888889
0.0746666666666667
0.0737777777777778
0.0897777777777777
0.072
0.08
0.0968888888888889
0.0977777777777777
0.119111111111111
0.114666666666667
0.133333333333333
0.144888888888889
0.124444444444444
0.174222222222222
0.180444444444444
0.201777777777778
0.230222222222222
0.219555555555556
0.268444444444444
0.294222222222222
0.345777777777778
0.362666666666667
0.430222222222222
0.432
0.434666666666667
0.490666666666667
0.534222222222222
0.547555555555556
0.580444444444444
0.630222222222222
0.654222222222222
0.669333333333333
0.653333333333333
0.668444444444444
0.679111111111111
0.684444444444444
0.667555555555556
0.693333333333333
0.687111111111111
0.709333333333333
