0.00023391812865492
0.00046783625730995
0.000935672514619901
0.00070175438596487
0.00233918128654975
0.00233918128654975
0.00304093567251462
0.00304093567251462
0.00397660818713452
0.00257309941520467
0.00421052631578944
0.00304093567251462
0.00725146198830418
0.00467836257309939
0.00771929824561401
0.00865497076023392
0.00888888888888895
0.00725146198830418
0.00818713450292397
0.00795321637426905
0.0105263157894737
0.0093567251461989
0.0105263157894737
0.0116959064327485
0.00959064327485382
0.00912280701754387
0.0109941520467837
0.0100584795321638
0.0128654970760234
0.0123976608187135
0.0126315789473684
0.0105263157894737
0.0123976608187135
0.0128654970760235
0.00982456140350885
0.0138011695906433
0.0140350877192983
0.0154385964912281
0.0145029239766082
0.0142690058479532
0.0142690058479532
0.0121637426900585
0.0119298245614036
0.015906432748538
0.016608187134503
0.0145029239766082
0.016140350877193
0.0152046783625731
0.0177777777777778
0.0170760233918129
0.0152046783625731
0.0163742690058479
0.0170760233918129
0.0149707602339182
0.0189473684210527
0.0196491228070176
0.0187134502923977
0.0208187134502924
0.0191812865497076
0.0205847953216375
0.0231578947368422
0.0196491228070176
0.0205847953216375
0.0236257309941521
0.0222222222222223
0.0226900584795322
0.0236257309941521
0.0254970760233918
0.0273684210526316
0.0264327485380117
0.0318128654970761
0.023859649122807
0.0290058479532164
0.0264327485380117
0.0304093567251462
0.0301754385964913
0.0318128654970761
0.032748538011696
0.0346198830409357
0.0355555555555556
0.0374269005847954
0.0367251461988304
0.0444444444444445
0.0463157894736842
0.0467836257309941
0.0519298245614035
0.0545029239766082
0.0523976608187134
0.0596491228070175
0.0685380116959065
0.0778947368421052
0.0851461988304094
0.0977777777777777
0.125146198830409
0.165614035087719
0.229239766081871
0.322573099415205
0.373567251461988
0.389005847953216
0.382923976608187
