0
0
0
0.000740740740740709
0.000740740740740709
0
0
0
0
-0.000740740740740709
-0.000740740740740709
0
0.000740740740740709
0.000740740740740709
-0.000740740740740709
0
-0.00148148148148153
-0.00296296296296295
-0.00148148148148153
0.00222222222222224
0.000740740740740709
0
-0.00222222222222224
0.00148148148148153
0.00148148148148142
0.00222222222222224
0.00370370370370365
-0.00148148148148153
-0.000740740740740709
0.00296296296296295
0.000740740740740709
0.00370370370370365
0.00148148148148142
-0.00074074074074082
-0.000740740740740709
0.00296296296296295
0.00148148148148142
0.000740740740740709
0.00370370370370365
0.00740740740740742
0.00148148148148142
0.00222222222222224
0.00518518518518518
0
-0.00074074074074082
0.0103703703703704
0.000740740740740709
0.0118518518518518
0.000740740740740709
0.00592592592592589
0.00444444444444436
0.00148148148148142
0.00518518518518518
0.00370370370370365
0.00814814814814813
0.0111111111111111
-0.00518518518518518
0.00740740740740742
0.00444444444444436
0.00444444444444436
0.00814814814814813
0.000740740740740709
0.0125925925925926
0.014074074074074
0.00888888888888884
0.0266666666666666
0.00740740740740742
0.0118518518518518
0.0237037037037037
0.0281481481481481
0.0355555555555556
0.0333333333333333
0.0511111111111111
0.0622222222222222
0.0592592592592592
0.0637037037037036
0.113333333333333
0.111111111111111
0.134074074074074
0.157777777777778
0.178518518518519
0.20962962962963
0.259259259259259
0.28962962962963
0.31037037037037
0.340740740740741
0.385925925925926
0.437777777777778
0.456296296296296
0.520740740740741
0.571851851851852
0.588148148148148
0.577037037037037
0.62
0.608888888888889
0.62
0.622222222222222
0.594074074074074
0.62
0.619259259259259
