0.00163742690058477
0.00140350877192985
0.00350877192982457
0.00491228070175442
0.0037426900584796
0.00608187134502924
0.00748538011695909
0.00491228070175442
0.00888888888888895
0.00795321637426905
0.0093567251461989
0.0109941520467837
0.0107602339181286
0.0130994152046784
0.0102923976608188
0.0126315789473684
0.0123976608187135
0.0130994152046784
0.0102923976608187
0.0121637426900585
0.0126315789473684
0.0133333333333334
0.0147368421052632
0.0130994152046784
0.0152046783625731
0.0116959064327485
0.0147368421052632
0.0149707602339182
0.0133333333333333
0.0128654970760235
0.0119298245614036
0.0135672514619883
0.0123976608187135
0.0138011695906433
0.0140350877192983
0.0147368421052632
0.0133333333333333
0.0159064327485381
0.0147368421052632
0.0149707602339182
0.0142690058479532
0.0149707602339182
0.0149707602339182
0.0177777777777778
0.0173099415204678
0.0159064327485381
0.0170760233918129
0.0184795321637428
0.0180116959064328
0.0170760233918129
0.0187134502923977
0.0198830409356725
0.0191812865497076
0.0205847953216375
0.0217543859649123
0.0187134502923977
0.0217543859649123
0.0205847953216375
0.0201169590643275
0.0226900584795322
0.0219883040935673
0.0224561403508772
0.0233918128654971
0.0240935672514621
0.0233918128654971
0.0224561403508773
0.0250292397660818
0.0252631578947369
0.023859649122807
0.0278362573099415
0.0301754385964913
0.0285380116959064
0.0278362573099415
0.0313450292397661
0.031578947368421
0.0348538011695907
0.032280701754386
0.0348538011695907
0.0360233918128655
0.0371929824561403
0.0430409356725147
0.0430409356725147
0.04
0.0500584795321638
0.0502923976608187
0.0584795321637427
0.0533333333333333
0.0605847953216374
0.0683040935672515
0.0764912280701755
0.0860818713450292
0.103157894736842
0.130292397660819
0.155321637426901
0.220116959064327
0.28140350877193
0.356491228070175
0.388304093567251
0.375906432748538
0.384093567251462
