0
0
0
0
0
0.00129032258064521
0.00129032258064521
0
0.00129032258064521
0.00129032258064521
0.00129032258064521
0.00129032258064521
0.00387096774193552
0.00129032258064521
0.00516129032258061
0.0103225806451613
0.0141935483870969
0.00516129032258061
0.0167741935483872
0.0129032258064516
0.0167741935483872
0.0245161290322581
0.0193548387096775
0.0258064516129033
0.0116129032258064
0.0258064516129033
0.0322580645161291
0.0270967741935484
0.0348387096774194
0.0425806451612903
0.0451612903225806
0.0322580645161291
0.0580645161290323
0.0464516129032259
0.0541935483870968
0.0709677419354839
0.0800000000000001
0.0761290322580646
0.0787096774193549
0.095483870967742
0.0980645161290323
0.104516129032258
0.0864516129032259
0.107096774193548
0.121290322580645
0.109677419354839
0.123870967741936
0.141935483870968
0.136774193548387
0.153548387096774
0.132903225806452
0.156129032258065
0.171612903225806
0.16258064516129
0.188387096774194
0.189677419354839
0.203870967741935
0.201290322580645
0.236129032258065
0.221935483870968
0.216774193548387
0.228387096774194
0.236129032258065
0.241290322580645
0.246451612903226
0.283870967741936
0.285161290322581
0.285161290322581
0.304516129032258
0.283870967741936
0.318709677419355
0.31741935483871
0.329032258064516
0.325161290322581
0.354838709677419
0.378064516129032
0.367741935483871
0.378064516129032
0.383225806451613
0.4
0.392258064516129
0.403870967741936
0.411612903225806
0.393548387096774
0.430967741935484
0.420645161290323
0.405161290322581
0.423225806451613
0.429677419354839
0.418064516129032
0.40258064516129
0.416774193548387
0.411612903225806
0.411612903225806
0.414193548387097
0.421935483870968
0.423225806451613
0.420645161290323
0.416774193548387
0.401290322580645
