0.000888888888888939
0
0.000888888888888939
0
0
0.00177777777777777
0
0.00177777777777777
0.00622222222222224
0.00711111111111107
0.00266666666666671
0.0053333333333333
0.0053333333333333
0.00622222222222224
0.0133333333333333
0.0124444444444445
0.0115555555555555
0.0195555555555555
0.016
0.0142222222222222
0.0195555555555555
0.0222222222222223
0.0177777777777778
0.0213333333333333
0.0142222222222222
0.0266666666666666
0.024
0.0222222222222223
0.0186666666666667
0.0204444444444445
0.032
0.024
0.0302222222222223
0.0337777777777778
0.0302222222222223
0.0337777777777778
0.0337777777777778
0.04
0.0426666666666666
0.0373333333333333
0.0346666666666666
0.0355555555555556
0.0346666666666666
0.0497777777777778
0.0382222222222223
0.0524444444444444
0.0471111111111111
0.0577777777777778
0.0453333333333333
0.0444444444444444
0.04
0.0577777777777778
0.0613333333333334
0.0604444444444444
0.0631111111111111
0.0559999999999999
0.0737777777777778
0.0711111111111111
0.0782222222222222
0.0808888888888889
0.0862222222222222
0.0808888888888889
0.0977777777777777
0.0951111111111111
0.104888888888889
0.109333333333333
0.12
0.127111111111111
0.152
0.141333333333333
0.177777777777778
0.186666666666667
0.221333333333333
0.235555555555556
0.237333333333333
0.294222222222222
0.344
0.298666666666667
0.334222222222222
0.365333333333333
0.421333333333333
0.434666666666667
0.473777777777778
0.496
0.553777777777778
0.529777777777778
0.584888888888889
0.613333333333333
0.658666666666667
0.640888888888889
0.651555555555556
0.681777777777778
0.662222222222222
0.681777777777778
0.662222222222222
0.647111111111111
0.654222222222222
0.670222222222222
0.689777777777778
0.638222222222222
