-0.00126984126984131
-0.00126984126984131
-0.00444444444444447
-0.00253968253968251
-0.00253968253968251
-0.00380952380952382
-0.00444444444444447
-0.000634920634920655
-0.00126984126984131
0.000634920634920655
-0.00253968253968251
0.00380952380952382
0.000634920634920655
0.00317460317460316
0.00380952380952382
0.00507936507936502
0.00507936507936502
0
0.00571428571428567
0.00380952380952382
0.00698412698412698
0.00444444444444447
0.00952380952380949
0.00190476190476185
0.00634920634920633
0.00507936507936502
0.00825396825396818
0.0165079365079365
0.00571428571428567
0.012063492063492
0.00761904761904764
0.0126984126984127
0.019047619047619
0.0101587301587301
0.0114285714285713
0.0177777777777778
0.0158730158730158
0.0126984126984127
0.0177777777777778
0.0133333333333333
0.0203174603174603
0.0209523809523809
0.0292063492063491
0.0273015873015873
0.026031746031746
0.0304761904761904
0.0234920634920635
0.0228571428571428
0.0285714285714286
0.0215873015873016
0.0273015873015873
0.0317460317460317
0.0215873015873016
0.0342857142857143
0.0368253968253968
0.0317460317460317
0.0342857142857143
0.0374603174603174
0.0374603174603174
0.0368253968253968
0.0444444444444444
0.0304761904761904
0.0476190476190476
0.0387301587301587
0.0469841269841269
0.0507936507936507
0.0412698412698412
0.0514285714285714
0.0463492063492064
0.0533333333333333
0.0501587301587302
0.0419047619047619
0.0622222222222222
0.0653968253968253
0.0761904761904761
0.0723809523809523
0.0806349206349206
0.0965079365079364
0.115555555555556
0.128888888888889
0.142222222222222
0.175873015873016
0.201269841269841
0.243809523809524
0.282539682539683
0.306666666666667
0.34031746031746
0.405714285714286
0.453333333333333
0.48
0.535238095238095
0.561904761904762
0.579047619047619
0.600634920634921
0.588571428571429
0.612063492063492
0.578412698412698
0.606984126984127
0.602539682539682
0.586031746031746
