0
0
-0.000740740740740709
0
0
-0.000740740740740709
-0.000740740740740709
0
-0.000740740740740709
0
-0.000740740740740709
0
-0.000740740740740709
-0.00222222222222224
-0.000740740740740709
-0.00148148148148153
-0.000740740740740709
-0.00222222222222224
-0.000740740740740709
-0.00370370370370376
-0.00148148148148153
0.00148148148148153
-0.00296296296296295
-0.005925925925926
-0.005925925925926
0.000740740740740709
0.00148148148148142
-0.00148148148148153
0
-0.00074074074074082
-0.00148148148148153
0
0
-0.00444444444444447
-0.00222222222222224
-0.00296296296296295
-0.00074074074074082
0.000740740740740709
0.00518518518518518
0.00444444444444447
0.00222222222222224
0.00370370370370365
0.00148148148148142
0.00740740740740742
0.00148148148148142
-0.00148148148148153
0.00148148148148142
0.000740740740740709
0.00740740740740742
-0.00148148148148153
-0.00518518518518529
0.00296296296296295
0.00148148148148142
0.00370370370370365
0.00370370370370365
0.00148148148148142
0.00444444444444436
0.00592592592592589
0.00444444444444436
0.00814814814814813
0.0148148148148147
0.0162962962962963
0.00888888888888884
0.0207407407407407
0.0118518518518518
0.0303703703703704
0.014074074074074
0.0296296296296296
0.0296296296296296
0.0422222222222222
0.0555555555555555
0.0674074074074074
0.0814814814814814
0.0918518518518519
0.103703703703704
0.10962962962963
0.142222222222222
0.16962962962963
0.18962962962963
0.22
0.242222222222222
0.279259259259259
0.311851851851852
0.363703703703704
0.385185185185185
0.415555555555555
0.476296296296296
0.525185185185185
0.540740740740741
0.577037037037037
0.588148148148148
0.586666666666667
0.608148148148148
0.603703703703704
0.597777777777778
0.604444444444444
0.617037037037037
0.606666666666667
0.620740740740741
0.604444444444444
