0.000888888888888939
0.00266666666666671
0.00266666666666671
0.00800000000000001
0.0053333333333333
0.00711111111111107
0.0115555555555555
0.00622222222222224
0.0124444444444445
0.0133333333333333
0.0142222222222222
0.0168888888888888
0.0195555555555555
0.0186666666666667
0.0133333333333333
0.0248888888888888
0.0186666666666667
0.0213333333333333
0.0222222222222223
0.0222222222222223
0.0231111111111111
0.0266666666666667
0.0231111111111111
0.0302222222222223
0.0222222222222223
0.024
0.024
0.024
0.0213333333333333
0.0266666666666666
0.0266666666666666
0.0284444444444445
0.032
0.0408888888888889
0.0302222222222223
0.04
0.0266666666666667
0.0408888888888889
0.04
0.0515555555555556
0.0488888888888889
0.04
0.0417777777777778
0.0506666666666666
0.0506666666666666
0.0497777777777778
0.0604444444444444
0.048
0.0604444444444444
0.056
0.0648888888888889
0.0613333333333334
0.0693333333333334
0.0622222222222222
0.072
0.0773333333333334
0.0871111111111111
0.0737777777777778
0.0942222222222222
0.0968888888888889
0.111111111111111
0.117333333333333
0.131555555555556
0.136888888888889
0.127111111111111
0.145777777777778
0.163555555555556
0.179555555555556
0.197333333333333
0.213333333333333
0.217777777777778
0.241777777777778
0.257777777777778
0.271111111111111
0.32
0.355555555555556
0.371555555555556
0.399111111111111
0.415111111111111
0.445333333333333
0.495111111111111
0.491555555555556
0.557333333333333
0.539555555555556
0.584888888888889
0.623111111111111
0.644444444444444
0.637333333333333
0.667555555555556
0.656
0.659555555555556
0.676444444444444
0.640888888888889
0.687111111111111
0.666666666666667
0.680888888888889
0.689777777777778
0.678222222222222
0.702222222222222
0.637333333333333
