0
0
-0.000740740740740709
-0.000740740740740709
-0.00222222222222224
-0.00148148148148153
-0.00296296296296295
-0.000740740740740709
-0.000740740740740709
-0.00296296296296295
-0.00148148148148153
-0.00222222222222224
0
-0.00296296296296295
-0.00148148148148153
-0.00222222222222224
-0.00148148148148153
-0.000740740740740709
-0.000740740740740709
-0.00296296296296295
-0.000740740740740709
-0.00148148148148153
-0.00222222222222224
-0.00444444444444447
-0.000740740740740709
-0.00148148148148153
-0.000740740740740709
-0.00222222222222224
-0.00370370370370376
-0.000740740740740709
0.00518518518518518
0
-0.00444444444444447
-0.00222222222222224
-0.00222222222222224
-0.00370370370370376
-0.00370370370370376
-0.00148148148148153
-0.00296296296296295
-0.00444444444444447
0.00222222222222224
0
-0.00370370370370376
-0.00148148148148153
-0.00222222222222224
-0.00518518518518518
0.00370370370370365
-0.00074074074074082
-0.00296296296296306
0.000740740740740709
0
0.000740740740740709
0.00888888888888884
0.00370370370370365
0.00740740740740742
0.0111111111111111
-0.005925925925926
0.00370370370370365
0.0111111111111111
0.00740740740740742
0.0214814814814814
0.0185185185185185
0.0222222222222221
0.0274074074074073
0.022962962962963
0.0399999999999999
0.0437037037037037
0.0577777777777777
0.0525925925925925
0.0696296296296296
0.0822222222222222
0.107407407407407
0.11037037037037
0.117777777777778
0.164444444444444
0.176296296296296
0.201481481481481
0.237777777777778
0.252592592592592
0.292592592592593
0.311851851851852
0.34962962962963
0.376296296296296
0.437777777777778
0.458518518518518
0.499259259259259
0.52962962962963
0.557037037037037
0.566666666666667
0.586666666666667
0.588148148148148
0.616296296296296
0.608888888888889
0.599259259259259
0.615555555555556
0.606666666666667
0.632592592592593
0.611111111111111
0.597777777777778
0.627407407407407
