0.00046783625730995
0.00046783625730995
0.000935672514619901
0.000935672514619901
0.00070175438596487
0.00116959064327482
0.00116959064327482
0.00070175438596487
0.00233918128654975
0.00163742690058477
0.00210526315789472
0.00163742690058477
0.0018713450292398
0.00210526315789472
0.00210526315789472
0.00210526315789472
0.00140350877192985
0.0018713450292398
0.00210526315789472
-0.00023391812865492
0.00116959064327493
0.000935672514619901
0.000935672514619901
0.00163742690058477
0.00140350877192985
0.00210526315789472
0.00257309941520467
0.00163742690058477
0.0028070175438597
0.00210526315789472
0.00046783625730995
0.00327485380116965
0.00421052631578955
0.00257309941520467
0.0028070175438597
0.00444444444444447
0.00397660818713452
0.00514619883040934
0.00631578947368427
0.0037426900584796
0.00584795321637432
0.00491228070175442
0.00631578947368427
0.00725146198830418
0.00584795321637432
0.00865497076023392
0.00818713450292397
0.00771929824561401
0.00701754385964914
0.00795321637426905
0.00982456140350885
0.00865497076023392
0.00771929824561401
0.0105263157894737
0.0100584795321638
0.00865497076023392
0.00888888888888895
0.0109941520467837
0.0114619883040936
0.00959064327485382
0.0102923976608187
0.0142690058479532
0.0135672514619883
0.0142690058479532
0.0109941520467837
0.0140350877192983
0.0133333333333333
0.0147368421052632
0.0152046783625731
0.016140350877193
0.0182456140350877
0.0196491228070176
0.0201169590643275
0.0222222222222223
0.0217543859649123
0.0219883040935672
0.024561403508772
0.0311111111111111
0.0266666666666667
0.0306432748538011
0.0301754385964913
0.032748538011696
0.0407017543859649
0.039766081871345
0.0409356725146199
0.0425730994152047
0.0533333333333333
0.0591812865497077
0.0638596491228071
0.0706432748538012
0.0863157894736842
0.114385964912281
0.141052631578947
0.185263157894737
0.250058479532164
0.315555555555556
0.359766081871345
0.368187134502924
0.370760233918129
0.352046783625731
