0
0.00129032258064521
0
0
0.00129032258064521
0
0.00129032258064521
0.00258064516129031
0.00129032258064521
0.00129032258064521
0.00774193548387103
0.00387096774193552
0.00903225806451613
0.0103225806451613
0.0141935483870969
0.0141935483870969
0.0129032258064516
0.0116129032258064
0.0270967741935484
0.0270967741935484
0.0348387096774194
0.0348387096774194
0.0296774193548388
0.0464516129032259
0.0464516129032259
0.0541935483870968
0.0464516129032259
0.0567741935483872
0.0541935483870968
0.0670967741935484
0.0632258064516129
0.0696774193548387
0.087741935483871
0.0864516129032259
0.0929032258064516
0.100645161290323
0.101935483870968
0.0903225806451613
0.11741935483871
0.129032258064516
0.113548387096774
0.121290322580645
0.143225806451613
0.158709677419355
0.16258064516129
0.148387096774194
0.156129032258065
0.16258064516129
0.2
0.193548387096774
0.198709677419355
0.189677419354839
0.214193548387097
0.219354838709677
0.228387096774194
0.245161290322581
0.24
0.247741935483871
0.258064516129032
0.246451612903226
0.265806451612903
0.298064516129032
0.276129032258065
0.298064516129032
0.296774193548387
0.309677419354839
0.318709677419355
0.330322580645161
0.329032258064516
0.332903225806452
0.340645161290323
0.361290322580645
0.366451612903226
0.35741935483871
0.375483870967742
0.378064516129032
0.393548387096774
0.383225806451613
0.4
0.401290322580645
0.403870967741936
0.410322580645161
0.411612903225806
0.432258064516129
0.414193548387097
0.423225806451613
0.415483870967742
0.410322580645161
0.40258064516129
0.411612903225806
0.407741935483871
0.405161290322581
0.407741935483871
0.418064516129032
0.415483870967742
0.415483870967742
0.410322580645161
0.414193548387097
0.4
0.410322580645161
