0.000634920634920655
0.00190476190476185
0.00571428571428567
0.00380952380952382
0.00571428571428567
0.00634920634920633
0.00444444444444447
0.00444444444444447
0.0107936507936508
0.00507936507936502
0.00698412698412698
0.00507936507936502
0.00380952380952382
0.00698412698412698
0.00571428571428567
0.00253968253968251
0.013968253968254
0.00444444444444447
0.00761904761904764
0.00888888888888884
0.00634920634920633
0.0107936507936508
0.012063492063492
0.0114285714285715
0.0107936507936508
0.0126984126984127
0.0152380952380952
0.0126984126984127
0.012063492063492
0.0133333333333333
0.019047619047619
0.0203174603174603
0.0152380952380952
0.0165079365079365
0.0171428571428571
0.0171428571428571
0.0247619047619048
0.0222222222222221
0.0234920634920635
0.0196825396825396
0.026031746031746
0.0368253968253968
0.0273015873015873
0.026031746031746
0.0241269841269841
0.0368253968253968
0.0292063492063491
0.026031746031746
0.0279365079365079
0.0380952380952381
0.0355555555555556
0.0425396825396825
0.0355555555555556
0.0368253968253968
0.0406349206349206
0.0419047619047619
0.0330158730158729
0.0393650793650794
0.0399999999999999
0.0463492063492064
0.0438095238095237
0.0507936507936507
0.0406349206349206
0.0501587301587301
0.0533333333333333
0.0412698412698412
0.0476190476190476
0.0622222222222222
0.0634920634920635
0.0552380952380952
0.0673015873015873
0.0653968253968253
0.0780952380952381
0.0838095238095238
0.0761904761904761
0.109206349206349
0.118730158730159
0.120634920634921
0.154285714285714
0.168888888888889
0.198730158730159
0.24
0.286984126984127
0.297142857142857
0.34984126984127
0.38031746031746
0.427301587301587
0.474920634920635
0.50031746031746
0.554920634920635
0.558095238095238
0.573968253968254
0.568253968253968
0.589206349206349
0.586031746031746
0.601269841269841
0.568888888888889
0.581587301587302
0.605079365079365
0.591111111111111
