0
0.00046783625730995
0.000935672514619901
0.00140350877192985
0.00233918128654975
0.00116959064327482
0.00140350877192985
0.00163742690058477
0.00116959064327482
0.00046783625730995
0.00116959064327493
0.0018713450292398
0.00163742690058477
0.00233918128654975
0.00163742690058477
0.00210526315789472
0.00163742690058477
0.0028070175438597
0.00233918128654975
0.00210526315789472
0.00233918128654975
0.00163742690058477
0.0018713450292398
0.00327485380116965
0.00350877192982457
0.00421052631578955
0.00257309941520467
0.00444444444444447
0.0037426900584796
0.00327485380116965
0.00397660818713452
0.0028070175438597
0.00538011695906437
0.00444444444444447
0.00538011695906437
0.00678362573099422
0.00514619883040934
0.00631578947368427
0.00678362573099422
0.00608187134502924
0.00748538011695909
0.00561403508771929
0.00748538011695909
0.00701754385964914
0.00701754385964914
0.00818713450292397
0.00865497076023392
0.00912280701754387
0.00865497076023392
0.0102923976608187
0.0100584795321638
0.00725146198830406
0.0112280701754386
0.0100584795321638
0.00912280701754387
0.0102923976608187
0.00959064327485382
0.0112280701754386
0.0114619883040936
0.0128654970760235
0.0121637426900585
0.0133333333333333
0.0159064327485381
0.0156725146198831
0.0156725146198831
0.0145029239766082
0.0163742690058479
0.0182456140350877
0.0191812865497076
0.0203508771929825
0.0187134502923977
0.0175438596491229
0.0219883040935672
0.0273684210526316
0.0231578947368422
0.0252631578947369
0.0226900584795322
0.0276023391812866
0.0311111111111111
0.0350877192982456
0.0339181286549708
0.0383625730994153
0.0388304093567252
0.0442105263157895
0.0500584795321638
0.0528654970760234
0.0575438596491228
0.0661988304093568
0.0804678362573099
0.087953216374269
0.112514619883041
0.137543859649123
0.173567251461988
0.229941520467836
0.279298245614035
0.337543859649123
0.35625730994152
0.36233918128655
0.364210526315789
0.367485380116959
