0
0
0
0
0
0
0
0
0
0
-0.000740740740740709
0
-0.000740740740740709
-0.000740740740740709
0.000740740740740709
-0.000740740740740709
-0.000740740740740709
-0.00148148148148153
0
-0.000740740740740709
-0.00222222222222224
-0.00370370370370376
-0.00222222222222224
-0.00296296296296295
-0.00222222222222224
-0.00444444444444447
-0.00296296296296295
-0.00296296296296295
-0.00148148148148153
-0.00370370370370376
-0.00148148148148153
-0.00444444444444447
-0.00222222222222224
-0.00740740740740742
-0.00666666666666671
-0.00370370370370376
-0.005925925925926
-0.00444444444444447
-0.00444444444444447
-0.00148148148148153
-0.00370370370370376
-0.005925925925926
-0.00444444444444447
-0.00148148148148153
-0.00740740740740742
-0.00296296296296306
0
-0.005925925925926
0.000740740740740709
-0.00370370370370376
0.00296296296296295
0.00444444444444436
0.00296296296296295
0.000740740740740709
0.00518518518518518
0.00814814814814813
0.0133333333333333
0.0192592592592592
0.017037037037037
0.0214814814814814
0.0399999999999999
0.0296296296296296
0.0325925925925925
0.0377777777777777
0.0614814814814815
0.0540740740740741
0.0688888888888888
0.0933333333333333
0.0881481481481481
0.0977777777777777
0.122222222222222
0.131111111111111
0.161481481481481
0.180740740740741
0.227407407407407
0.240740740740741
0.277777777777778
0.29037037037037
0.335555555555555
0.358518518518518
0.362222222222222
0.43037037037037
0.451111111111111
0.48962962962963
0.487407407407407
0.539259259259259
0.547407407407407
0.586666666666667
0.576296296296296
0.622222222222222
0.624444444444444
0.597777777777778
0.605925925925926
0.606666666666667
0.597777777777778
0.617037037037037
0.595555555555556
0.633333333333333
0.62
0.606666666666667
