0.00622222222222224
0.00800000000000001
0.00977777777777777
0.016
0.016
0.0186666666666667
0.0177777777777778
0.0204444444444445
0.016888888888889
0.016888888888889
0.016
0.0231111111111111
0.024
0.0213333333333333
0.016
0.0257777777777778
0.0186666666666667
0.0248888888888888
0.0222222222222223
0.0231111111111111
0.0222222222222223
0.0195555555555555
0.024
0.0213333333333333
0.0293333333333333
0.0355555555555556
0.0346666666666666
0.0293333333333333
0.0275555555555556
0.0222222222222223
0.0337777777777778
0.0355555555555556
0.0328888888888889
0.0328888888888889
0.0391111111111111
0.0426666666666666
0.0444444444444444
0.0391111111111111
0.0506666666666666
0.0471111111111111
0.0506666666666666
0.0515555555555556
0.0444444444444444
0.0568888888888889
0.0613333333333334
0.0622222222222222
0.0515555555555556
0.0595555555555556
0.0639999999999999
0.0604444444444444
0.0888888888888889
0.0817777777777778
0.0817777777777777
0.0746666666666667
0.105777777777778
0.0924444444444444
0.0977777777777779
0.104888888888889
0.130666666666667
0.136
0.136888888888889
0.129777777777778
0.157333333333333
0.168
0.170666666666667
0.181333333333333
0.214222222222222
0.205333333333333
0.288
0.273777777777778
0.28
0.304
0.328888888888889
0.362666666666667
0.390222222222222
0.403555555555556
0.460444444444444
0.446222222222222
0.488888888888889
0.527111111111111
0.556444444444445
0.569777777777778
0.586666666666667
0.607111111111111
0.640888888888889
0.644444444444444
0.657777777777778
0.662222222222222
0.653333333333333
0.660444444444444
0.653333333333333
0.652444444444444
0.634666666666667
0.639111111111111
0.640888888888889
0.686222222222222
0.685333333333333
0.668444444444444
0.684444444444444
0.660444444444444
