-0.00190476190476185
-0.00761904761904764
-0.00634920634920633
-0.00698412698412698
-0.00698412698412698
-0.00761904761904764
-0.0133333333333333
-0.0126984126984127
-0.0101587301587301
-0.0152380952380952
-0.00761904761904764
-0.0133333333333333
-0.00571428571428567
-0.0107936507936508
-0.00888888888888884
-0.0101587301587301
-0.00698412698412698
-0.00190476190476185
-0.00888888888888884
-0.00380952380952382
-0.00825396825396818
-0.00825396825396818
0.000634920634920655
-0.00380952380952382
-0.000634920634920655
0.000634920634920655
-0.00253968253968251
0.000634920634920655
0
0.00507936507936513
-0.000634920634920655
0.00571428571428578
0.00888888888888895
0.00444444444444447
0.00634920634920633
0.00825396825396829
0.0171428571428571
0.0101587301587301
0.0107936507936508
0.0177777777777778
0.0120634920634921
0.0146031746031746
0.0152380952380953
0.0222222222222223
0.0196825396825397
0.0203174603174604
0.0273015873015874
0.0190476190476191
0.0209523809523809
0.0203174603174603
0.0266666666666667
0.0368253968253969
0.0342857142857144
0.0355555555555556
0.0279365079365079
0.0279365079365079
0.0298412698412699
0.0368253968253969
0.0304761904761905
0.0355555555555556
0.0298412698412699
0.0253968253968254
0.0298412698412699
0.04
0.0292063492063492
0.0406349206349207
0.0292063492063492
0.0387301587301587
0.0425396825396825
0.0520634920634921
0.0571428571428572
0.0673015873015873
0.0768253968253968
0.0838095238095238
0.10984126984127
0.128253968253968
0.144761904761905
0.166984126984127
0.184761904761905
0.223492063492064
0.257142857142857
0.314285714285714
0.307936507936508
0.343492063492064
0.414603174603175
0.460952380952381
0.451428571428571
0.507301587301587
0.540952380952381
0.561904761904762
0.575873015873016
0.595555555555556
0.573333333333333
0.579047619047619
0.570793650793651
0.59047619047619
0.601904761904762
0.56952380952381
0.578412698412698
0.581587301587302
