0
0
0.00258064516129031
0
0.00258064516129031
0.00387096774193552
0.00774193548387103
0.00258064516129031
0.00774193548387103
0.0167741935483872
0.0167741935483872
0.0245161290322581
0.0219354838709678
0.0296774193548388
0.0387096774193549
0.0387096774193549
0.0412903225806452
0.04
0.04
0.0490322580645162
0.0696774193548387
0.0593548387096775
0.0709677419354839
0.0632258064516129
0.0825806451612904
0.0774193548387098
0.0825806451612904
0.0980645161290323
0.114838709677419
0.101935483870968
0.104516129032258
0.118709677419355
0.130322580645161
0.138064516129032
0.136774193548387
0.144516129032258
0.141935483870968
0.153548387096774
0.172903225806452
0.169032258064516
0.179354838709677
0.167741935483871
0.19741935483871
0.198709677419355
0.181935483870968
0.2
0.209032258064516
0.206451612903226
0.225806451612903
0.232258064516129
0.245161290322581
0.245161290322581
0.256774193548387
0.256774193548387
0.267096774193548
0.281290322580645
0.263225806451613
0.28258064516129
0.287741935483871
0.295483870967742
0.307096774193548
0.327741935483871
0.325161290322581
0.323870967741936
0.323870967741936
0.326451612903226
0.348387096774194
0.348387096774194
0.354838709677419
0.369032258064516
0.36258064516129
0.370322580645161
0.374193548387097
0.398709677419355
0.392258064516129
0.387096774193548
0.385806451612903
0.403870967741936
0.409032258064516
0.411612903225806
0.416774193548387
0.403870967741936
0.40258064516129
0.411612903225806
0.409032258064516
0.418064516129032
0.424516129032258
0.398709677419355
0.393548387096774
0.419354838709677
0.409032258064516
0.416774193548387
0.419354838709677
0.409032258064516
0.403870967741936
0.414193548387097
0.410322580645161
0.410322580645161
0.405161290322581
0.405161290322581
