0.000634920634920655
0.000634920634920655
0.00126984126984131
0.00253968253968251
0.00634920634920633
0
0.00380952380952382
0.00634920634920633
0.00825396825396818
0.00825396825396818
0.00761904761904764
0.00761904761904764
0.00888888888888884
0.00698412698412698
0.0177777777777778
0.0152380952380952
0.0152380952380952
0.0126984126984127
0.013968253968254
0.0171428571428571
0.0165079365079365
0.0146031746031746
0.0101587301587301
0.0101587301587301
0.019047619047619
0.0241269841269841
0.0222222222222221
0.0234920634920635
0.0222222222222221
0.0285714285714286
0.0285714285714286
0.013968253968254
0.0279365079365079
0.0311111111111111
0.0266666666666666
0.0285714285714286
0.0342857142857143
0.0298412698412698
0.0317460317460317
0.0323809523809524
0.0342857142857143
0.0399999999999999
0.0380952380952381
0.0380952380952381
0.0399999999999999
0.0387301587301587
0.0431746031746032
0.0488888888888889
0.0374603174603174
0.0488888888888889
0.0399999999999999
0.0431746031746032
0.0438095238095237
0.0438095238095237
0.0438095238095237
0.0482539682539682
0.0533333333333333
0.0507936507936507
0.0476190476190476
0.0488888888888889
0.0457142857142857
0.0514285714285714
0.052063492063492
0.0526984126984127
0.0571428571428572
0.0711111111111111
0.0628571428571428
0.0768253968253968
0.073015873015873
0.0819047619047619
0.102222222222222
0.109206349206349
0.126984126984127
0.135873015873016
0.171428571428571
0.189206349206349
0.24
0.243809523809524
0.27047619047619
0.295873015873016
0.33015873015873
0.353650793650794
0.417142857142857
0.446984126984127
0.467936507936508
0.506666666666667
0.538412698412698
0.555555555555556
0.575873015873016
0.584761904761905
0.56952380952381
0.568888888888889
0.57015873015873
0.593650793650794
0.617777777777778
0.594920634920635
0.565714285714286
0.568888888888889
0.596825396825397
0.612698412698413
