0.00023391812865492
0.00023391812865492
0.00023391812865492
-0.00023391812865492
0.00023391812865492
0.00046783625730995
0.00070175438596487
0.000935672514619901
0.00140350877192985
0.0028070175438597
0.00163742690058477
0.00140350877192985
0.00233918128654975
0.00327485380116965
0.00233918128654975
0.00257309941520467
0.00421052631578955
0.00327485380116965
0.00350877192982457
0.00397660818713452
0.0018713450292398
0.0028070175438597
0.00444444444444447
0.0037426900584796
0.00491228070175442
0.00514619883040934
0.00584795321637432
0.00421052631578955
0.00654970760233919
0.00538011695906437
0.00701754385964914
0.00421052631578955
0.00631578947368427
0.00561403508771929
0.00561403508771929
0.00654970760233919
0.00678362573099422
0.00748538011695909
0.00818713450292397
0.00795321637426905
0.00725146198830406
0.00888888888888895
0.00748538011695909
0.00818713450292397
0.00959064327485382
0.00959064327485382
0.0105263157894737
0.0102923976608187
0.0105263157894737
0.0100584795321638
0.0105263157894737
0.0116959064327485
0.0126315789473684
0.0102923976608187
0.0114619883040936
0.0109941520467837
0.0121637426900585
0.0142690058479532
0.0138011695906433
0.0128654970760235
0.0140350877192983
0.0123976608187135
0.0152046783625731
0.0152046783625731
0.0175438596491229
0.0175438596491229
0.0173099415204678
0.0187134502923977
0.0205847953216375
0.0217543859649123
0.0226900584795322
0.0226900584795322
0.0283040935672515
0.0240935672514621
0.0283040935672515
0.0299415204678363
0.0294736842105263
0.032748538011696
0.0362573099415204
0.0364912280701755
0.0409356725146199
0.0418713450292398
0.0460818713450293
0.0505263157894738
0.0542690058479532
0.0626900584795321
0.0669005847953217
0.08046783625731
0.0905263157894737
0.107836257309942
0.130058479532164
0.159766081871345
0.211695906432749
0.253567251461988
0.31672514619883
0.345730994152047
0.35766081871345
0.36140350877193
0.363508771929825
0.35953216374269
