0
0
0
0
0
-0.000740740740740709
0
0
-0.00222222222222224
-0.00148148148148153
-0.00148148148148153
-0.00222222222222224
-0.00148148148148153
-0.00148148148148153
-0.00222222222222224
-0.00148148148148153
-0.00444444444444447
-0.000740740740740709
-0.00296296296296295
-0.00222222222222224
-0.00666666666666671
-0.00444444444444447
-0.00444444444444447
-0.00370370370370376
-0.005925925925926
-0.005925925925926
-0.00370370370370376
-0.00296296296296295
-0.00444444444444447
-0.00370370370370376
-0.00444444444444447
-0.0103703703703704
-0.00740740740740742
-0.005925925925926
-0.00740740740740742
-0.00444444444444447
-0.00296296296296295
-0.00962962962962965
-0.00444444444444447
-0.00222222222222224
-0.00444444444444447
0.00370370370370365
0.00148148148148142
-0.00222222222222224
-0.00148148148148153
-0.00444444444444447
0.00148148148148142
0.00740740740740742
0.00296296296296295
0.00296296296296295
0.00444444444444436
0.0111111111111111
0.0111111111111111
0.0066666666666666
0.0192592592592592
0.0199999999999999
0.0111111111111111
0.0237037037037037
0.0199999999999999
0.0325925925925925
0.0488888888888889
0.0533333333333333
0.0629629629629629
0.0659259259259258
0.0651851851851851
0.0962962962962962
0.105925925925926
0.114814814814815
0.147407407407407
0.15037037037037
0.180740740740741
0.186666666666667
0.241481481481481
0.24
0.276296296296296
0.311851851851852
0.33037037037037
0.358518518518518
0.398518518518518
0.42962962962963
0.455555555555555
0.507407407407407
0.507407407407407
0.548148148148148
0.553333333333333
0.566666666666667
0.59037037037037
0.594814814814815
0.597037037037037
0.598518518518518
0.617037037037037
0.631111111111111
0.606666666666667
0.591111111111111
0.616296296296296
0.622222222222222
0.595555555555556
0.605925925925926
0.611111111111111
0.62
