0.0103225806451613
0.0129032258064516
0.0258064516129033
0.023225806451613
0.0309677419354839
0.0309677419354839
0.0374193548387097
0.0425806451612903
0.0425806451612903
0.0361290322580645
0.0529032258064517
0.0593548387096775
0.0490322580645162
0.0567741935483872
0.0541935483870968
0.0761290322580646
0.0696774193548387
0.0774193548387098
0.0825806451612904
0.0890322580645162
0.087741935483871
0.087741935483871
0.0812903225806452
0.114838709677419
0.105806451612903
0.12
0.118709677419355
0.12258064516129
0.125161290322581
0.138064516129032
0.152258064516129
0.16
0.174193548387097
0.161290322580645
0.166451612903226
0.190967741935484
0.201290322580645
0.166451612903226
0.19741935483871
0.2
0.215483870967742
0.220645161290323
0.241290322580645
0.241290322580645
0.241290322580645
0.258064516129032
0.255483870967742
0.246451612903226
0.259354838709677
0.269677419354839
0.270967741935484
0.283870967741936
0.285161290322581
0.291612903225806
0.299354838709677
0.291612903225806
0.31741935483871
0.314838709677419
0.309677419354839
0.332903225806452
0.336774193548387
0.338064516129032
0.334193548387097
0.35741935483871
0.344516129032258
0.343225806451613
0.365161290322581
0.374193548387097
0.375483870967742
0.374193548387097
0.376774193548387
0.401290322580645
0.389677419354839
0.388387096774194
0.393548387096774
0.39741935483871
0.411612903225806
0.39741935483871
0.411612903225806
0.406451612903226
0.40258064516129
0.411612903225806
0.403870967741936
0.405161290322581
0.392258064516129
0.406451612903226
0.407741935483871
0.405161290322581
0.401290322580645
0.406451612903226
0.401290322580645
0.406451612903226
0.396129032258065
0.416774193548387
0.414193548387097
0.420645161290323
0.394838709677419
0.405161290322581
0.406451612903226
0.415483870967742
