-0.00355555555555553
-0.00177777777777777
-0.0053333333333333
-0.00711111111111118
-0.000888888888888939
-0.00266666666666671
-0.00444444444444447
0.000888888888888828
-0.00444444444444447
-0.00355555555555553
0
-0.00355555555555553
-0.00266666666666671
-0.000888888888888939
0.0053333333333333
0.0106666666666666
0.0053333333333333
0
0.0053333333333333
0.00711111111111107
0.0026666666666666
0.0115555555555555
0.0053333333333333
0.00977777777777777
0.00800000000000001
0.00888888888888884
0.0026666666666666
0.0142222222222221
0.0124444444444444
0.0133333333333333
0.0204444444444444
0.0186666666666666
0.0302222222222222
0.0142222222222221
0.0213333333333333
0.0186666666666666
0.0248888888888888
0.0293333333333333
0.0391111111111111
0.0328888888888889
0.0355555555555556
0.0355555555555556
0.0435555555555556
0.0408888888888889
0.0444444444444444
0.0453333333333333
0.0506666666666666
0.0497777777777777
0.0515555555555556
0.0648888888888889
0.0657777777777777
0.0657777777777777
0.0844444444444444
0.0862222222222222
0.109333333333333
0.0862222222222222
0.0995555555555555
0.107555555555556
0.127111111111111
0.129777777777778
0.135111111111111
0.156444444444444
0.163555555555556
0.188444444444444
0.203555555555555
0.217777777777778
0.238222222222222
0.257777777777778
0.276444444444444
0.305777777777778
0.362666666666667
0.343111111111111
0.376
0.385777777777778
0.431111111111111
0.434666666666667
0.473777777777778
0.521777777777778
0.552888888888889
0.570666666666667
0.584888888888889
0.577777777777778
0.606222222222222
0.616
0.606222222222222
0.633777777777778
0.650666666666667
0.627555555555556
0.619555555555556
0.633777777777778
0.648
0.633777777777778
0.648888888888889
0.632
0.616888888888889
0.647111111111111
0.643555555555556
0.616888888888889
0.637333333333333
0.605333333333333
