0
0
0.000935672514619901
0.00070175438596487
0.000935672514619901
0.00116959064327482
0.00046783625730995
0.00116959064327482
0.00070175438596487
0.00210526315789472
0.00140350877192985
0.00257309941520467
0.00257309941520467
0.00374269005847949
0.00350877192982457
0.00233918128654964
0.00163742690058477
0.00397660818713452
0.00327485380116954
0.00467836257309939
0.00350877192982457
0.00140350877192974
0.00538011695906426
0.00584795321637421
0.00491228070175431
0.00491228070175431
0.00233918128654964
0.00491228070175431
0.00912280701754387
0.00795321637426893
0.00771929824561401
0.00608187134502924
0.00771929824561401
0.00725146198830406
0.00982456140350874
0.00795321637426893
0.00725146198830406
0.0107602339181286
0.0105263157894736
0.00654970760233919
0.00771929824561401
0.0109941520467836
0.0107602339181286
0.0105263157894736
0.0116959064327485
0.0130994152046783
0.0116959064327485
0.015438596491228
0.0135672514619882
0.0107602339181286
0.0142690058479532
0.0140350877192982
0.0170760233918128
0.0156725146198831
0.0163742690058479
0.0135672514619882
0.0123976608187134
0.0201169590643274
0.0196491228070175
0.0152046783625731
0.016140350877193
0.0205847953216374
0.0203508771929825
0.023157894736842
0.0217543859649123
0.0250292397660818
0.0201169590643274
0.0210526315789473
0.0205847953216374
0.024327485380117
0.0226900584795321
0.0271345029239766
0.0261988304093567
0.0257309941520467
0.0252631578947368
0.0297076023391812
0.0222222222222221
0.0276023391812865
0.0290058479532164
0.0301754385964912
0.0425730994152046
0.0388304093567251
0.0336842105263158
0.0322807017543859
0.0371929824561403
0.040233918128655
0.0421052631578948
0.0425730994152046
0.0388304093567251
0.0505263157894736
0.0470175438596491
0.0566081871345029
0.0528654970760234
0.0596491228070175
0.0697076023391813
0.0739181286549707
0.080233918128655
0.113918128654971
0.19812865497076
0.439766081871345
