0
0
0
0
0.000888888888888939
0.00266666666666671
0.00177777777777777
0.000888888888888939
0.00177777777777777
0.00177777777777777
0.00266666666666671
0.00355555555555553
0.00266666666666671
0.00177777777777777
0.00177777777777777
0.00177777777777777
0.00355555555555553
0.00800000000000001
0.00444444444444447
0.00355555555555553
0.00800000000000001
0.00177777777777777
0.00266666666666671
0.0026666666666666
0.0053333333333333
0.00177777777777777
0.00266666666666671
0.0053333333333333
0
0
0.00977777777777777
0.00444444444444447
0.0053333333333333
0.00711111111111107
-0.000888888888888939
0.00444444444444436
0.00622222222222224
0.00177777777777777
0.0053333333333333
0.0106666666666666
0.00622222222222224
0.0053333333333333
0.0106666666666666
0.00800000000000001
0.00622222222222224
0.00711111111111107
0.0142222222222221
0.00622222222222224
0.0124444444444444
0.00711111111111107
0.00888888888888884
0.00711111111111107
0.0133333333333333
0.0133333333333333
0.0106666666666666
0.00977777777777777
0.016
0.00444444444444436
0.0151111111111111
0.0133333333333333
0.0177777777777778
0.0222222222222221
0.0204444444444444
0.0142222222222221
0.0177777777777778
0.0177777777777778
0.0284444444444444
0.0177777777777778
0.0142222222222221
0.0213333333333333
0.0195555555555555
0.0311111111111111
0.0177777777777778
0.0239999999999999
0.0195555555555555
0.0346666666666666
0.0302222222222222
0.0239999999999999
0.0337777777777777
0.0391111111111111
0.0373333333333333
0.0382222222222222
0.0577777777777777
0.0417777777777777
0.0631111111111111
0.0453333333333333
0.0693333333333334
0.0657777777777777
0.102222222222222
0.0808888888888889
0.112
0.137777777777778
0.139555555555556
0.176888888888889
0.221333333333333
0.279111111111111
0.386666666666667
0.472
0.578666666666667
0.624888888888889
