0.00126984126984131
0.00253968253968251
0.00190476190476196
-0.0012698412698412
0.00444444444444447
0.00126984126984131
0.00634920634920633
0.00761904761904764
0.00317460317460316
0.00634920634920644
0.00761904761904764
0.00571428571428578
0.0101587301587301
0.0095238095238096
0.00698412698412698
0.00825396825396829
0.0126984126984128
0.0101587301587301
0.00634920634920633
0.0177777777777778
0.0165079365079366
0.00825396825396829
0.0095238095238096
0.00634920634920633
0.0126984126984128
0.0120634920634921
0.00126984126984131
0.0114285714285715
0.00507936507936513
0.0203174603174603
0.0165079365079366
0.0120634920634921
0.0190476190476191
0.0228571428571429
0.0177777777777778
0.0234920634920636
0.0203174603174603
0.0120634920634921
0.0171428571428571
0.0209523809523809
0.0190476190476191
0.0126984126984128
0.0234920634920636
0.0241269841269841
0.0253968253968254
0.0273015873015874
0.0209523809523809
0.0120634920634921
0.0120634920634921
0.0203174603174604
0.0196825396825397
0.0215873015873016
0.0260317460317461
0.0228571428571429
0.0165079365079365
0.0177777777777778
0.0222222222222223
0.0158730158730159
0.0165079365079366
0.0203174603174603
0.0311111111111111
0.0253968253968254
0.0203174603174604
0.0247619047619048
0.0342857142857143
0.0304761904761905
0.0241269841269841
0.0292063492063492
0.0260317460317461
0.0253968253968254
0.0393650793650794
0.0323809523809524
0.0387301587301587
0.0292063492063492
0.0387301587301587
0.0361904761904762
0.0330158730158731
0.0406349206349207
0.046984126984127
0.0431746031746032
0.0431746031746032
0.0514285714285715
0.0457142857142857
0.0444444444444445
0.0514285714285715
0.0622222222222223
0.0546031746031747
0.059047619047619
0.0774603174603175
0.0660317460317461
0.0749206349206349
0.0926984126984127
0.104761904761905
0.135238095238095
0.16952380952381
0.216507936507937
0.281904761904762
0.360634920634921
0.505396825396825
0.603809523809524
