0
0
0
0
0
0
0
0.00148148148148153
0.00148148148148153
0.00222222222222224
0.000740740740740709
0.000740740740740709
0.00222222222222224
0.000740740740740709
0.00296296296296295
0.00222222222222224
0.000740740740740709
0.005925925925926
0.00370370370370376
0.00370370370370376
0.00222222222222224
0.00814814814814813
0.00518518518518518
0.00814814814814813
0.00444444444444447
0.00444444444444447
0.00814814814814813
0.00740740740740742
0.00740740740740742
0.0103703703703704
0.0118518518518519
0.0103703703703704
0.0118518518518519
0.0111111111111112
0.00666666666666671
0.0140740740740741
0.0148148148148148
0.00962962962962965
0.0148148148148148
0.0148148148148148
0.0207407407407407
0.0133333333333334
0.0214814814814815
0.0162962962962964
0.0155555555555557
0.0177777777777778
0.0266666666666667
0.0185185185185186
0.02
0.0177777777777778
0.0244444444444445
0.0170370370370371
0.0251851851851852
0.0333333333333333
0.0222222222222223
0.0296296296296297
0.0274074074074074
0.0281481481481481
0.022962962962963
0.0377777777777778
0.0296296296296297
0.0444444444444445
0.0385185185185186
0.0348148148148149
0.0377777777777778
0.0437037037037037
0.0266666666666667
0.0407407407407407
0.0333333333333333
0.0481481481481482
0.0496296296296297
0.042962962962963
0.0422222222222223
0.0496296296296297
0.0407407407407407
0.0503703703703704
0.0511111111111111
0.0548148148148149
0.0540740740740742
0.0607407407407408
0.0585185185185185
0.0570370370370371
0.0688888888888889
0.0688888888888889
0.0562962962962963
0.0822222222222223
0.0770370370370371
0.0822222222222223
0.0748148148148149
0.107407407407407
0.100740740740741
0.125925925925926
0.167407407407407
0.162222222222222
0.202222222222222
0.254074074074074
0.33037037037037
0.42962962962963
0.540740740740741
0.645185185185185
