0.00258064516129031
0.00258064516129031
0.00258064516129031
0.00516129032258061
0.00129032258064521
0.00516129032258061
0.00645161290322582
0.00774193548387103
0.00516129032258061
0.00903225806451613
0.0129032258064516
0.0141935483870969
0.015483870967742
0.0167741935483872
0.015483870967742
0.0206451612903226
0.0193548387096775
0.0129032258064516
0.023225806451613
0.0245161290322581
0.0283870967741936
0.0335483870967742
0.0309677419354839
0.0270967741935484
0.0283870967741936
0.0296774193548387
0.0245161290322581
0.0322580645161291
0.0309677419354839
0.0387096774193549
0.0245161290322581
0.0425806451612903
0.0464516129032259
0.04
0.0412903225806452
0.0438709677419356
0.0503225806451614
0.0387096774193549
0.0348387096774194
0.0387096774193549
0.0387096774193548
0.0464516129032259
0.0606451612903226
0.04
0.0541935483870968
0.0477419354838711
0.0438709677419356
0.0619354838709678
0.0541935483870968
0.0683870967741936
0.0464516129032259
0.0580645161290323
0.0580645161290323
0.0735483870967742
0.0632258064516129
0.0529032258064517
0.0632258064516129
0.0735483870967742
0.0709677419354839
0.0787096774193549
0.0825806451612904
0.0735483870967742
0.0851612903225807
0.0800000000000001
0.0825806451612904
0.0735483870967742
0.103225806451613
0.0941935483870968
0.11741935483871
0.101935483870968
0.0967741935483871
0.110967741935484
0.095483870967742
0.0929032258064516
0.11741935483871
0.129032258064516
0.131612903225806
0.127741935483871
0.136774193548387
0.144516129032258
0.15741935483871
0.153548387096774
0.152258064516129
0.189677419354839
0.178064516129032
0.203870967741935
0.218064516129032
0.24
0.246451612903226
0.281290322580645
0.301935483870968
0.329032258064516
0.372903225806452
0.383225806451613
0.411612903225806
0.451612903225806
0.507096774193548
0.554838709677419
0.60258064516129
0.621935483870968
