-0.00584795321637432
-0.00467836257309939
-0.00643274853801179
-0.00292397660818722
-0.00350877192982457
-0.00350877192982457
-0.0111111111111112
-0.00584795321637432
-0.00292397660818722
-0.00350877192982457
-0.00116959064327482
0.00116959064327482
-0.00526315789473686
0.000584795321637355
-0.00584795321637432
-0.00584795321637432
-0.00350877192982457
0.00467836257309939
0.00409356725146193
0
0.000584795321637355
0.00116959064327482
-0.00409356725146204
0.00467836257309939
0.000584795321637355
0
-0.00292397660818722
0.00526315789473686
0.00409356725146193
-0.00116959064327493
0.00701754385964914
0.00701754385964914
0.00584795321637421
0.00526315789473686
0.00818713450292397
0.00233918128654964
0.00643274853801168
0.00233918128654964
0.00818713450292397
0.00701754385964914
0.0128654970760234
0.00409356725146193
0.0140350877192982
0.00935672514619879
0.0105263157894736
0.0111111111111111
0.0105263157894736
0.0128654970760234
0.00877192982456143
0.0163742690058479
0.00701754385964914
0.0111111111111111
0.0105263157894736
0.0175438596491228
0.00994152046783625
0.012280701754386
0.0152046783625731
0.0076023391812865
0.0140350877192982
0.0140350877192982
0.0111111111111111
0.0105263157894737
0.0245614035087719
0.0187134502923976
0.0116959064327485
0.0187134502923977
0.0239766081871344
0.0198830409356725
0.0228070175438596
0.0269005847953216
0.0152046783625731
0.0269005847953216
0.0222222222222221
0.02046783625731
0.0245614035087719
0.0251461988304094
0.0292397660818713
0.0263157894736842
0.0321637426900585
0.0263157894736842
0.0350877192982456
0.0333333333333333
0.0409356725146198
0.0403508771929825
0.035672514619883
0.0380116959064327
0.0380116959064327
0.0403508771929824
0.0596491228070175
0.0526315789473684
0.0456140350877192
0.0584795321637427
0.0637426900584795
0.0567251461988304
0.0637426900584794
0.0783625730994152
0.0982456140350877
0.157309941520468
0.250877192982456
0.416959064327485
