-0.0066666666666666
-0.0066666666666666
-0.0066666666666666
-0.0066666666666666
-0.0177777777777778
-0.00888888888888884
-0.0111111111111111
-0.0111111111111111
-0.0133333333333333
-0.0066666666666666
0
-0.0133333333333333
-0.00888888888888884
-0.0111111111111111
-0.0111111111111111
-0.00222222222222224
-0.00222222222222224
-0.0066666666666666
-0.0111111111111111
-0.0066666666666666
-0.0111111111111111
-0.00888888888888884
-0.00444444444444436
-0.00222222222222224
-0.0133333333333333
-0.00888888888888884
-0.00222222222222224
-0.00222222222222224
-0.00222222222222224
-0.0066666666666666
0
0.00888888888888895
-0.00222222222222213
0
0.00222222222222224
-0.00222222222222224
-0.00888888888888884
-0.00222222222222224
-0.00222222222222224
-0.0111111111111111
0.00666666666666671
0.00222222222222224
0
0.00222222222222224
0.0111111111111112
0
0.00666666666666671
-0.0066666666666666
0.00222222222222224
0.00888888888888895
0.00444444444444447
-0.0066666666666666
0.00666666666666671
0.00444444444444447
0.00888888888888895
0.00888888888888895
0
0.0155555555555557
0.00444444444444447
0.00444444444444447
0.0133333333333334
0.0111111111111112
0.00666666666666671
0.0111111111111112
0.0111111111111112
0.00666666666666671
0.00444444444444447
-0.00444444444444436
0.0155555555555555
0.0222222222222223
0.0111111111111112
0.0133333333333333
0.02
0.0377777777777778
0.0155555555555557
0.0266666666666667
0.0244444444444445
0.0222222222222223
0.0222222222222223
0.0511111111111112
0.0555555555555556
0.0333333333333333
0.04
0.0711111111111111
0.0755555555555556
0.0800000000000001
0.0866666666666668
0.0955555555555556
0.14
0.122222222222222
0.157777777777778
0.188888888888889
0.211111111111111
0.302222222222222
0.304444444444445
0.448888888888889
0.446666666666667
0.544444444444445
0.606666666666667
0.637777777777778
