0.00317460317460316
-0.00317460317460316
0.0111111111111112
0.0095238095238096
0.00634920634920644
-0.00952380952380949
0.00158730158730158
0.00793650793650802
0.0095238095238096
-0.0111111111111111
-0.0111111111111111
-0.0142857142857142
-0.0158730158730158
-0.00793650793650791
0.00317460317460316
-0.0111111111111111
-0.00952380952380949
0.00158730158730158
-0.00793650793650791
-0.0126984126984127
-0.0111111111111111
-0.00793650793650791
-0.0111111111111111
-0.00158730158730158
-0.00317460317460316
0.00476190476190486
-0.00317460317460316
0.00158730158730158
-0.00793650793650791
0
0.00317460317460316
-0.00317460317460316
-0.00952380952380949
-0.00158730158730158
-0.00793650793650791
-0.0142857142857142
-0.00634920634920633
-0.0111111111111111
-0.0126984126984127
-0.0111111111111111
-0.00634920634920633
0
-0.00317460317460316
-0.00158730158730158
0
-0.0142857142857142
0.0111111111111112
0.0095238095238096
0.00476190476190474
-0.00793650793650791
0.00158730158730158
-0.00158730158730158
0.00158730158730158
0.0126984126984128
-0.0111111111111111
-0.00158730158730158
0.0158730158730159
0
-0.00476190476190474
0.00793650793650802
0
0.0126984126984128
0.0095238095238096
0.00476190476190474
0.0142857142857143
0.0095238095238096
0.0095238095238096
0.00634920634920644
0.0174603174603175
0.00634920634920633
-0.00793650793650791
0.00634920634920644
0.0206349206349207
0.0111111111111112
0.0380952380952381
0.0158730158730159
0.0190476190476191
0.0333333333333333
0.0206349206349207
0.0412698412698413
0.0301587301587302
0.0396825396825398
0.0190476190476191
0.0301587301587302
0.0444444444444445
0.0523809523809524
0.0412698412698412
0.0523809523809524
0.0746031746031747
0.0730158730158731
0.111111111111111
0.112698412698413
0.119047619047619
0.158730158730159
0.215873015873016
0.287301587301587
0.358730158730159
0.46031746031746
0.542857142857143
0.563492063492063
