0.0193548387096774
0.00967741935483868
0.0129032258064516
0.0129032258064516
0.00645161290322582
0.00645161290322582
0.00967741935483868
0.00967741935483868
0
0.00322580645161286
-0.00967741935483868
0.00322580645161286
0.00645161290322582
0.00967741935483868
0.00322580645161286
0
0.00322580645161286
-0.00322580645161286
-0.00322580645161286
-0.00645161290322582
0.00645161290322582
0.0161290322580645
0
-0.0129032258064516
0.00645161290322582
0
-0.00967741935483868
0.00967741935483868
-0.0129032258064516
-0.00645161290322582
-0.00967741935483868
-0.0129032258064516
-0.00645161290322582
-0.00967741935483868
-0.00645161290322582
0.00322580645161286
0
-0.0129032258064516
-0.00322580645161286
0.0225806451612903
-0.00645161290322582
0.00967741935483868
-0.00645161290322582
0.00645161290322582
-0.0225806451612903
0.00967741935483868
0
0.0129032258064516
0
0.00967741935483868
0.0129032258064516
-0.0129032258064516
0.0290322580645161
0.0290322580645161
0.00645161290322582
0.00322580645161286
0.0290322580645161
0.0161290322580645
0.0193548387096775
0.0290322580645161
0.0258064516129033
0.0258064516129032
0.0451612903225806
0.0548387096774193
0.032258064516129
0.0645161290322581
0.032258064516129
0.035483870967742
0.035483870967742
0.0387096774193548
0.0741935483870968
0.0645161290322581
0.0838709677419355
0.0967741935483871
0.0709677419354839
0.0903225806451613
0.12258064516129
0.119354838709677
0.135483870967742
0.116129032258064
0.112903225806452
0.170967741935484
0.154838709677419
0.183870967741935
0.183870967741935
0.190322580645161
0.219354838709677
0.267741935483871
0.248387096774194
0.280645161290323
0.264516129032258
0.303225806451613
0.361290322580645
0.390322580645161
0.416129032258065
0.5
0.474193548387097
0.516129032258065
0.529032258064516
0.525806451612903
