0.00023391812865492
0
-0.00023391812865492
0.00070175438596487
0.00046783625730995
0.00023391812865492
0.000935672514619901
0.000935672514619901
0.00046783625730995
0.00163742690058477
0.00046783625730995
0.00210526315789472
0.0018713450292398
0.00070175438596487
0.00163742690058477
0.00233918128654964
0.00210526315789472
0.00116959064327482
0.00210526315789472
0.00140350877192974
0.00257309941520467
0.00327485380116954
0.00397660818713452
0.00327485380116954
0.00327485380116954
0.00233918128654964
0.00257309941520467
0.00280701754385959
0.00608187134502924
0.00374269005847949
0.00631578947368416
0.00538011695906426
0.00444444444444436
0.00491228070175431
0.00678362573099411
0.00748538011695898
0.00795321637426893
0.00584795321637421
0.00654970760233919
0.00608187134502924
0.00397660818713452
0.00327485380116954
0.00701754385964914
0.00678362573099411
0.00701754385964914
0.00654970760233919
0.00818713450292397
0.00678362573099411
0.0102923976608187
0.00888888888888884
0.0121637426900585
0.00795321637426893
0.0102923976608187
0.0100584795321638
0.0116959064327485
0.00959064327485382
0.00912280701754387
0.0130994152046784
0.0114619883040935
0.0105263157894736
0.0121637426900585
0.0147368421052632
0.0114619883040935
0.0128654970760234
0.0142690058479532
0.0163742690058479
0.015438596491228
0.0173099415204678
0.0163742690058479
0.0147368421052632
0.015906432748538
0.0149707602339181
0.0194152046783626
0.0196491228070175
0.0205847953216374
0.0203508771929825
0.0212865497076024
0.023157894736842
0.023157894736842
0.0224561403508772
0.023859649122807
0.0306432748538011
0.0252631578947368
0.0283040935672514
0.0327485380116959
0.0280701754385965
0.0299415204678363
0.0334502923976608
0.039766081871345
0.0421052631578946
0.039766081871345
0.0491228070175438
0.0568421052631579
0.0507602339181287
0.0610526315789474
0.0825730994152046
0.095672514619883
0.160701754385965
0.309473684210526
0.412397660818713
