0
0
-0.00355555555555553
0.00177777777777777
0
0.00177777777777777
0.000888888888888828
-0.00177777777777777
0.00266666666666671
-0.00177777777777777
-0.00177777777777777
-0.00177777777777777
-0.00266666666666671
-0.00266666666666671
0
-0.000888888888888939
-0.00711111111111118
0.00177777777777777
0.000888888888888828
-0.0053333333333333
0
-0.00177777777777777
-0.00177777777777777
-0.00622222222222224
0
0
-0.00266666666666671
-0.00444444444444447
-0.00355555555555553
0
-0.00266666666666671
-0.00266666666666671
-0.00888888888888895
-0.00266666666666671
-0.00800000000000001
-0.00444444444444447
0
-0.00444444444444447
-0.0053333333333333
-0.00177777777777777
-0.00888888888888895
-0.00800000000000001
-0.00622222222222224
-0.00355555555555553
0
-0.0053333333333333
0.000888888888888828
-0.00266666666666671
-0.000888888888888939
0.00444444444444447
0.00355555555555553
0
-0.00711111111111118
-0.00622222222222224
0.000888888888888828
-0.000888888888888939
0
0.000888888888888828
0.00355555555555553
0.00444444444444436
0.0124444444444444
0
0.00444444444444436
-0.00533333333333341
0.00977777777777777
0.0142222222222221
0.0133333333333333
0.0239999999999999
0.0124444444444444
0.0186666666666666
0.0115555555555555
0.0257777777777778
0.0204444444444444
0.0284444444444444
0.0311111111111111
0.0284444444444444
0.0337777777777778
0.0435555555555556
0.0533333333333333
0.0444444444444444
0.0551111111111111
0.0639999999999999
0.0622222222222222
0.0773333333333333
0.0995555555555555
0.110222222222222
0.123555555555556
0.133333333333333
0.142222222222222
0.165333333333333
0.193777777777778
0.275555555555556
0.32
0.362666666666667
0.428444444444444
0.493333333333333
0.584888888888889
0.626666666666667
0.657777777777778
0.644444444444444
