-0.000634920634920655
0.00190476190476185
0
-0.000634920634920655
-0.00126984126984131
0
0.00190476190476185
0
0.000634920634920655
0
0.00317460317460316
0.00190476190476185
-0.00253968253968251
0
-0.000634920634920655
0.00126984126984131
0.00190476190476185
-0.000634920634920655
0.00190476190476185
0.00317460317460316
-0.00253968253968251
0.00190476190476185
-0.00253968253968251
0.0012698412698412
0.00317460317460316
0.00507936507936502
-0.00253968253968251
0.00190476190476185
0
0
0.0012698412698412
-0.000634920634920655
0.00571428571428567
0.00380952380952382
0.00190476190476185
0.000634920634920655
0.00380952380952382
0.00380952380952382
0.00507936507936502
0.00634920634920633
0.00888888888888884
0.00444444444444447
0.00571428571428567
0.00444444444444447
0.0107936507936508
0.00761904761904764
0.00634920634920633
0.00507936507936502
0.00952380952380949
0.012063492063492
0.00317460317460316
0.00761904761904764
0.0133333333333333
0.0107936507936508
0.00888888888888884
0.0152380952380952
0.00698412698412698
0.00380952380952382
0.0184126984126983
0.00952380952380949
0.0165079365079365
0.0158730158730158
0.00952380952380949
0.0203174603174603
0.0196825396825396
0.0107936507936508
0.0196825396825396
0.0133333333333333
0.0222222222222223
0.0292063492063491
0.0171428571428571
0.0133333333333333
0.0209523809523809
0.0285714285714286
0.026031746031746
0.0215873015873016
0.0285714285714286
0.0304761904761904
0.0298412698412698
0.0285714285714286
0.0374603174603174
0.0311111111111111
0.0444444444444444
0.0368253968253968
0.0634920634920635
0.0488888888888889
0.0565079365079365
0.0628571428571428
0.0704761904761905
0.0787301587301588
0.0933333333333333
0.129523809523809
0.163174603174603
0.222857142857143
0.25968253968254
0.346031746031746
0.443809523809524
0.522539682539683
0.57968253968254
0.584761904761905
