0
0.00296296296296295
0.00296296296296295
0.00370370370370376
0.00296296296296295
0.00666666666666671
0.00666666666666671
0.00814814814814824
0.00962962962962965
0.0118518518518519
0.0118518518518519
0.0111111111111112
0.0133333333333334
0.0148148148148148
0.0155555555555557
0.0140740740740741
0.0155555555555557
0.0177777777777778
0.0192592592592593
0.0133333333333334
0.0237037037037038
0.0207407407407408
0.02
0.0192592592592593
0.0222222222222223
0.0207407407407408
0.025925925925926
0.0207407407407408
0.0244444444444445
0.0266666666666667
0.0237037037037038
0.025925925925926
0.0325925925925926
0.0214814814814815
0.0318518518518519
0.0251851851851852
0.0229629629629631
0.0266666666666667
0.0185185185185186
0.0355555555555556
0.0303703703703704
0.0385185185185186
0.028888888888889
0.0370370370370371
0.0377777777777778
0.0392592592592593
0.0340740740740741
0.028888888888889
0.0355555555555556
0.0318518518518519
0.0303703703703704
0.0325925925925926
0.0333333333333334
0.0318518518518519
0.0348148148148149
0.0325925925925926
0.0311111111111112
0.0362962962962964
0.0385185185185185
0.0348148148148149
0.0377777777777778
0.0348148148148149
0.0392592592592593
0.0392592592592593
0.0370370370370371
0.0348148148148149
0.0362962962962964
0.0355555555555556
0.042962962962963
0.0377777777777778
0.0362962962962964
0.0422222222222223
0.0466666666666667
0.0392592592592593
0.0548148148148149
0.0437037037037038
0.0488888888888889
0.0488888888888889
0.0511111111111111
0.0548148148148149
0.0540740740740742
0.0474074074074075
0.0622222222222223
0.0644444444444445
0.0696296296296297
0.0903703703703704
0.0925925925925927
0.101481481481482
0.122962962962963
0.157777777777778
0.163703703703704
0.212592592592593
0.233333333333333
0.302962962962963
0.368888888888889
0.461481481481481
0.554814814814815
0.595555555555556
0.636296296296296
0.651851851851852
