0
0.00258064516129031
0.00129032258064521
0.00129032258064521
0.00129032258064521
0.00129032258064521
0.00258064516129031
0.00645161290322582
0.00387096774193552
0.00774193548387092
0.00129032258064521
0.00645161290322582
0.00516129032258061
0.00645161290322582
0.00258064516129031
0.00774193548387092
0.00903225806451613
0.00903225806451613
0.00387096774193552
0.00903225806451613
0.015483870967742
0.00903225806451613
0.0103225806451613
0.015483870967742
0.00774193548387092
0.00903225806451613
0.0116129032258064
0.0116129032258064
0.0116129032258064
0.00645161290322582
0.0219354838709678
0.0219354838709678
0.0116129032258064
0.0103225806451613
0.0116129032258064
0.0141935483870967
0.0180645161290323
0.00774193548387092
0.0103225806451612
0.0193548387096775
0.0245161290322581
0.0283870967741935
0.0283870967741935
0.0206451612903226
0.0245161290322581
0.0232258064516129
0.0309677419354839
0.0258064516129032
0.0270967741935484
0.0245161290322581
0.0245161290322581
0.0412903225806451
0.0361290322580645
0.047741935483871
0.0361290322580645
0.0529032258064516
0.0490322580645162
0.0529032258064517
0.0516129032258065
0.0606451612903226
0.0387096774193548
0.0567741935483871
0.0696774193548387
0.0696774193548387
0.0709677419354838
0.0851612903225807
0.0825806451612904
0.0787096774193549
0.0825806451612904
0.0890322580645162
0.0980645161290323
0.107096774193548
0.113548387096774
0.139354838709677
0.123870967741936
0.127741935483871
0.16
0.145806451612903
0.149677419354839
0.179354838709677
0.178064516129032
0.190967741935484
0.198709677419355
0.207741935483871
0.233548387096774
0.255483870967742
0.256774193548387
0.296774193548387
0.290322580645161
0.332903225806452
0.354838709677419
0.393548387096774
0.403870967741935
0.428387096774194
0.459354838709677
0.469677419354839
0.530322580645161
0.529032258064516
0.496774193548387
0.507096774193548
