-0.00292397660818711
-0.00350877192982446
-0.00292397660818711
-0.00467836257309939
-0.00292397660818711
-0.00175438596491229
-0.000584795321637355
-0.00175438596491229
-0.00584795321637421
-0.00116959064327482
-0.00292397660818711
-0.00467836257309939
-0.00175438596491229
-0.00175438596491229
-0.00116959064327482
-0.00292397660818711
-0.000584795321637355
-0.00175438596491229
-0.00116959064327482
-0.000584795321637355
0.00233918128654975
0.00175438596491229
0.00116959064327493
0.00643274853801168
0.00116959064327482
0.000584795321637466
-0.000584795321637355
0.00175438596491229
0.00467836257309939
0.00233918128654975
0.00116959064327493
0.00350877192982457
0.00526315789473686
0.00409356725146204
0
0.000584795321637466
0.00643274853801168
0.00584795321637432
0.0046783625730995
0.00760233918128661
0.00877192982456143
0.000584795321637466
0.00467836257309939
0.0116959064327485
0.00350877192982457
0.00643274853801168
0.00701754385964914
0.00643274853801168
0.00701754385964914
0.00467836257309939
0.00526315789473686
0.00526315789473686
0.0128654970760235
0.00760233918128661
0.0116959064327485
0.00818713450292397
0.00643274853801168
0.00877192982456143
0.00877192982456143
0.0116959064327485
0.0093567251461989
0.00701754385964914
0.012280701754386
0.016374269005848
0.0134502923976608
0.0163742690058479
0.0175438596491229
0.0181286549707602
0.0116959064327485
0.0111111111111112
0.0175438596491229
0.0192982456140351
0.0152046783625731
0.0216374269005848
0.02046783625731
0.0210526315789474
0.0222222222222223
0.0157894736842106
0.0228070175438597
0.0263157894736843
0.0321637426900585
0.0321637426900585
0.0239766081871345
0.0286549707602339
0.0269005847953216
0.0339181286549708
0.0269005847953216
0.0391812865497077
0.0374269005847954
0.0391812865497077
0.0432748538011696
0.0415204678362573
0.0584795321637427
0.0508771929824562
0.0760233918128655
0.0865497076023393
0.12046783625731
0.215204678362573
0.372514619883041
0.388888888888889
