-0.00444444444444447
-0.0066666666666666
-0.0177777777777777
-0.00888888888888884
-0.0066666666666666
-0.00444444444444447
-0.0111111111111111
-0.0177777777777777
-0.0133333333333333
-0.0199999999999999
-0.00888888888888884
-0.0066666666666666
-0.0155555555555555
-0.0155555555555555
-0.0133333333333333
-0.0177777777777777
-0.0066666666666666
-0.0177777777777777
-0.0111111111111111
-0.0111111111111111
-0.0155555555555555
-0.0155555555555555
-0.0199999999999999
-0.0155555555555555
-0.0155555555555555
-0.0177777777777778
-0.0111111111111111
-0.0177777777777778
-0.0111111111111111
-0.0244444444444444
-0.0199999999999999
-0.0199999999999999
-0.0266666666666666
-0.0177777777777777
-0.0199999999999999
-0.0155555555555555
-0.0133333333333333
-0.0155555555555555
-0.0222222222222221
-0.00888888888888884
-0.0244444444444444
-0.0133333333333333
-0.0133333333333333
-0.0199999999999999
-0.0177777777777777
-0.0066666666666666
-0.0111111111111111
-0.0199999999999999
-0.0199999999999999
-0.0177777777777778
-0.0155555555555555
-0.0222222222222221
-0.00222222222222224
-0.00888888888888884
-0.0111111111111111
-0.00444444444444436
0.00222222222222224
-0.00222222222222224
-0.0111111111111111
-0.0111111111111111
-0.0222222222222221
-0.00222222222222224
-0.0111111111111111
0
0.00666666666666671
0.0177777777777778
0.00222222222222224
0.02
0.00222222222222224
0.00888888888888895
0.0111111111111112
0.0133333333333333
0.0133333333333334
0.0111111111111112
0.00222222222222224
0.0244444444444445
0.0311111111111112
0.0133333333333333
0.04
0.0444444444444445
0.0466666666666667
0.0644444444444445
0.0711111111111111
0.0777777777777778
0.113333333333333
0.0977777777777779
0.126666666666667
0.133333333333333
0.182222222222222
0.277777777777778
0.306666666666667
0.331111111111111
0.326666666666667
0.417777777777778
0.508888888888889
0.531111111111111
0.6
0.644444444444444
0.657777777777778
0.606666666666667
