-0.00476190476190474
0.00634920634920633
0.00476190476190474
0
-0.00317460317460316
0
-0.00317460317460316
0.00158730158730158
0.00793650793650791
0.00476190476190474
0.00158730158730158
0.00158730158730158
0.00158730158730158
-0.00634920634920633
0.00317460317460316
-0.00476190476190474
0.00317460317460316
0.00952380952380949
0.00158730158730158
0.00634920634920633
0.0126984126984127
0.00476190476190474
0.00476190476190474
0.00476190476190474
0.0126984126984127
0.0126984126984127
0.00317460317460316
0.00634920634920633
0.00952380952380949
0.00158730158730158
0.00317460317460316
0.00634920634920633
0.00793650793650791
0.00634920634920633
0.00476190476190474
0.00158730158730158
0.00634920634920633
0.00476190476190474
0.0206349206349207
0
0.0126984126984127
0.00158730158730158
0.00476190476190474
0.026984126984127
0.00793650793650791
0.00634920634920633
0.0253968253968254
0.0111111111111111
0.0111111111111111
0.00952380952380949
0.019047619047619
0.00793650793650791
0.00476190476190474
0
0.0158730158730158
0.0142857142857142
0.0111111111111111
0.0222222222222221
0.0222222222222223
0.0238095238095238
0.0142857142857142
0.00952380952380949
0.00793650793650791
0.0253968253968254
0.026984126984127
0.00952380952380949
0.0190476190476191
0.0238095238095238
0.0301587301587302
0.0333333333333333
0.0126984126984127
0.00476190476190474
0.0317460317460317
0.0301587301587302
0.0380952380952381
0.0206349206349207
0.0174603174603174
0.0365079365079365
0.0380952380952381
0.0380952380952381
0.0380952380952381
0.0380952380952381
0.0666666666666667
0.0619047619047619
0.0698412698412698
0.0761904761904761
0.0777777777777777
0.0888888888888889
0.123809523809524
0.111111111111111
0.149206349206349
0.180952380952381
0.244444444444444
0.295238095238095
0.384126984126984
0.444444444444444
0.5
0.56031746031746
0.601587301587302
0.588888888888889
