-0.0193548387096774
-0.0225806451612903
-0.0129032258064516
-0.00645161290322582
-0.0161290322580645
-0.0129032258064516
-0.0225806451612903
-0.00645161290322582
-0.00967741935483868
-0.00967741935483868
-0.00645161290322582
-0.00967741935483868
-0.0129032258064516
-0.00967741935483868
-0.0225806451612903
-0.0161290322580645
0
-0.0161290322580645
-0.0161290322580645
-0.00967741935483868
-0.00322580645161286
-0.0129032258064516
-0.00322580645161286
0
-0.0161290322580645
-0.00645161290322582
-0.0161290322580645
-0.00967741935483868
-0.00967741935483868
-0.00967741935483868
-0.00322580645161286
0.00967741935483879
-0.00322580645161286
-0.00322580645161286
0.0129032258064516
0
0.0193548387096775
-0.00322580645161286
-0.00322580645161286
-0.00322580645161286
0.00322580645161297
0.0129032258064516
0.0129032258064516
-0.00645161290322571
0.0161290322580645
0.00967741935483879
0.0225806451612903
0.0258064516129033
0.0225806451612903
0.0161290322580645
0.0225806451612903
0.0290322580645161
0.0451612903225806
0.0322580645161291
0.0419354838709678
0.0387096774193549
0.0258064516129033
0.0387096774193549
0.0612903225806452
0.067741935483871
0.0516129032258065
0.035483870967742
0.0645161290322581
0.0709677419354839
0.0774193548387098
0.0774193548387098
0.0645161290322581
0.0774193548387098
0.0580645161290323
0.109677419354839
0.129032258064516
0.119354838709677
0.106451612903226
0.148387096774194
0.12258064516129
0.125806451612903
0.148387096774194
0.135483870967742
0.170967741935484
0.17741935483871
0.216129032258065
0.190322580645161
0.238709677419355
0.219354838709677
0.261290322580645
0.264516129032258
0.270967741935484
0.280645161290323
0.32258064516129
0.32258064516129
0.361290322580645
0.4
0.409677419354839
0.42258064516129
0.438709677419355
0.470967741935484
0.493548387096774
0.490322580645161
0.454838709677419
0.445161290322581
