0
0
0
-0.00292397660818711
-0.00116959064327482
-0.00116959064327482
0.000584795321637466
-0.00175438596491229
-0.00116959064327482
-0.00116959064327482
-0.00116959064327482
0
-0.000584795321637466
-0.00233918128654964
0.000584795321637466
-0.000584795321637466
0
-0.00116959064327482
0
-0.00233918128654964
0.00116959064327482
-0.00350877192982457
-0.00409356725146193
-0.00116959064327482
0
0.000584795321637466
0.00175438596491229
0.000584795321637466
-0.00409356725146193
-0.00116959064327482
0.00116959064327482
-0.00116959064327482
0
-0.00116959064327482
-0.00175438596491229
0.000584795321637466
0.00350877192982457
0.00233918128654975
0
0.00233918128654975
-0.00175438596491229
0.00233918128654975
0.00409356725146204
0.00526315789473686
0.00467836257309939
0.00116959064327493
0.000584795321637466
0.00233918128654975
0.00760233918128661
0.00526315789473686
0.00175438596491229
0
0.000584795321637466
0.000584795321637466
0.00409356725146204
0.00526315789473686
0.00409356725146204
0.012280701754386
0.00584795321637432
0.00409356725146204
0.00701754385964914
0.00818713450292397
0.00643274853801168
0.0116959064327485
0.00877192982456143
0.00350877192982457
0.00877192982456143
0.0128654970760235
0.00350877192982457
0.00760233918128661
0.0111111111111112
0.00760233918128661
0.0105263157894737
0.0134502923976608
0.02046783625731
0.0134502923976608
0.0105263157894737
0.0175438596491229
0.0192982456140351
0.0128654970760235
0.02046783625731
0.016374269005848
0.0263157894736843
0.0257309941520468
0.0233918128654971
0.032748538011696
0.0356725146198831
0.0426900584795322
0.0309941520467837
0.0362573099415205
0.0409356725146199
0.0502923976608187
0.0479532163742691
0.052046783625731
0.0678362573099415
0.0894736842105264
0.135672514619883
0.229239766081871
0.370175438596491
0.39766081871345
