0.000888888888888939
0.000888888888888939
0.000888888888888939
0.00266666666666671
0.00177777777777777
0.00177777777777777
0.00266666666666671
0.000888888888888939
0.00622222222222224
0.0053333333333333
0.0053333333333333
0.00355555555555553
0.00622222222222224
0.00711111111111107
0.00622222222222224
0.00800000000000001
0.00444444444444447
0.0053333333333333
0.0053333333333333
0.0053333333333333
0.0106666666666667
0.00800000000000001
0.0053333333333333
0.00888888888888895
0.00622222222222224
0.00622222222222224
0.00355555555555553
0.00977777777777777
0.00711111111111107
0.00800000000000001
0.00888888888888895
0.0115555555555555
0.0151111111111111
0.00888888888888895
0.00800000000000001
0.016
0.00888888888888895
0.00711111111111107
0.00800000000000001
0.0151111111111111
0.0106666666666667
0.0115555555555555
0.0168888888888888
0.0151111111111111
0.0106666666666667
0.0195555555555555
0.0195555555555555
0.0177777777777778
0.016
0.0177777777777778
0.0204444444444445
0.0266666666666666
0.0195555555555555
0.0204444444444445
0.0275555555555556
0.0248888888888888
0.0266666666666666
0.0346666666666666
0.0337777777777778
0.0391111111111111
0.0302222222222223
0.0293333333333333
0.0391111111111111
0.0488888888888889
0.0488888888888889
0.0426666666666666
0.0453333333333333
0.0417777777777778
0.0577777777777778
0.0524444444444444
0.0586666666666666
0.0515555555555556
0.0551111111111111
0.0657777777777778
0.0684444444444444
0.0604444444444444
0.0693333333333334
0.08
0.0897777777777777
0.112888888888889
0.0995555555555555
0.125333333333333
0.136
0.148444444444444
0.169777777777778
0.207111111111111
0.219555555555556
0.250666666666667
0.285333333333333
0.351111111111111
0.382222222222222
0.421333333333333
0.482666666666667
0.525333333333333
0.614222222222222
0.624
0.660444444444444
0.672888888888889
0.655111111111111
0.661333333333333
