0
0
0.00190476190476185
0.000634920634920655
0.00380952380952382
0.000634920634920655
0.00507936507936502
0.00317460317460316
0.00380952380952382
0.00126984126984131
0.00126984126984131
0.00317460317460316
0.00253968253968251
0.00380952380952382
0.00507936507936502
0.00698412698412698
0.00634920634920633
0.00317460317460316
0.00444444444444447
0.00507936507936502
0.00698412698412698
0.00888888888888884
0.00571428571428567
0.00825396825396818
0.00253968253968251
0.00571428571428567
0.00952380952380949
0.00444444444444447
0.00634920634920633
0.0101587301587301
0.00571428571428567
0.013968253968254
0.00571428571428567
0.00444444444444447
0.00317460317460316
0.0101587301587301
0.00507936507936502
0.00507936507936502
0.00952380952380949
0.00317460317460316
0.00571428571428567
0.00634920634920633
0.00571428571428567
0.0126984126984127
0.012063492063492
0.00444444444444436
0.00761904761904764
0.012063492063492
0.0114285714285715
0.0114285714285713
0.0177777777777778
0.00444444444444436
0.0101587301587301
0.00888888888888884
0.0101587301587301
0.00825396825396818
0.0126984126984127
0.013968253968254
0.0158730158730158
0.0146031746031746
0.0133333333333333
0.0146031746031746
0.0158730158730158
0.0158730158730158
0.0203174603174603
0.0114285714285715
0.0184126984126983
0.0165079365079365
0.0171428571428571
0.026031746031746
0.0247619047619048
0.026031746031746
0.0311111111111111
0.0165079365079365
0.0247619047619048
0.0330158730158729
0.0323809523809524
0.0292063492063492
0.0393650793650794
0.0476190476190476
0.0539682539682539
0.0615873015873015
0.052063492063492
0.0647619047619047
0.0704761904761905
0.0736507936507936
0.0907936507936508
0.122539682539683
0.118095238095238
0.153650793650794
0.204444444444444
0.245079365079365
0.293333333333333
0.359365079365079
0.425396825396825
0.481269841269841
0.551111111111111
0.587301587301587
0.592380952380952
0.59047619047619
