0
-0.00296296296296295
-0.00296296296296295
-0.00222222222222224
-0.00222222222222224
-0.00518518518518518
-0.0111111111111111
-0.00740740740740742
-0.00666666666666671
-0.00888888888888884
-0.0148148148148148
-0.00962962962962965
-0.0111111111111111
-0.0103703703703704
-0.0148148148148148
-0.0148148148148148
-0.00740740740740742
-0.00962962962962965
-0.0148148148148148
-0.014074074074074
-0.0214814814814814
-0.00962962962962965
-0.0118518518518518
-0.014074074074074
-0.0214814814814814
-0.00962962962962965
-0.0177777777777778
-0.0162962962962963
-0.0177777777777778
-0.0192592592592592
-0.0162962962962963
-0.022962962962963
-0.0214814814814814
-0.0251851851851852
-0.0214814814814814
-0.0281481481481481
-0.02
-0.02
-0.0185185185185185
-0.0185185185185185
-0.0207407407407407
-0.0222222222222221
-0.0266666666666666
-0.022962962962963
-0.02
-0.022962962962963
-0.0214814814814814
-0.02
-0.0222222222222223
-0.0244444444444444
-0.0222222222222221
-0.0251851851851852
-0.0251851851851852
-0.0303703703703704
-0.0177777777777778
-0.0214814814814814
-0.0214814814814814
-0.0266666666666666
-0.0259259259259259
-0.0207407407407407
-0.0162962962962963
-0.0222222222222221
-0.0185185185185185
-0.02
-0.0222222222222223
-0.0237037037037037
-0.0237037037037037
-0.0237037037037037
-0.0274074074074074
-0.0237037037037037
-0.0214814814814814
-0.0155555555555555
-0.022962962962963
-0.0118518518518518
-0.00888888888888884
-0.0111111111111111
-0.00592592592592589
-0.0066666666666666
-0.00444444444444447
-0.00592592592592589
0.00370370370370376
0.00888888888888895
0.0303703703703704
0.0385185185185185
0.0481481481481482
0.0607407407407408
0.0755555555555556
0.103703703703704
0.142222222222222
0.161481481481481
0.23037037037037
0.281481481481481
0.316296296296296
0.416296296296296
0.465185185185185
0.501481481481481
0.543703703703704
0.577037037037037
0.581481481481481
0.585185185185185
