-0.0167741935483871
-0.015483870967742
-0.0116129032258064
-0.015483870967742
-0.0206451612903226
-0.0116129032258064
-0.0141935483870967
-0.0129032258064516
-0.0103225806451612
-0.00645161290322582
-0.00645161290322582
-0.0103225806451612
-0.00903225806451613
-0.00774193548387092
-0.00516129032258061
-0.00387096774193552
-0.00387096774193552
-0.00387096774193552
-0.00387096774193552
0.00387096774193552
-0.0012903225806451
-0.00516129032258061
0.00774193548387103
0.00387096774193552
0
0.00903225806451613
-0.00387096774193552
0.0103225806451613
0.0141935483870969
0.00516129032258061
0.0116129032258064
0.00516129032258072
0.00903225806451613
0.00903225806451613
0.0167741935483872
0.0180645161290323
0.0180645161290323
0.0193548387096775
0.0283870967741936
0.023225806451613
0.0206451612903226
0.0206451612903226
0.0283870967741936
0.0219354838709678
0.0283870967741936
0.0245161290322581
0.0335483870967742
0.0335483870967742
0.0296774193548387
0.0348387096774194
0.0374193548387097
0.0425806451612903
0.0425806451612903
0.0503225806451614
0.0619354838709678
0.0541935483870968
0.0696774193548387
0.0709677419354839
0.0774193548387098
0.0529032258064517
0.0735483870967742
0.0838709677419355
0.0812903225806452
0.0645161290322581
0.107096774193548
0.101935483870968
0.0916129032258065
0.0967741935483871
0.116129032258065
0.123870967741936
0.125161290322581
0.134193548387097
0.148387096774194
0.169032258064516
0.143225806451613
0.15741935483871
0.169032258064516
0.20258064516129
0.2
0.210322580645161
0.224516129032258
0.223225806451613
0.232258064516129
0.251612903225806
0.247741935483871
0.294193548387097
0.327741935483871
0.31741935483871
0.365161290322581
0.387096774193548
0.394838709677419
0.393548387096774
0.416774193548387
0.438709677419355
0.447741935483871
0.454193548387097
0.472258064516129
0.460645161290323
0.461935483870968
0.44258064516129
