-0.00233918128654964
-0.00350877192982457
-0.00409356725146193
-0.000584795321637466
-0.00350877192982457
-0.00292397660818711
-0.00409356725146193
-0.00409356725146193
-0.00292397660818711
-0.00292397660818711
-0.00292397660818711
-0.00116959064327482
-0.00409356725146193
-0.00292397660818711
0.00233918128654975
-0.00292397660818711
-0.00233918128654975
-0.000584795321637355
-0.000584795321637355
-0.00409356725146193
-0.00116959064327482
-0.00233918128654964
-0.00233918128654964
0.00116959064327493
0.00233918128654975
-0.000584795321637355
-0.00233918128654964
-0.00175438596491229
0.00292397660818711
-0.00292397660818711
-0.00116959064327482
0.00116959064327493
0.00116959064327493
-0.00116959064327482
0.00467836257309939
0
0.00292397660818711
-0.000584795321637355
0.00116959064327493
0
0.00760233918128661
0.00350877192982457
0.00292397660818711
0.0093567251461989
0.00467836257309939
0.00350877192982457
0.00467836257309939
0.00116959064327482
0.00233918128654975
0.00175438596491229
0.00818713450292397
0.00467836257309939
0.00643274853801168
0.00467836257309939
0.00350877192982457
0.00584795321637432
0.00526315789473686
0.00818713450292397
0.00818713450292397
0.012280701754386
0.0163742690058479
0.00994152046783625
0.0093567251461989
0.0146198830409356
0.0093567251461989
0.00994152046783625
0.0105263157894737
0.00818713450292397
0.0169590643274854
0.0140350877192983
0.0163742690058479
0.0116959064327485
0.0157894736842106
0.0146198830409358
0.0198830409356725
0.0198830409356726
0.02046783625731
0.0216374269005849
0.0233918128654971
0.0222222222222223
0.0169590643274854
0.0245614035087719
0.0286549707602339
0.0309941520467837
0.0321637426900585
0.031578947368421
0.0298245614035088
0.0345029239766081
0.0397660818713451
0.0456140350877193
0.0532163742690058
0.052046783625731
0.0532163742690058
0.072514619883041
0.0871345029239766
0.12046783625731
0.163157894736842
0.277777777777778
0.378947368421053
0.394736842105263
