0
0
0
-0.00222222222222224
0.00222222222222224
0
-0.00666666666666671
0.00444444444444436
0.00222222222222224
0.0066666666666666
-0.00444444444444447
0
0.00444444444444447
-0.00222222222222224
0.00222222222222224
-0.00666666666666671
0.0066666666666666
0.0066666666666666
0.0066666666666666
-0.00222222222222224
0.00666666666666671
0.00444444444444436
0
0.0066666666666666
0.00222222222222224
0.0066666666666666
0.00222222222222224
0.0066666666666666
0.0111111111111111
0.0066666666666666
0.00888888888888884
0.00444444444444447
0.0066666666666666
-0.00222222222222224
-0.00888888888888895
0.0111111111111111
-0.00444444444444447
0.00222222222222224
0.0066666666666666
0.0133333333333333
0.0066666666666666
0.00222222222222224
0.0066666666666666
0.00444444444444436
0.00222222222222224
0.0133333333333333
0.00444444444444436
0.00888888888888884
0.00444444444444436
0.00222222222222224
0.00444444444444436
0.0111111111111111
0.0066666666666666
0.0377777777777777
0.0222222222222221
0.0155555555555555
0.0066666666666666
0.0066666666666666
0.0311111111111111
0.0266666666666666
0.0222222222222221
0.02
0.0266666666666666
0.0266666666666666
0.0177777777777778
0.0266666666666666
0.0444444444444444
0.0377777777777777
0.0422222222222222
0.0355555555555556
0.0644444444444444
0.0488888888888889
0.0422222222222222
0.0688888888888889
0.0733333333333334
0.0844444444444444
0.0577777777777777
0.0844444444444444
0.0933333333333333
0.117777777777778
0.113333333333333
0.16
0.171111111111111
0.195555555555555
0.208888888888889
0.231111111111111
0.26
0.315555555555555
0.337777777777778
0.384444444444444
0.408888888888889
0.482222222222222
0.531111111111111
0.58
0.608888888888889
0.622222222222222
0.655555555555556
0.655555555555555
0.617777777777778
0.622222222222222
