-0.00793650793650791
-0.00476190476190474
-0.00634920634920633
-0.00952380952380949
-0.0126984126984127
-0.00476190476190474
-0.00317460317460316
-0.00952380952380949
-0.00634920634920633
-0.0126984126984127
-0.00634920634920633
-0.019047619047619
-0.00634920634920633
-0.00634920634920633
-0.0111111111111111
-0.00634920634920633
-0.00158730158730158
-0.0126984126984127
-0.0111111111111111
-0.0111111111111111
0
-0.00793650793650791
-0.0111111111111111
-0.0111111111111111
-0.00634920634920633
-0.00952380952380949
0.00317460317460316
-0.00793650793650791
-0.0174603174603174
-0.0142857142857142
-0.00158730158730158
-0.0111111111111111
0.0095238095238096
-0.00158730158730158
-0.00317460317460316
-0.00634920634920633
-0.00952380952380949
-0.00634920634920633
-0.0142857142857142
-0.00158730158730158
-0.00793650793650791
-0.00952380952380949
0.00634920634920633
-0.00476190476190474
-0.00158730158730158
-0.00476190476190474
-0.00952380952380949
-0.00317460317460316
-0.00952380952380949
0
-0.0142857142857142
0.00158730158730158
-0.0142857142857142
-0.00317460317460316
0.0095238095238096
-0.00634920634920633
0.00158730158730158
-0.00476190476190474
0.00476190476190474
0.00634920634920633
0.00793650793650802
0.0095238095238096
0.00793650793650791
0
0.0142857142857143
0.00158730158730158
0.0126984126984128
-0.00158730158730158
0.0111111111111112
0.0111111111111112
0.0142857142857143
0.0126984126984128
0.00317460317460316
0.0222222222222223
0.0174603174603175
0.0253968253968254
0.0333333333333333
0.0285714285714286
0.0444444444444445
0.053968253968254
0.0317460317460317
0.0555555555555556
0.0492063492063493
0.0619047619047619
0.080952380952381
0.0619047619047619
0.0777777777777778
0.136507936507937
0.177777777777778
0.211111111111111
0.212698412698413
0.274603174603175
0.317460317460317
0.4
0.450793650793651
0.565079365079365
0.53015873015873
0.601587301587302
0.595238095238095
0.585714285714286
