0
0
0
0
0.00322580645161286
0
0.00322580645161286
0
0
0.00322580645161297
0
0
0.00322580645161297
0.00967741935483879
0
0
0.0129032258064516
0.00645161290322582
0.00645161290322582
0.00967741935483879
0.0129032258064516
0.0161290322580645
0.00645161290322582
0.00645161290322582
0.00645161290322582
0.0193548387096775
0.0129032258064516
0.0161290322580645
0.0129032258064516
0.0193548387096775
0.00967741935483879
0.00322580645161297
0.0161290322580645
0.0225806451612903
0.0161290322580645
0.0225806451612903
0.0225806451612903
0.0161290322580645
0.0193548387096775
0.0290322580645161
0.0290322580645161
0.0161290322580645
0.0451612903225806
0.0548387096774194
0.0322580645161291
0.0290322580645161
0.0709677419354839
0.0548387096774194
0.035483870967742
0.0516129032258065
0.0451612903225806
0.0612903225806453
0.0516129032258065
0.0580645161290323
0.0806451612903226
0.0903225806451613
0.0483870967741936
0.0806451612903226
0.0774193548387098
0.0838709677419355
0.0774193548387098
0.0903225806451613
0.0870967741935484
0.0838709677419355
0.12258064516129
0.132258064516129
0.116129032258065
0.141935483870968
0.125806451612903
0.161290322580645
0.151612903225806
0.167741935483871
0.138709677419355
0.158064516129032
0.154838709677419
0.190322580645161
0.219354838709677
0.245161290322581
0.190322580645161
0.235483870967742
0.280645161290323
0.270967741935484
0.283870967741936
0.316129032258065
0.32258064516129
0.325806451612903
0.37741935483871
0.383870967741936
0.393548387096774
0.374193548387097
0.42258064516129
0.454838709677419
0.435483870967742
0.416129032258065
0.451612903225806
0.432258064516129
0.474193548387097
0.464516129032258
0.441935483870968
0.412903225806452
