0
-0.000584795321637466
-0.000584795321637466
0.00175438596491229
0.00233918128654975
-0.000584795321637466
0.000584795321637466
0.00175438596491229
0.00116959064327482
0.00233918128654964
0.00409356725146193
0.00175438596491229
0.00175438596491229
0.00292397660818711
0.00526315789473686
0.00350877192982457
0.00350877192982446
0.00175438596491229
0.00292397660818711
0.00116959064327482
0.00526315789473686
0.00233918128654964
0.00175438596491229
0.00292397660818711
0.00233918128654964
0.00467836257309939
0.00175438596491229
0.00526315789473686
-0.000584795321637466
0.000584795321637355
0.00526315789473675
0.00526315789473686
0.00409356725146193
0.00877192982456132
0.00818713450292397
0.00409356725146193
0.0105263157894736
0.00701754385964903
0.00935672514619879
0.00877192982456132
0.0076023391812865
0.00643274853801168
0.00584795321637421
0.00409356725146193
0.00584795321637421
0.0128654970760234
0.0140350877192982
0.00818713450292397
0.00818713450292397
0.0134502923976608
0.00701754385964903
0.0140350877192982
0.00877192982456132
0.00994152046783625
0.00877192982456132
0.0140350877192982
0.0122807017543859
0.0134502923976608
0.00877192982456143
0.0134502923976608
0.0122807017543859
0.0116959064327485
0.0128654970760234
0.0134502923976608
0.00994152046783625
0.0152046783625731
0.00935672514619879
0.0116959064327485
0.0140350877192982
0.0122807017543859
0.0169590643274854
0.019298245614035
0.019298245614035
0.0251461988304094
0.0216374269005848
0.0163742690058479
0.0251461988304094
0.0222222222222223
0.0280701754385965
0.0292397660818713
0.0280701754385965
0.027485380116959
0.0251461988304094
0.0298245614035088
0.035672514619883
0.0333333333333333
0.0350877192982456
0.0345029239766081
0.0421052631578948
0.0409356725146198
0.0549707602339181
0.0567251461988304
0.0695906432748538
0.083625730994152
0.108771929824561
0.136842105263158
0.198245614035088
0.319883040935672
0.381286549707602
0.395906432748538
