0
0
0
0
0
0.00177777777777777
0.000888888888888939
0.00266666666666671
0.000888888888888939
0.00266666666666671
0
0.000888888888888939
0.00266666666666671
0.00355555555555553
0.00355555555555553
0.00355555555555553
0.00266666666666671
0.00266666666666671
0.0053333333333333
0.00888888888888895
0.00444444444444447
0.00711111111111107
0.00444444444444447
0.00888888888888884
0.00622222222222224
0.00622222222222224
0.00977777777777777
0.0106666666666667
0.00888888888888895
0.00444444444444447
0.00711111111111107
0.00622222222222224
0.00711111111111107
0.0124444444444445
0.00622222222222224
0.00800000000000001
0.0168888888888888
0.0106666666666667
0.0195555555555555
0.0133333333333333
0.0115555555555555
0.0204444444444445
0.0142222222222222
0.0248888888888888
0.0151111111111111
0.024
0.024
0.0257777777777778
0.0266666666666666
0.0373333333333333
0.0275555555555556
0.0195555555555555
0.0311111111111111
0.0284444444444445
0.0417777777777778
0.0284444444444445
0.0408888888888889
0.0373333333333333
0.0453333333333333
0.0426666666666666
0.0551111111111111
0.056
0.0471111111111111
0.0542222222222222
0.0533333333333333
0.0506666666666666
0.0506666666666666
0.0559999999999999
0.0711111111111111
0.0782222222222222
0.0808888888888889
0.0791111111111111
0.0755555555555556
0.0773333333333334
0.0942222222222222
0.0995555555555556
0.0897777777777777
0.120888888888889
0.131555555555556
0.152
0.155555555555556
0.194666666666667
0.209777777777778
0.249777777777778
0.284444444444444
0.286222222222222
0.347555555555556
0.384
0.400888888888889
0.462222222222222
0.500444444444444
0.546666666666667
0.581333333333333
0.633777777777778
0.654222222222222
0.665777777777778
0.673777777777778
0.674666666666667
0.641777777777778
0.649777777777778
