0.00253968253968251
0.00190476190476185
0.00126984126984131
0.00444444444444447
0.00444444444444447
0.00444444444444447
0.00317460317460316
0.00444444444444447
0.00444444444444447
0.00888888888888884
0.00761904761904764
0.00761904761904764
0.00698412698412698
0.0126984126984127
0.00507936507936502
0.00507936507936502
0.0114285714285715
0.00507936507936502
0.00253968253968251
0.00571428571428567
0.00317460317460316
0.00380952380952382
0.0107936507936508
0.00253968253968251
0.0107936507936508
0.00507936507936502
0.00190476190476185
0.00380952380952382
0.00888888888888884
0.00634920634920633
0.00444444444444436
0.00888888888888884
0.00444444444444436
0.00888888888888884
0.0107936507936508
0.00380952380952382
0.00634920634920633
0.00253968253968251
0.00698412698412698
0.00571428571428567
0.00571428571428567
0.00507936507936502
0.0133333333333333
0.00888888888888884
0.00698412698412698
0.0126984126984127
0.0107936507936508
0.00634920634920633
0.00888888888888884
0.00825396825396818
0.012063492063492
0.0158730158730158
0.0107936507936508
0.0146031746031746
0.0152380952380952
0.0158730158730158
0.0146031746031746
0.0133333333333333
0.00571428571428567
0.0107936507936508
0.0133333333333333
0.0292063492063492
0.0253968253968254
0.013968253968254
0.0279365079365079
0.0234920634920635
0.0222222222222223
0.0387301587301587
0.0215873015873016
0.0311111111111111
0.0266666666666666
0.0406349206349206
0.0336507936507936
0.0311111111111111
0.0368253968253968
0.0412698412698412
0.0387301587301587
0.0526984126984127
0.0495238095238095
0.0476190476190476
0.0723809523809523
0.0780952380952381
0.0863492063492063
0.0914285714285714
0.0901587301587301
0.123174603174603
0.141587301587302
0.158730158730159
0.205714285714286
0.238095238095238
0.276190476190476
0.318095238095238
0.383492063492063
0.448888888888889
0.525714285714286
0.547936507936508
0.593650793650794
0.600634920634921
0.594920634920635
0.586031746031746
