-0.000740740740740709
-0.00296296296296295
-0.00666666666666671
-0.00518518518518518
-0.00592592592592589
-0.0111111111111111
-0.00592592592592589
-0.00740740740740742
-0.0103703703703704
-0.0125925925925926
-0.00592592592592589
-0.0148148148148148
-0.0155555555555555
-0.0118518518518518
-0.0162962962962963
-0.014074074074074
-0.0148148148148148
-0.014074074074074
-0.0251851851851852
-0.0155555555555555
-0.0185185185185185
-0.0192592592592592
-0.0259259259259259
-0.022962962962963
-0.0251851851851852
-0.0222222222222223
-0.0251851851851852
-0.0266666666666666
-0.022962962962963
-0.02
-0.0177777777777778
-0.022962962962963
-0.022962962962963
-0.0244444444444444
-0.0251851851851852
-0.0311111111111111
-0.0192592592592592
-0.0296296296296296
-0.0274074074074074
-0.0251851851851852
-0.0185185185185185
-0.0251851851851852
-0.0274074074074073
-0.0303703703703704
-0.0266666666666666
-0.0251851851851852
-0.022962962962963
-0.0303703703703704
-0.0274074074074073
-0.0311111111111111
-0.0274074074074074
-0.0185185185185185
-0.0288888888888889
-0.0259259259259259
-0.0281481481481481
-0.0296296296296296
-0.0237037037037037
-0.0355555555555556
-0.0244444444444444
-0.0207407407407407
-0.0207407407407407
-0.0311111111111111
-0.0244444444444444
-0.0311111111111111
-0.0237037037037037
-0.0192592592592592
-0.0266666666666666
-0.0192592592592592
-0.0244444444444444
-0.0133333333333333
-0.0281481481481481
-0.0155555555555555
-0.0170370370370371
-0.0125925925925926
-0.00962962962962965
-0.0155555555555555
-0.000740740740740709
0.00370370370370376
0.0140740740740741
0.0192592592592593
0.0377777777777778
0.0466666666666666
0.0622222222222223
0.0703703703703704
0.107407407407407
0.104444444444444
0.145185185185185
0.208148148148148
0.265925925925926
0.295555555555556
0.362962962962963
0.411851851851852
0.446666666666667
0.50962962962963
0.548148148148148
0.565925925925926
0.562962962962963
0.579259259259259
0.561481481481481
0.580740740740741
