0
0
0
0
0
0.00129032258064521
0.00129032258064521
0.00258064516129031
0
0.00387096774193552
0.00516129032258061
0.00516129032258061
0.00516129032258061
0.0129032258064516
0.00645161290322582
0.0129032258064516
0.00387096774193552
0.0103225806451613
0.00903225806451613
0.0103225806451613
0.0206451612903226
0.0180645161290323
0.0129032258064516
0.0129032258064516
0.0103225806451613
0.0141935483870969
0.0141935483870969
0.0129032258064516
0.0258064516129033
0.0219354838709678
0.023225806451613
0.0206451612903227
0.0258064516129033
0.015483870967742
0.0283870967741936
0.0283870967741936
0.0361290322580645
0.0296774193548387
0.0451612903225806
0.0258064516129033
0.0361290322580645
0.0374193548387097
0.0438709677419356
0.0361290322580645
0.04
0.0490322580645162
0.0606451612903226
0.0632258064516129
0.0593548387096775
0.0619354838709678
0.0477419354838711
0.0696774193548387
0.0606451612903226
0.0709677419354839
0.0800000000000001
0.0800000000000001
0.0774193548387098
0.0864516129032259
0.112258064516129
0.095483870967742
0.0941935483870968
0.087741935483871
0.104516129032258
0.12258064516129
0.12258064516129
0.129032258064516
0.138064516129032
0.147096774193548
0.165161290322581
0.176774193548387
0.147096774193548
0.187096774193548
0.188387096774194
0.219354838709677
0.221935483870968
0.232258064516129
0.236129032258065
0.236129032258065
0.251612903225806
0.276129032258065
0.291612903225806
0.287741935483871
0.304516129032258
0.326451612903226
0.344516129032258
0.350967741935484
0.363870967741936
0.379354838709677
0.414193548387097
0.44258064516129
0.423225806451613
0.450322580645161
0.451612903225806
0.443870967741936
0.447741935483871
0.459354838709677
0.44258064516129
0.451612903225806
0.461935483870968
0.420645161290323
