0.00175438596491229
0.00292397660818711
0.00350877192982457
0.00467836257309939
0.00701754385964914
0.00350877192982457
0.00584795321637421
0.00409356725146193
0.00643274853801168
0.00467836257309939
0.000584795321637355
0.00350877192982457
0.000584795321637355
0.00584795321637421
0.00292397660818711
0.000584795321637355
0.00584795321637421
0.00409356725146193
0.00233918128654964
0.00467836257309939
0.00350877192982457
0.00409356725146193
0.00701754385964914
0.00526315789473686
0.00643274853801168
0.00409356725146193
0.00233918128654964
0.00584795321637421
0.00233918128654964
0.00467836257309939
0.00292397660818711
0.00818713450292397
0.00350877192982457
0.00409356725146193
0.00643274853801168
0.00818713450292397
0.00584795321637421
0.00409356725146193
0.00292397660818711
0.00350877192982457
0.00818713450292397
0.00467836257309939
0.00584795321637421
0.0076023391812865
0.00643274853801168
0.0128654970760234
0.00877192982456132
0.00409356725146193
0.00935672514619879
0.00994152046783625
0.00701754385964914
0.0157894736842105
0.00818713450292397
0.00994152046783625
0.00584795321637421
0.0134502923976608
0.0134502923976608
0.0076023391812865
0.0163742690058479
0.0163742690058479
0.0146198830409356
0.0181286549707602
0.00935672514619879
0.0140350877192982
0.0146198830409356
0.0169590643274854
0.0140350877192982
0.0198830409356725
0.019298245614035
0.0163742690058479
0.0239766081871344
0.02046783625731
0.0239766081871344
0.0222222222222223
0.0198830409356725
0.019298245614035
0.0339181286549707
0.0233918128654971
0.0292397660818713
0.0263157894736842
0.0233918128654971
0.0309941520467836
0.0321637426900584
0.0368421052631579
0.0415204678362573
0.039766081871345
0.0374269005847953
0.0467836257309941
0.0421052631578948
0.0514619883040935
0.0567251461988304
0.0619883040935673
0.07953216374269
0.083625730994152
0.111111111111111
0.154385964912281
0.232163742690058
0.326315789473684
0.371345029239766
0.389473684210526
