-0.0066666666666666
-0.0155555555555555
-0.00888888888888884
-0.00888888888888884
-0.00888888888888884
-0.0155555555555555
-0.0133333333333333
-0.0133333333333333
-0.0177777777777777
-0.0177777777777777
-0.0155555555555555
-0.0222222222222221
-0.0222222222222221
-0.0199999999999999
-0.0222222222222221
-0.0177777777777777
-0.0222222222222221
-0.0155555555555555
-0.0222222222222221
-0.0199999999999999
-0.0155555555555555
-0.0155555555555555
-0.0155555555555555
-0.0155555555555555
-0.0244444444444444
-0.0177777777777777
-0.0222222222222221
-0.0155555555555555
-0.0244444444444444
-0.0222222222222221
-0.00888888888888884
-0.0222222222222221
-0.00888888888888884
-0.0155555555555555
-0.0222222222222221
-0.0177777777777777
-0.0244444444444444
-0.0244444444444444
-0.0133333333333333
-0.0133333333333333
-0.0222222222222221
-0.0177777777777777
-0.0199999999999999
-0.0133333333333333
-0.00444444444444436
-0.0199999999999999
-0.00444444444444436
-0.0244444444444444
-0.00888888888888884
-0.0133333333333333
-0.00888888888888884
-0.0066666666666666
0.00666666666666671
-0.00222222222222213
-0.00444444444444436
0.00888888888888895
0
-0.00222222222222224
0
0.0111111111111112
1.11022302462516e-16
0.00888888888888895
0
0.00444444444444447
0.0155555555555555
0.0155555555555555
0.0133333333333334
0.02
0.028888888888889
0.0244444444444445
0.04
0.0577777777777778
0.0444444444444445
0.0577777777777778
0.0533333333333333
0.0733333333333334
0.0977777777777779
0.113333333333333
0.142222222222222
0.124444444444444
0.115555555555556
0.215555555555556
0.202222222222222
0.253333333333333
0.315555555555556
0.28
0.335555555555556
0.393333333333333
0.448888888888889
0.506666666666667
0.468888888888889
0.537777777777778
0.602222222222222
0.602222222222222
0.613333333333333
0.628888888888889
0.62
0.62
0.575555555555556
0.595555555555556
