-0.00476190476190474
0.00476190476190474
0.00158730158730158
-0.00793650793650791
-0.00317460317460316
-0.00476190476190474
-0.00634920634920633
-0.00634920634920633
-0.0111111111111111
-0.00952380952380949
-0.00476190476190474
-0.0158730158730158
-0.00634920634920633
-0.0126984126984127
-0.00476190476190474
-0.0174603174603174
0.00158730158730158
-0.0111111111111111
0.00317460317460316
-0.0126984126984127
-0.0111111111111111
-0.00317460317460316
-0.00952380952380949
-0.00952380952380949
-0.00793650793650791
-0.00952380952380949
-0.00317460317460316
-0.0126984126984127
-0.00476190476190474
-0.00952380952380949
0
-0.019047619047619
-0.00793650793650791
-0.0111111111111111
-0.00952380952380949
-0.00634920634920633
-0.00476190476190474
-0.00158730158730158
-0.0126984126984127
-0.0126984126984127
-0.0142857142857142
0
-0.00476190476190474
-0.0126984126984127
-0.0126984126984127
-0.0126984126984127
0
-0.00317460317460316
-0.00952380952380949
0.00634920634920633
0.00158730158730158
-0.00634920634920633
0.00476190476190474
-0.00793650793650791
0
0.00317460317460316
0.0095238095238096
0
0.00317460317460316
0.0095238095238096
0.00793650793650802
-0.00476190476190474
0
0.0095238095238096
0.0126984126984128
0.00793650793650791
0.0095238095238096
0.0111111111111112
0.0126984126984128
0.0174603174603175
0.0253968253968254
0.0206349206349207
0.0285714285714286
0.0317460317460317
0.0285714285714286
0.0333333333333333
0.0460317460317461
0.0492063492063493
0.0285714285714286
0.0380952380952381
0.0476190476190477
0.0761904761904763
0.0761904761904763
0.0936507936507937
0.0841269841269842
0.120634920634921
0.173015873015873
0.19047619047619
0.228571428571429
0.255555555555556
0.336507936507937
0.385714285714286
0.446031746031746
0.46984126984127
0.53968253968254
0.561904761904762
0.565079365079365
0.603174603174603
0.576190476190476
0.56984126984127
