0.00322580645161286
0
0
0
0
0.00322580645161286
0.00322580645161286
0.00322580645161286
0
0
0.00322580645161286
0.0129032258064516
0.0129032258064516
0.0161290322580645
0.00322580645161286
0.00967741935483868
0
0.0193548387096775
0.0129032258064516
0.0258064516129033
0.0193548387096775
0.00645161290322582
0.0193548387096775
0.00645161290322582
0.0193548387096775
0.00967741935483879
0.0258064516129033
0.0225806451612903
0.0290322580645161
0.0225806451612903
0.0225806451612904
0.0161290322580645
0.0161290322580645
0.0225806451612903
0.0290322580645161
0.0483870967741936
0.0258064516129033
0.0322580645161291
0.0290322580645161
0.0451612903225806
0.0483870967741936
0.0548387096774194
0.0612903225806453
0.035483870967742
0.0548387096774194
0.0451612903225806
0.0516129032258065
0.0419354838709678
0.0741935483870968
0.0709677419354839
0.0774193548387098
0.0806451612903226
0.0806451612903226
0.0645161290322581
0.0870967741935484
0.0612903225806452
0.106451612903226
0.0903225806451613
0.12258064516129
0.158064516129032
0.138709677419355
0.158064516129032
0.138709677419355
0.145161290322581
0.125806451612903
0.138709677419355
0.138709677419355
0.164516129032258
0.151612903225806
0.203225806451613
0.219354838709677
0.216129032258065
0.209677419354839
0.216129032258065
0.229032258064516
0.219354838709677
0.27741935483871
0.270967741935484
0.290322580645161
0.316129032258065
0.312903225806452
0.338709677419355
0.348387096774194
0.325806451612903
0.335483870967742
0.367741935483871
0.4
0.438709677419355
0.432258064516129
0.393548387096774
0.438709677419355
0.461290322580645
0.429032258064516
0.448387096774194
0.445161290322581
0.425806451612903
0.425806451612903
0.461290322580645
0.464516129032258
0.448387096774194
