0.00046783625730995
0.00023391812865492
-0.000233918128655031
-0.00046783625730995
-0.000233918128655031
0.00233918128654964
-0.00116959064327493
0.00163742690058477
-0.00140350877192985
0.00070175438596487
0.00070175438596487
-0.000233918128655031
-0.00046783625730995
-0.00140350877192985
-0.00046783625730995
0.00163742690058477
0.00163742690058477
0.000935672514619901
0.00163742690058477
0.00210526315789472
0.00210526315789472
0.00187134502923969
0.00140350877192985
0.00374269005847949
0.00374269005847949
0.00467836257309939
0.00304093567251462
0.00654970760233919
0.00584795321637421
0.00467836257309939
0.00421052631578944
0.00654970760233919
0.00584795321637421
0.00561403508771929
0.00725146198830406
0.00608187134502924
0.00678362573099411
0.00725146198830406
0.00748538011695898
0.00842105263157888
0.00842105263157888
0.00842105263157888
0.00818713450292397
0.00818713450292397
0.00888888888888884
0.00959064327485382
0.00865497076023392
0.00912280701754387
0.0109941520467836
0.00935672514619879
0.00912280701754387
0.00912280701754387
0.0121637426900585
0.00982456140350874
0.0107602339181286
0.0126315789473684
0.0121637426900585
0.0135672514619882
0.0123976608187134
0.0119298245614035
0.0130994152046783
0.0121637426900585
0.015438596491228
0.0133333333333333
0.0149707602339181
0.0175438596491228
0.0152046783625731
0.0170760233918128
0.0163742690058479
0.0170760233918128
0.0189473684210526
0.0208187134502924
0.0177777777777778
0.0201169590643274
0.0224561403508772
0.0210526315789473
0.0215204678362573
0.0250292397660818
0.0278362573099414
0.0259649122807017
0.0273684210526316
0.0336842105263158
0.0280701754385965
0.0346198830409357
0.0376608187134503
0.0381286549707602
0.0439766081871344
0.047485380116959
0.047485380116959
0.0626900584795321
0.0654970760233918
0.0701754385964912
0.0837426900584795
0.0947368421052631
0.125146198830409
0.181052631578947
0.254736842105263
0.366081871345029
0.385029239766082
0.401169590643275
