0
0
0
0.000888888888888939
0.000888888888888939
0.00266666666666671
0.000888888888888939
0
0.00266666666666671
0.00266666666666671
0.00177777777777777
0
0.000888888888888939
0.00266666666666671
0.0053333333333333
0.0053333333333333
0.0053333333333333
0.00444444444444447
0.00444444444444447
0.00177777777777777
0.0053333333333333
0.00711111111111107
0.00888888888888895
0.0106666666666667
0.0115555555555555
0.00977777777777777
0.00622222222222224
0.0151111111111111
0.0142222222222222
0.00888888888888895
0.016
0.0177777777777778
0.0142222222222222
0.0151111111111111
0.016
0.0142222222222222
0.0177777777777778
0.0213333333333333
0.0275555555555556
0.0213333333333333
0.0231111111111111
0.0266666666666666
0.0346666666666666
0.0168888888888888
0.0311111111111111
0.0311111111111111
0.0373333333333333
0.0391111111111111
0.032
0.0337777777777778
0.0346666666666666
0.0417777777777778
0.0453333333333333
0.0373333333333333
0.0444444444444444
0.0542222222222222
0.0471111111111111
0.0497777777777778
0.0515555555555556
0.0488888888888889
0.0622222222222222
0.0613333333333334
0.0586666666666666
0.0604444444444444
0.0693333333333334
0.0648888888888889
0.0675555555555556
0.0755555555555556
0.0826666666666667
0.0942222222222222
0.096
0.104
0.108444444444444
0.120888888888889
0.144
0.136
0.152888888888889
0.187555555555556
0.193777777777778
0.214222222222222
0.242666666666667
0.265777777777778
0.282666666666667
0.319111111111111
0.367111111111111
0.399111111111111
0.408
0.474666666666667
0.547555555555556
0.582222222222222
0.597333333333333
0.632888888888889
0.633777777777778
0.649777777777778
0.664888888888889
0.681777777777778
0.662222222222222
0.659555555555556
0.632888888888889
0.660444444444444
