0
0.000634920634920655
0
0.000634920634920655
0.00126984126984131
0.00126984126984131
-0.000634920634920655
-0.00253968253968251
-0.000634920634920655
-0.00126984126984131
0
0.00253968253968251
0.00317460317460316
0.000634920634920655
0.00444444444444447
0.00126984126984131
0.00507936507936502
0.00317460317460316
0.00253968253968251
0.00253968253968251
0.0012698412698412
0.00571428571428567
0.0012698412698412
0.00698412698412698
0.00571428571428567
0.00571428571428567
0.00253968253968251
0.00507936507936502
0.00761904761904764
0.00507936507936502
0.00634920634920633
0.00507936507936502
0.00253968253968251
0.00380952380952382
0.000634920634920655
0.00317460317460316
-0.00317460317460316
0.0101587301587301
0.012063492063492
0.00380952380952382
0.0114285714285713
0.00317460317460316
0.0107936507936508
0.00761904761904764
0.00698412698412698
0.0146031746031746
0.0126984126984127
0.0184126984126984
0.0234920634920635
0.0171428571428571
0.0165079365079365
0.00888888888888884
0.0114285714285715
0.0196825396825396
0.0196825396825396
0.0222222222222223
0.0171428571428571
0.0177777777777778
0.0279365079365079
0.0330158730158729
0.0285714285714286
0.0228571428571428
0.026031746031746
0.019047619047619
0.0311111111111111
0.0380952380952381
0.0330158730158729
0.0311111111111111
0.0393650793650794
0.0374603174603174
0.0488888888888889
0.0450793650793651
0.0425396825396825
0.0488888888888889
0.0571428571428572
0.0431746031746032
0.0628571428571428
0.0615873015873015
0.0596825396825397
0.0704761904761905
0.0933333333333333
0.0647619047619047
0.0907936507936508
0.116825396825397
0.153650793650794
0.174603174603175
0.212063492063492
0.228571428571429
0.274285714285714
0.316825396825397
0.382857142857143
0.421587301587302
0.490793650793651
0.565714285714286
0.566349206349206
0.591746031746032
0.593650793650794
0.594920634920635
0.566984126984127
0.607619047619048
