-0.00296296296296295
-0.00370370370370365
-0.00518518518518518
-0.00518518518518518
-0.00666666666666671
-0.00592592592592589
-0.00814814814814813
-0.00888888888888884
-0.00814814814814813
-0.00740740740740742
-0.00888888888888884
-0.0111111111111111
-0.0148148148148148
-0.00962962962962965
-0.0133333333333333
-0.0125925925925926
-0.00814814814814813
-0.0125925925925926
-0.0118518518518519
-0.0162962962962963
-0.0148148148148148
-0.0185185185185185
-0.022962962962963
-0.0162962962962963
-0.0177777777777778
-0.0111111111111111
-0.0192592592592593
-0.0185185185185185
-0.0162962962962963
-0.0155555555555555
-0.0170370370370371
-0.0103703703703704
-0.014074074074074
-0.0170370370370371
-0.0207407407407407
-0.0162962962962963
-0.0148148148148148
-0.0192592592592592
-0.0140740740740741
-0.0170370370370371
-0.0155555555555555
-0.00888888888888884
-0.0155555555555555
-0.0118518518518519
-0.0118518518518519
-0.014074074074074
-0.0162962962962963
-0.0118518518518519
-0.0148148148148148
-0.0125925925925926
-0.00592592592592589
-0.00740740740740742
-0.014074074074074
-0.00592592592592589
-0.00740740740740742
-0.0177777777777778
-0.0103703703703704
-0.02
-0.0125925925925926
-0.00888888888888884
-0.0118518518518519
-0.0125925925925926
-0.0162962962962963
-0.00666666666666671
-0.00740740740740742
-0.0103703703703704
-0.00666666666666671
0.00296296296296295
0.00222222222222224
-0.00370370370370376
0.00666666666666671
0.0066666666666666
0.00370370370370365
0.0274074074074074
0.0244444444444444
0.0348148148148147
0.0437037037037037
0.04
0.0511111111111111
0.0933333333333333
0.0977777777777777
0.111851851851852
0.151851851851852
0.173333333333333
0.195555555555555
0.245925925925926
0.277777777777778
0.32
0.356296296296296
0.413333333333333
0.451111111111111
0.477777777777778
0.55037037037037
0.567407407407407
0.571851851851852
0.587407407407407
0.598518518518518
0.594814814814815
0.602222222222222
0.602222222222222
