0
0
0
0
0
0.00129032258064521
0.00387096774193552
0.00258064516129031
0.00774193548387103
0.00387096774193552
0.00129032258064521
0.00774193548387103
0.00387096774193552
0.00258064516129031
0.00903225806451613
0.0141935483870969
0.0129032258064516
0.0103225806451613
0.015483870967742
0.0116129032258064
0.0180645161290323
0.00774193548387103
0.0141935483870969
0.0103225806451613
0.0129032258064516
0.0141935483870969
0.015483870967742
0.0129032258064516
0.0193548387096775
0.023225806451613
0.0245161290322581
0.0322580645161291
0.0296774193548387
0.0296774193548388
0.0270967741935484
0.04
0.04
0.0529032258064517
0.0335483870967742
0.0451612903225806
0.0490322580645162
0.0529032258064517
0.0567741935483872
0.0464516129032259
0.0503225806451614
0.0645161290322581
0.0567741935483872
0.0735483870967742
0.0619354838709678
0.0761290322580646
0.0748387096774193
0.087741935483871
0.0941935483870968
0.0980645161290323
0.108387096774194
0.112258064516129
0.118709677419355
0.116129032258065
0.12258064516129
0.135483870967742
0.134193548387097
0.140645161290323
0.152258064516129
0.167741935483871
0.166451612903226
0.187096774193548
0.190967741935484
0.198709677419355
0.194838709677419
0.219354838709677
0.230967741935484
0.23741935483871
0.250322580645161
0.252903225806452
0.263225806451613
0.28
0.281290322580645
0.301935483870968
0.314838709677419
0.326451612903226
0.323870967741936
0.345806451612903
0.383225806451613
0.388387096774194
0.390967741935484
0.390967741935484
0.405161290322581
0.424516129032258
0.415483870967742
0.430967741935484
0.421935483870968
0.451612903225806
0.436129032258065
0.425806451612903
0.445161290322581
0.424516129032258
0.443870967741936
0.434838709677419
0.434838709677419
0.438709677419355
