0.936507936507937
0.933333333333333
0.934920634920635
0.933333333333333
0.934920634920635
0.934920634920635
0.925396825396825
0.926984126984127
0.922222222222222
0.931746031746032
0.936507936507937
0.93015873015873
0.923809523809524
0.926984126984127
0.922222222222222
0.922222222222222
0.90952380952381
0.934920634920635
0.915873015873016
0.925396825396825
0.934920634920635
0.920634920634921
0.919047619047619
0.90952380952381
0.923809523809524
0.931746031746032
0.919047619047619
0.906349206349206
0.920634920634921
0.907936507936508
0.903174603174603
0.907936507936508
0.903174603174603
0.90952380952381
0.915873015873016
0.907936507936508
0.912698412698413
0.89047619047619
0.896825396825397
0.898412698412698
0.901587301587302
0.879365079365079
0.887301587301587
0.885714285714286
0.86984126984127
0.861904761904762
0.823809523809524
0.788888888888889
0.665079365079365
0.438095238095238
