0.981481481481482
0.981481481481482
0.981481481481482
0.981481481481482
0.977777777777778
0.981481481481482
0.975925925925926
0.975925925925926
0.97962962962963
0.977777777777778
0.975925925925926
0.974074074074074
0.974074074074074
0.975925925925926
0.975925925925926
0.972222222222222
0.974074074074074
0.968518518518519
0.97037037037037
0.97037037037037
0.961111111111111
0.968518518518519
0.955555555555555
0.962962962962963
0.948148148148148
0.968518518518519
0.951851851851852
0.957407407407407
0.961111111111111
0.955555555555555
0.957407407407407
0.951851851851852
0.933333333333333
0.944444444444444
0.95
0.933333333333333
0.946296296296296
0.925925925925926
0.92037037037037
0.92962962962963
0.914814814814815
0.914814814814815
0.907407407407407
0.901851851851852
0.905555555555556
0.848148148148148
0.838888888888889
0.764814814814815
0.646296296296296
0.455555555555556
