-0.030584795321637
-0.030584795321637
-0.030350877192982
-0.030350877192982
-0.0304093567251461
-0.030350877192982
-0.0301754385964911
-0.0291228070175441
-0.0295321637426901
-0.0295321637426901
-0.0284795321637431
-0.0289473684210531
-0.0288304093567251
-0.0282456140350881
-0.028421052631579
-0.029649122807018
-0.0279532163742691
-0.0288888888888891
-0.027426900584795
-0.027368421052632
-0.025847953216374
-0.0263157894736841
-0.0272514619883041
-0.02672514619883
-0.025087719298246
-0.0273099415204681
-0.0263157894736841
-0.025847953216374
-0.0256140350877191
-0.0252631578947371
-0.023801169590643
-0.026198830409357
-0.0242690058479531
-0.0230994152046781
-0.021637426900585
-0.021929824561404
-0.0236257309941521
-0.0224561403508771
-0.0211695906432751
-0.020233918128655
-0.022865497076023
-0.0224561403508771
-0.0221637426900581
-0.0195321637426901
-0.0204678362573101
-0.021345029239766
-0.019590643274854
-0.016783625730994
-0.01906432748538
-0.0192397660818711
-0.0188304093567251
-0.0172514619883041
-0.0165497076023391
-0.016374269005848
-0.01766081871345
-0.0143274853801171
-0.014444444444444
-0.0156725146198831
-0.014210526315789
-0.014152046783626
-0.012573099415205
-0.012923976608187
-0.011520467836257
-0.011578947368421
-0.00959064327485404
-0.01280701754386
-0.0101754385964911
-0.00964912280701802
-0.00836257309941502
-0.00842105263157911
-0.00619883040935709
-0.00514619883040901
-0.00719298245614008
-0.00555555555555509
-0.00409356725146204
-0.0052046783625731
-0.00210526315789505
0.000994152046783991
-0.000760233918129072
-0.000350877192982102
0.00257309941520489
0.0045029239766079
0.00251461988304091
0.00532163742690095
0.00619883040935698
0.00906432748538
0.00807017543859689
0.012690058479532
0.0141520467836259
0.0177192982456139
0.017485380116959
0.021461988304094
0.025964912280702
0.028187134502924
0.0361988304093569
0.044385964912281
0.055730994152047
0.0839181286549709
0.169590643274854
0.403625730994152
