0.00129032258064521
0.00387096774193552
0.00322580645161297
0.00451612903225806
0.00774193548387103
0.00838709677419358
0.00903225806451613
0.0103225806451613
0.0129032258064516
0.0129032258064516
0.0135483870967742
0.0119354838709678
0.015483870967742
0.0170967741935484
0.017741935483871
0.0187096774193549
0.0261290322580645
0.0206451612903226
0.0212903225806452
0.0212903225806452
0.0248387096774194
0.0258064516129033
0.0287096774193549
0.0329032258064517
0.03
0.0325806451612903
0.0267741935483872
0.0287096774193549
0.0341935483870969
0.0351612903225808
0.035483870967742
0.0396774193548387
0.0419354838709678
0.0374193548387097
0.0377419354838711
0.045483870967742
0.0429032258064517
0.0445161290322581
0.0435483870967742
0.0506451612903226
0.0464516129032259
0.05
0.0422580645161291
0.0467741935483872
0.0480645161290323
0.0538709677419356
0.0561290322580645
0.0596774193548387
0.0525806451612904
0.0487096774193548
0.0632258064516129
0.062258064516129
0.0587096774193548
0.0596774193548387
0.0658064516129032
0.067741935483871
0.067741935483871
0.0738709677419355
0.0770967741935484
0.0735483870967742
0.0758064516129032
0.0819354838709678
0.082258064516129
0.0835483870967743
0.0867741935483871
0.0903225806451613
0.085483870967742
0.0967741935483871
0.090967741935484
0.0941935483870968
0.106774193548387
0.109677419354839
0.106774193548387
0.118064516129032
0.117741935483871
0.132258064516129
0.12741935483871
0.129354838709677
0.135483870967742
0.14741935483871
0.15258064516129
0.165806451612903
0.163548387096774
0.187741935483871
0.193225806451613
0.198387096774194
0.214516129032258
0.229354838709677
0.243548387096774
0.260645161290323
0.286129032258065
0.313870967741936
0.336451612903226
0.360645161290323
0.411290322580645
0.45741935483871
0.501935483870968
0.565483870967742
0.602258064516129
0.633225806451613
