117952,237937,166295
164330,158397,177452
147714,132149,136530,126028
252449,147372,135492
205401,170063,184081,159380
288244,268319,281565
205590,209956,141150
203244,264460,199585
215779,264455,215190
240457,196563,120449
176658,244707,180097
172034,268849,201303
235648,256974,253697,273517
148926,153379,158798,179757,170295
197392,221266,212489,137656
256974,253697,273517
225054,152674,233215,234066
172038,244729,259592,195760,260834
274133,228817,201316,152506
277301,236040,186327
149278,137961,256569,186840
193573,158967,190374,194387
220419,239746,118639
228164,155077,139778
179782,224787,123505
165170,196215,128106
243802,223443,144488
171772,274853,198739
240033,267358,129317,126375
149278,137961,152674,186840
180567,157310,204082
260274,262716,232132,268769,273837,251975
262716,232132,268769,273837,251975
185942,235248,250726
211941,227055,154943,125872,218072
214810,143457,158707,134131,194830
176453,210650,166592
247717,130005,120496
217043,228478,218339
235648,256974,253697,273517,228149
161444,270034,191571
250922,288718,286140
221266,212489,137656
168448,206740,176551
142493,143386,229619,146423,234789
250202,203978,256778
234789,193573,158967,243461,190374,172564,194387,200415
289096,290149,264573,270031,163250,271659
289096,290149,264573,270031,163250,271659
229619,146423,234789
136848,126302,249409,234302
185942,235248,250726
191879,221463,237311,193458
117675,197149,146620
176901,213654,186248,137830
161859,228452,137239,183697
243461,172564,200415,176116
142493,143386,229619,146423
185251,120163,224032
142956,205401,217440
288244,268319,281565,275753
128425,293291,195274,205727,141091
161859,137239,211430
205401,170063,184081
179802,208539,191721,204231
192713,246758,208507
231248,277326,203655,179933
144254,189485,139674
197715,219753,225543
198407,210650,166592,181018
276742,226400,211941,242240,227055,125872
188975,220419,131986,239746,225862,164965,118639
149278,137961,256569,152674,233215,234066,186840
144130,170037,154778
231716,191661,180069
188975,220419,131986
145565,224894,237432
176453,198407,210650,166592
195274,205727,141091,261701,205186,155817
243461,190374,172564,200415,176116
210650,166592,181018
226400,211941,242240,227055
191571,162221,288017
243461,190374,172564,194387,200415,176116
172038,244729,259592,195760
152806,226179,148969
250922,158159,243032,288718
192713,246758,208507
206642,184065,191211
178564,150085,155090
291928,249368,135342
207746,250985,265935,182479
145947,173755,250903,222262
141091,261701,205186,155817
286551,188783,241286
204603,147601,250486
271207,137937,174223,150953,248747
234789,193573,158967,243461,190374,172564
291086,120189,182745
253177,119659,247701
217140,222432,214151
242240,227055,154943,125872,218072
188975,220419,131986,239746,225862
209819,193759,169228
195459,271207,248747
256974,253697,273517
214227,189192,209497
273691,144221,241202
172034,184433,268849,201303
195459,271207,137937,174223
179802,208539,191721,204231
197715,219753,126564,225543
145565,224894,237432
211430,183697,130998
211941,242240,227055,154943,125872,218072
195274,141091,261701
121731,248123,143683,253948
215795,203455,209819,169228
289096,290149,270031
188975,220419,131986,225862,164965
193573,158967,190374,194387
193061,147807,123204
293291,195274,205727,261701
266011,215190,264966,268762
143074,163549,238142
277301,236040,187965,186327
260274,262716,232132,251975
143457,158707,134131
219797,195034,136064
293149,253486,243000
291928,249368,135342,227820
289096,290149,264573
166230,146852,162792
142956,205401,170063,217440,184081,159380
188975,220419,131986,239746,225862
219797,195034,136064
158159,243032,286140
184753,176658,244707,180097
118737,148926,158798,179757
288244,268319,275753
276366,162966,163018
224084,204603,147601
142956,205401,170063,217440,184081
161444,191571,162221
171772,274853,198739
227820,221859,284623
291086,120189,182745
211941,242240,227055,154943,125872,218072
123146,156552,220849
128425,293291,199517
191171,221927,215703
244524,164149,193594
243461,172564,200415,176116
161859,228452,137239,211430,183697,130998
205727,141091,205186,155817
198407,210650,166592,181018
131986,225862,164965,160832
154895,197392,221266,212489,137656
142956,205401,217440,159380
288244,268319,281565,286164
128425,293291,199517
142956,205401,170063,217440,159380
215795,203455,169228,152170
149278,137961,256569,152674,233215,234066,186840
126302,249409,234302
247189,130810,187780
193573,158967,243461,190374,194387,200415,176116
145565,214486,224894
154028,125948,163762
188975,220419,239746,225862
118737,148926,153379,158798,179757
172564,200415,176116
152806,229103,226179
149278,137961,256569,152674,233215,234066,186840
219643,227693,214431,136721
193573,158967,243461,190374,194387,200415,176116
132149,136530,126028
217440,184081,159380
119448,162822,173071
264460,199585,207746,250985,265935,182479
150085,155090,146966
128425,293291,195274,205727,199517
251140,153587,215772
250202,140324,203978,256778
227820,221859,284623
220419,239746,225862,118639
247189,130810,187780,264244
215190,264966,268762
191879,221463,237311,193458
159030,292255,164306
214810,143457,158707,134131,194830
291928,249368,227820,221859
250922,243032,288718
149278,152674,186840
137961,225054,256569,233215,234066,186840
188975,220419,131986,239746,225862,164965
231248,277326,179933
148926,158798,179757
176453,198407,210650,166592
268319,275753,286164
191879,237311,193458
182355,144130,170037
161859,228452,137239,211430,183697,130998
195274,205727,141091
243461,190374,172564,194387,200415,176116
250202,140324,256778
137961,225054,256569,234066
249409,234302,222893
213654,186248,137830
276742,226400,211941
152806,168320,229103
168448,206740,140513,176551
250202,140324,203978,256778
291928,249368,227820,221859
276742,226400,211941
146423,234789,243461
250922,158159,243032,288718,286140
250985,265935,182479
257183,214486,224894
271207,137937,174223,150953,248747
154895,197392,221266,212489,137656
118737,148926,153379,158798,179757,170295
267233,131467,279806,270099
168448,166230,206740,140513
152336,193021,214831,154895,197392
149278,137961,225054,256569,233215,234066,186840
286551,117784,241286
267233,131467,270099
291928,249368,227820,126881,221859
148926,153379,158798
154895,197392,221266,137656
274133,228817,152506
173755,250903,222262,118214
260519,264037,267243
216549,122630,253766
128425,293291,195274,205727
144254,140140,139674
226400,211941,242240,227055,154943,125872,218072
240033,267358,129317
215779,266011,264455
128425,293291,195274,205727,141091,199517
197392,221266,212489,137656
149278,225054,256569,152674,233215,234066,186840
260060,272379,225537
158967,243461,190374,172564,194387,200415,176116
195459,271207,137937
161859,228452,137239,183697
260060,272379,225537
205401,170063,217440,159380
288244,268319,281565,275753,286164
226400,211941,125872
260274,262716,268769,273837,251975
148926,158798,179757
145947,173755,250903
161444,191571,162221,288017
215779,264455,215190
128425,293291,195274,205727,141091,261701
172564,194387,200415,176116
167375,156372,217043,217153,218339
128425,293291,195274,205727,141091,261701
260274,262716,232132,273837,251975
121731,248123,143683
262716,232132,268769,273837,251975
152336,193021,214831,154895,197392,221266
288244,268319,281565,275753,286164
142956,205401,170063,217440,184081,159380
118737,148926,158798
161859,228452,137239,211430,183697
178564,150085,155090
193573,158967,243461,190374,172564,194387,200415,176116
137239,211430,183697,130998
205731,144254,189485
256138,235219,143586
231716,191661,141120,198161
293291,195274,261701
266011,264966,268762
231716,191661,180069
137961,225054,256569
234789,193573,158967,243461,190374
264460,199585,207746,250985
164582,158590,286551,188783
266011,264455,215190,264966,268762
158967,243461,190374,172564
234789,158967,243461,172564
128425,293291,199517
193061,147807,123204
197715,126564,225543
249368,135342,227820,126881,221859
193573,190374,194387,200415,176116
219797,195034,136064
168448,166230,206740,140513
152336,193021,214831,154895,197392,221266
142956,205401,170063,184081
262270,204221,180854
248123,143683,253948,246659
184753,176658,180097
158590,286551,117784
229619,146423,234789
161859,228452,137239,211430,183697
293291,195274,261701
208764,148075,194062
143457,158707,134131,194830
214810,143457,241115,134131
195459,271207,174223,150953,248747
259592,195760,260834
152806,168320,229103
290149,264573,271659
221463,237311,193458
204603,147601,250486
202937,205549,120006
193573,190374,194387,200415,176116
260274,262716,232132,268769,273837,251975
215779,266011,264455,215190,264966,268762
176453,198407,210650
231716,191661,198161
144254,189485,140140,139674
188975,220419,131986,239746,225862,164965,160832
193573,158967,243461,190374,172564,194387,200415,176116
152806,229103,226179,148969
221266,212489,137656
149278,137961,152674,234066,186840
212021,173115,287610
132149,136530,126028
193573,158967,243461,190374,172564,194387,200415,176116
268769,273837,251975
242240,227055,154943
140324,203978,256778
161859,228452,137239,211430,183697,130998
191879,221463,237311
267233,131467,279806,270099
172038,195760,260834
152806,168320,229103,226179,148969
168448,166230,140513
208539,191721,204231
257183,145565,214486,224894
247717,130005,120496
131467,279806,270099
192713,246758,208507
251140,153587,215772
211941,242240,227055,154943,125872,218072
276742,226400,211941,242240,227055
190374,172564,194387,200415,176116
217140,222432,214151
143457,241115,134131,194830
219547,161444,270034
200559,202937,205549
224084,204603,147601
290149,270031,163250,271659
170623,214917,134556
215779,266011,264455,215190
211941,242240,125872,218072
145947,173755,250903,128792
194062,234232,237608
265294,244720,171629
150444,143396,205731
193061,147807,123204
260519,264037,267243
234789,193573,158967,243461,190374,194387,200415
219147,235690,160851
150085,155090,146966
161444,191571,162221
286551,117784,241286
215779,264455,215190,264966
225054,256569,233215,234066
137937,174223,150953
146423,234789,193573,243461
160404,208356,197098,208928
191879,221463,237311,193458
152336,193021,214831,154895,197392,221266
149278,225054,152674,233215,234066,186840
231248,277326,203655,179933
214345,162966,163018
148926,153379,158798,179757,170295
170623,214917,134556
214227,189192,209497
152336,193021,214831,154895,197392,221266
208764,148075,194062
253177,119659,247701
228452,211430,183697,130998
291928,249368,227820
195274,205727,141091,261701
250922,243032,288718,286140
149278,137961,225054,256569,234066,186840
152674,233215,234066,186840
152336,193021,214831,197392,221266
117675,197149,146620
252676,160253,131847
199585,207746,250985
234789,193573,158967
203455,209819,193759,169228,152170
249368,227820,126881,221859
214810,143457,241115,134131,194830
203244,264460,199585,207746
225862,164965,160832,118639
262716,232132,273837,251975
277301,236040,280248,187965
214831,154895,197392,221266,212489
141091,261701,205186
268319,281565,275753,286164
165170,196215,128106
217140,222432,214151
277301,236040,280248,187965,186327
150444,143396,205731
172038,244729,259592,195760,260834
289096,290149,270031,163250
249368,135342,227820,126881,221859
172038,244729,259592,195760
219547,161444,270034
217274,154797,162639
128425,293291,195274
200559,202937,205549,120006
142493,143386,229619,146423
197715,219753,126564
227820,126881,221859,284623
167375,156372,217043,228478,217153,218339
156372,217153,218339
166230,146852,162792
228452,137239,211430,183697,130998
142956,205401,170063,217440,184081,159380
164582,158590,286551,117784
158159,243032,286140
145947,173755,250903,222262,118214,128792
267358,129317,126375
248680,240457,196563
168448,206740,140513
179802,208539,191721,204231
142493,143386,146423
193573,158967,190374,194387,200415,176116
242240,227055,154943,218072
277301,236040,280248,187965,186327
234789,193573,158967,243461
260274,268769,273837
291928,249368,135342,227820,126881
235648,256974,253697,228149
131544,181117,243044
157149,184379,159784
277301,236040,280248,187965,186327
188975,220419,131986,239746,225862,164965
226400,211941,242240,227055,154943,125872,218072
191571,162221,288017
158967,243461,190374,172564,194387,200415,176116
195459,271207,174223,150953,248747
293291,195274,205727,141091
214831,221266,212489
217043,228478,217153,218339
172038,259592,195760,260834
131544,181117,243044
130810,187780,264244
234789,193573,158967,243461,190374,172564,194387,200415
271207,150953,248747
172038,244729,195760
153379,158798,170295
219643,227693,136721
152336,193021,154895,197392
176453,198407,210650,166592
289096,290149,264573,271659
240033,267358,129317,126375
167375,217043,228478,217153,218339
225054,152674,233215,234066,186840
161859,228452,137239,211430,183697,130998
161859,228452,137239,211430,130998
146423,234789,193573,243461
276742,226400,211941,242240
243461,190374,172564,200415
175147,188052,163356
173755,250903,222262
244524,164149,193594
152336,193021,214831,154895,197392,221266
276742,226400,211941
234789,193573,158967,243461
219753,126564,225543
228452,183697,130998
264460,199585,207746,265935
253498,196563,120449
188975,220419,131986,239746,225862,164965,160832,118639
239746,225862,164965,118639
289096,290149,264573,270031,271659
184753,176658,244707
175147,188052,163356
215779,266011,264455,215190,264966,268762
228817,201316,152506
152336,154895,197392
150444,143396,205731
211941,242240,227055,154943,125872,218072
244524,164149,193594
225054,256569,233215,234066
227820,126881,221859,284623
261701,205186,155817
200559,205549,120006
172034,268849,201303
188975,220419,131986,225862,164965,160832
225054,256569,152674,233215,234066
205731,144254,189485
276742,226400,211941,242240,227055,125872
260274,262716,232132,268769,273837
145947,173755,250903,222262,128792
250922,158159,243032,288718,286140
271610,193959,158572
292507,185661,213110
149278,152674,234066,186840
152336,193021,154895
162103,121273,164333
179802,208539,204231
239746,225862,164965,118639
195459,271207,137937,174223,150953,248747
215779,266011,264455,215190,264966,268762
231248,277326,179933
149278,137961,225054,256569,186840
267358,129317,126375
214810,143457,158707
264460,199585,265935
228452,137239,211430,183697,130998
291928,249368,135342,227820,126881
144254,189485,140140
258349,238245,212016
142956,205401,170063
191661,141120,198161
214227,189192,209497
250922,158159,243032,288718,286140
241115,134131,194830
215795,203455,209819,193759,169228
193573,158967,243461,190374,172564,200415
214810,143457,158707,134131
250202,140324,203978,256778
161859,228452,137239,211430
264460,199585,207746,250985,265935,182479
131986,225862,164965,160832,118639
217274,154797,162639
148926,153379,158798,170295
152336,193021,214831
173645,130293,213998
208356,197098,208928
131986,225862,164965,160832,118639
212021,173115,262702,287610
286551,117784,241286
204277,257166,292699
262270,204221,180854
121731,253948,246659
152336,193021,214831,154895,197392
133027,205301,198068
193021,214831,197392,221266
118737,148926,153379
193573,158967,190374,194387,200415
170063,184081,159380
120363,266185,197263
220419,131986,225862,164965,160832,118639
184753,176658,244707,180097
267233,279806,270099
289096,290149,264573,270031
205727,141091,261701,205186
148926,158798,179757,170295
189485,140140,139674
188975,220419,239746,225862,164965,118639
164582,158590,286551,117784
120163,224032,202248
215795,209819,193759
276742,226400,211941,242240,125872
154943,125872,218072
167375,217043,217153,218339
293291,195274,205727,141091,261701
267233,131467,279806
231716,191661,141120,198161
193573,158967,243461,190374,172564,194387,200415,176116
137239,211430,130998
260274,262716,268769,273837,251975
250922,158159,243032,288718,286140
149278,137961,256569,234066,186840
231474,242137,150124
289096,290149,270031,163250,271659
289096,290149,264573,270031,163250,271659
149278,152674,186840
240033,267358,129317,126375
285461,117952,237937
286551,188783,241286
203151,241988,221208
121731,143683,253948
252676,160253,131847
154895,221266,137656
149278,137961,225054,256569,152674,233215,234066,186840
128425,293291,195274,205727,141091,261701
214810,143457,241115,134131,194830
291928,227820,221859
277326,203655,179933
184753,176658,244707,180097
137961,225054,256569,234066,186840
167375,156372,217043
288244,268319,281565,275753,286164
192309,205425,181313
267233,131467,279806,270099
238245,212016,257552
173755,250903,118214,128792
191879,221463,237311,193458
164330,158397,177452
152674,233215,234066,186840
231716,191661,141120,198161
172034,184433,268849
164965,160832,118639
130810,187780,264244
291928,249368,135342
171772,274853,198739
167375,156372,217043,217153
137961,225054,256569,233215,234066
152336,154895,197392,221266
188975,220419,131986,239746,225862,164965,160832,118639
188975,220419,239746
227055,154943,218072
215795,203455,209819,193759,169228,152170
131344,172890,173634
228452,211430,183697,130998
161859,137239,211430,183697,130998
215795,203455,169228,152170
195459,271207,137937,174223,150953,248747
152674,233215,234066,186840
220419,239746,225862,164965,160832,118639
268319,281565,286164
142956,205401,170063,217440,159380
220419,131986,225862
250922,243032,288718,286140
149278,137961,186840
215795,203455,209819,193759,169228
117952,237937,166295
292507,185661,213110
143386,229619,146423,234789
226400,211941,242240,227055,154943,125872
220419,131986,225862,164965,160832
274133,228817,201316,152506
203244,264460,199585
173645,130293,213998
126903,142907,172354
293291,195274,205727,141091,261701,205186
126903,142907,172354
228817,201316,152506
234789,193573,158967,243461,190374,172564,194387,200415
164582,158590,117784
211941,125872,218072
231474,242137,150124
226400,211941,242240,154943,125872,218072
234789,193573,158967,243461,190374,172564,194387,200415,176116
164582,158590,286551,117784
184433,268849,201303
231248,277326,203655
243802,223443,144488
291928,249368,135342,227820,126881
195274,205727,141091,261701,205186
161444,270034,191571,162221
278920,180736,293517
167375,156372,217043,217153,218339
193021,214831,197392,221266
148926,153379,158798,179757,170295
188975,220419,239746
145565,214486,224894,237432
293149,253486,243000
219147,235690,160851
260274,262716,232132,268769
219643,214431,136721
249368,135342,126881
211941,242240,227055
207746,250985,182479
178564,150085,155090,146966
142493,143386,229619
234789,193573,158967,243461,190374,172564
195459,271207,137937
149278,137961,225054,152674,233215,234066,186840
267233,131467,279806,270099
271207,137937,174223
160404,208356,197098
235648,256974,253697
211941,242240,227055,154943
193759,169228,152170
193021,214831,221266
266011,264455,215190,264966,268762
164582,158590,286551
121731,248123,143683,253948,246659
170063,217440,184081,159380
260274,262716,268769,273837
264455,215190,264966,268762
240033,267358,126375
133027,205301,198068
142493,143386,229619,146423,234789
118737,148926,153379,158798,179757,170295
216549,122630,253766
200559,202937,205549,120006
274133,228817,152506
286551,188783,241286
154028,125948,163762
193573,158967,194387
234789,193573,158967,243461
176453,198407,210650,166592
195459,271207,150953,248747
214810,143457,241115,134131,194830
247189,130810,187780
227693,214431,136721
176901,213654,186248,137830
215779,266011,264455,215190,268762
225054,256569,152674,233215,234066,186840
236040,187965,186327
126302,249409,234302
142493,143386,146423,234789
164582,158590,117784
234789,193573,158967,243461,190374,194387
145947,173755,250903
149278,137961,225054,256569,234066,186840
292507,185661,213110
293291,195274,205727,141091,261701,205186
285461,117952,237937
118737,148926,153379,158798
251140,153587,215772
188975,220419,239746,225862,164965,160832,118639
145947,173755,250903,222262,118214,128792
288244,268319,281565,275753
252449,147372,135492
149278,152674,233215,234066,186840
219643,227693,214431,136721
188975,220419,131986,239746,225862,164965,160832,118639
135342,227820,126881,221859
253697,273517,228149
215772,166960,133725
179955,179172,174557
217043,228478,218339
208539,191721,204231
160404,208356,197098,208928
157149,184379,159784
120163,224032,202248
277301,236040,280248
128425,293291,195274,205727
214810,143457,158707,134131
289096,290149,264573,163250,271659
154895,197392,221266,137656
175147,188052,163356
215795,203455,209819,193759,169228
214810,241115,134131,194830
260274,262716,232132,268769,273837
236040,280248,187965
179802,208539,204231
234789,243461,172564
199585,207746,250985,265935,182479
198407,166592,181018
194387,200415,176116
195274,205727,141091,205186,155817
293291,195274,205727,261701
243461,172564,176116
250922,158159,243032,286140
124722,208764,148075
166230,146852,140513
131344,172890,173634
211941,242240,227055,154943,218072
219643,227693,214431,136721
247189,130810,187780,264244
214810,143457,241115
142956,205401,217440,159380
244729,259592,195760
118737,148926,153379,158798,179757
193573,194387,200415,176116
158967,243461,190374,172564,194387,200415,176116
172034,184433,268849
179782,224787,123505
215795,203455,209819
191661,141120,198161
167375,156372,217043,217153,218339
271207,174223,150953,248747
260274,262716,268769
195274,205727,141091,261701
290149,264573,271659
160404,208356,208928
227055,154943,125872,218072
147714,132149,136530,126028
193416,136049,153249
152336,193021,214831,154895,197392,221266
147714,132149,136530
178564,155090,146966
156372,217043,217153,218339
170063,217440,184081,159380
195459,271207,137937,174223,248747
123146,156552,220849
219147,235690,160851
167375,156372,217043,228478,217153,218339
149278,137961,225054,256569,152674,233215,234066,186840
170623,214917,134556
141091,205186,155817
214486,224894,237432
161859,228452,183697
278920,180736,293517
164582,158590,286551,188783
158085,133092,251254
137961,225054,256569,152674,233215,234066,186840
234789,193573,158967,243461,190374,172564,194387
205401,170063,217440,184081,159380
252449,147372,135492
253697,273517,228149
234789,193573,158967,243461,190374,172564
118737,148926,153379,158798
167375,156372,217043,217153
236040,280248,187965,186327
193416,136049,153249
159030,292255,164306
195459,271207,248747
214831,221266,212489
135872,175481,284844
120363,266185,197263
188975,220419,131986,239746
172038,259592,195760,260834
214810,143457,241115,134131
290149,264573,163250,271659
152806,168320,229103,226179
214831,197392,221266,212489
168448,206740,140513
188975,220419,239746,225862,164965,118639
176453,198407,210650,166592,181018
205401,170063,217440,184081,159380
195459,271207,137937,174223,248747
253498,196563,120449
212021,173115,262702
264460,207746,250985,265935,182479
277301,236040,280248,187965,186327
152336,193021,214831,154895,197392
131986,164965,160832,118639
145565,214486,224894
215795,203455,209819,193759,169228,152170
197715,219753,126564,225543
172038,244729,259592
173755,250903,222262,118214,128792
173115,262702,287610
234789,243461,172564
131986,225862,164965
264460,199585,207746,250985,265935,182479
145947,173755,250903,222262,118214
149278,137961,225054,256569,186840
215795,209819,193759,169228
195274,205727,141091,261701,205186
273691,144221,241202
215795,203455,209819,193759,169228,152170
210650,166592,181018
161859,137239,211430,130998
121731,143683,253948,246659
168448,206740,140513
141091,261701,205186,155817
265294,244720,171629
157149,184379,159784
220854,228592,162949
178564,150085,155090,146966
117952,237937,166295
204277,257166,292699
145947,173755,250903,222262,118214,128792
167375,217043,228478,217153,218339
219643,227693,214431,136721
195459,271207,137937,174223,150953,248747
147714,132149,126028
128425,293291,195274,205727,199517
226400,211941,242240,227055,154943,125872
214831,197392,221266,212489
143074,163549,238142
291928,249368,135342,227820,126881,221859
121731,253948,246659
227820,126881,221859
128425,293291,195274,205727,141091,199517
193573,190374,194387,200415,176116
215779,266011,264455,215190,264966
195459,271207,137937,174223,150953
271610,193959,158572
149278,137961,225054,256569,152674,233215,234066,186840
172034,184433,268849,201303
215779,266011,268762
144254,189485,140140,139674
144254,189485,140140,139674
158590,286551,117784
266011,215190,264966,268762
220419,239746,225862,118639
119448,162822,173071
211941,242240,154943,125872,218072
173755,250903,222262,118214,128792
212021,173115,262702,287610
236040,280248,187965,186327
264460,207746,250985,265935
235648,256974,253697,273517,228149
156372,217043,217153,218339
149278,137961,225054,256569,233215,234066,186840
288244,268319,281565
214486,224894,237432
208774,256138,235219
253498,196563,120449
214810,241115,134131
121731,143683,253948,246659
215795,203455,209819,193759,169228
131344,172890,173634
176658,244707,180097
136848,126302,249409
150444,205731,144254,189485
220419,131986,239746,225862,164965,160832,118639
290149,264573,270031,163250,271659
249368,135342,126881,221859
260274,262716,232132,273837,251975
220854,228592,162949
203244,264460,199585,207746
158590,286551,188783
136411,145947,173755
193416,136049,153249
205727,141091,261701,205186,155817
215779,266011,264455,268762
203455,169228,152170
168320,229103,226179
276742,226400,211941,242240,125872
215779,266011,264455,215190,268762
203455,209819,193759,169228,152170
289096,290149,270031,163250
152336,193021,214831,197392,221266
232132,273837,251975
215795,203455,152170
191171,221927,215703
193573,158967,243461,190374,194387
215795,203455,193759,169228,152170
185251,120163,224032
168448,206740,176551
124722,208764,148075
161444,191571,162221,288017
195274,205727,141091,261701,205186,155817
188975,220419,131986,225862,164965,160832,118639
271207,137937,174223,150953
264460,207746,250985,265935,182479
173755,250903,128792
240457,196563,120449
277301,236040,280248,187965,186327
226400,211941,242240,154943,125872
136848,126302,249409,234302
205727,141091,261701,205186,155817
231474,242137,150124
227820,221859,284623
145947,173755,250903,222262,128792
290149,270031,163250,271659
213654,186248,137830
239746,164965,118639
205727,141091,205186
268319,281565,275753,286164
195459,271207,137937,248747
149278,137961,152674,234066,186840
194062,234232,237608
173115,262702,287610
214345,162966,163018
158798,179757,170295
247189,130810,187780
143386,229619,146423,234789
199585,207746,250985,182479
260274,262716,232132,268769,273837,251975
148926,153379,158798,179757,170295
133027,205301,198068
293291,195274,205727,141091,261701
235648,256974,253697,273517,228149
250202,140324,203978
149278,137961,152674,233215,234066,186840
203455,193759,169228,152170
215779,264455,215190
214810,143457,158707,134131,194830
153379,158798,179757,170295
235648,256974,253697
128425,293291,195274,199517
168448,166230,140513
174223,150953,248747
144254,189485,140140,139674
289096,270031,163250
176453,198407,166592
212021,173115,262702
248680,240457,196563
219643,227693,214431
276742,226400,211941,242240,227055,125872
178564,150085,155090,146966
248123,143683,253948
149278,137961,256569
268319,281565,275753,286164
234789,193573,158967,243461,190374,172564,194387,200415,176116
250922,158159,243032
256974,253697,273517,228149
215779,266011,264455,215190,264966,268762
193573,158967,243461,190374,194387,200415
226400,211941,242240
172038,244729,259592,195760,260834
250903,222262,118214
260274,268769,273837,251975
192309,205425,181313
144130,170037,154778
176901,213654,186248,137830
193573,158967,243461,190374,172564,200415,176116
220419,239746,225862,164965,160832,118639
226400,211941,242240,227055,154943
131544,181117,243044
149278,137961,225054,256569,152674,233215,234066,186840
176901,213654,137830
211941,154943,125872,218072
158590,286551,188783
209819,193759,169228,152170
264460,199585,207746,250985,182479
161444,270034,191571,162221
238245,212016,257552
168448,206740,176551
212021,173115,262702,287610
231716,191661,141120
215779,266011,264455,268762
154895,197392,137656
217043,228478,218339
179802,208539,191721
291928,249368,135342,227820,126881,221859
136848,126302,249409,234302
158159,243032,288718,286140
152336,214831,154895,197392,221266
154895,197392,221266,212489,137656
256138,235219,143586
191171,221927,215703
158967,190374,172564,194387,200415,176116
136848,249409,234302
250922,158159,243032
162103,121273,164333
121731,248123,143683,253948,246659
193573,158967,190374,194387,200415,176116
258349,238245,212016
228164,155077,139778
253177,119659,247701
153379,158798,170295
214831,154895,197392,221266,212489
167375,156372,217043,217153
184753,176658,244707
205590,209956,141150
176901,213654,186248
161444,191571,162221
250202,140324,203978,256778
146423,234789,193573,243461
121731,248123,143683,253948,246659
131986,164965,160832
136411,145947,173755
225054,256569,233215
193573,194387,176116
220419,239746,225862,164965,118639
145565,214486,224894,237432
185942,235248,250726
257183,145565,214486,224894
150444,205731,144254,189485
195274,205727,141091,205186
173755,250903,128792
166230,146852,140513
208764,148075,194062
188975,220419,131986
205590,209956,141150
206642,184065,191211
142956,217440,159380
160404,208356,197098
143457,134131,194830
234789,158967,243461,172564
194062,234232,237608
264460,265935,182479
200559,202937,205549,120006
264460,199585,207746
291928,249368,227820,126881,221859
167375,217043,217153,218339
264460,199585,207746,250985,265935
276366,162966,163018
197715,219753,126564,225543
121731,248123,143683,253948
289096,290149,264573,270031,163250,271659
168448,166230,140513
167375,156372,217153
154028,125948,163762
161444,270034,191571
142956,205401,170063,217440
256974,253697,228149
256974,253697,273517,228149
205731,144254,189485
243802,223443,144488
137961,225054,256569,233215,234066,186840
193021,214831,154895,197392,221266
188975,220419,239746,225862,118639
145565,214486,224894,237432
117675,197149,146620
135872,175481,284844
179955,179172,174557
266011,264455,215190,268762
241115,134131,194830
264460,250985,265935,182479
239746,225862,164965,160832,118639
226400,211941,242240,227055,154943,125872
152806,168320,229103,226179
281565,275753,286164
226400,211941,242240
215772,166960,133725
142493,229619,146423
243032,288718,286140
173755,250903,222262,118214,128792
214831,154895,197392,221266,212489
215772,166960,133725
203151,241988,221208
142956,205401,170063,217440,184081,159380
158967,243461,190374,172564,200415
208774,256138,235219
137937,174223,150953,248747
274133,228817,201316,152506
192309,205425,181313
264460,250985,265935,182479
270031,163250,271659
217043,228478,217153,218339
147714,132149,136530
211941,242240,154943,125872,218072
143074,163549,238142
291928,249368,135342,227820,126881,221859
149278,137961,225054,256569,152674,233215,234066,186840
208356,197098,208928
173645,130293,213998
225054,152674,233215,234066
135342,126881,221859
274133,201316,152506
277326,203655,179933
195274,205727,141091,261701,205186,155817
260274,262716,232132,268769,273837,251975
146423,234789,193573
160404,208356,197098,208928
180567,157310,204082
143683,253948,246659
249368,135342,227820,126881,221859
158798,179757,170295
260274,262716,232132
276742,226400,211941,125872
176453,198407,210650,166592,181018
214810,143457,158707
150444,205731,144254
147714,132149,136530,126028
289096,290149,264573,270031,163250,271659
214810,143457,241115,134131,194830
215795,203455,209819,193759
158085,133092,251254
173755,250903,222262
225054,256569,152674,233215,234066,186840
188975,220419,131986,239746,225862,164965,160832,118639
264460,199585,207746,250985,265935,182479
264460,199585,207746,250985,265935
126903,142907,172354
130810,187780,264244
191879,221463,193458
249409,234302,222893
226400,211941,242240,227055,154943,125872,218072
188975,220419,131986,239746,225862,164965,160832,118639
264460,199585,207746,265935
234789,193573,158967,243461,172564
182355,144130,170037
142956,205401,170063,184081,159380
188975,220419,131986,225862
234789,193573,158967,243461,190374,172564,200415
193573,190374,194387,200415,176116
200559,205549,120006
118737,148926,153379
293291,195274,205727
291928,249368,135342,126881
232132,268769,273837,251975
257183,214486,224894
172034,184433,268849,201303
231716,191661,180069
121731,248123,143683
128425,293291,195274,199517
244729,259592,195760,260834
159030,292255,164306
231248,277326,203655,179933
215795,203455,193759,169228,152170
158967,243461,190374,172564,200415,176116
249409,234302,222893
152806,168320,229103,226179,148969
250903,118214,128792
280248,187965,186327
197715,219753,126564,225543
234789,193573,158967,243461,190374,172564,194387,200415
265294,244720,171629
243461,172564,194387,200415,176116
220419,131986,225862,164965,160832,118639
142493,143386,229619,146423
180567,157310,204082
289096,290149,264573
167375,217043,218339
128425,293291,195274
179782,224787,123505
278920,180736,293517
150444,205731,144254
217043,217153,218339
136848,126302,249409
198407,210650,166592,181018
234789,158967,243461,190374,172564
226400,211941,242240,125872
168448,206740,140513,176551
142493,143386,229619,146423,234789
289096,290149,264573,270031,163250
215779,264455,215190,264966,268762
131986,164965,160832
228452,137239,211430,183697
193573,158967,243461,190374
290149,163250,271659
225054,152674,233215
149278,137961,225054,256569
195459,271207,137937,174223,150953,248747
118737,148926,153379,158798,179757
264455,215190,264966
220419,131986,225862,164965
143386,146423,234789
262716,232132,251975
172038,244729,259592,195760
164965,160832,118639
161859,228452,137239
128425,293291,195274,205727,141091,261701
154895,197392,221266,137656