121283,124085,129906,131659,144283,145519,150417,152827,155931,166038,175863,176301,177105,201021,202029,219765,230652,261062,264867
121283,124085,129906,131659,144283,150417,152827,155931,166038,175863,176301,177105,201021,202029,219765,230652,261062,264867
120411,121283,124085,129906,131659,144283,145519,150417,151300,152827,155692,155931,156044,157951,166038,169936,172341,172393,175863,176301,176314,176475,177105,187694,189120,201021,202029,212760,217452,219632,219765,230652,261062,264867
121283,124085,129906,131659,144283,145519,150417,152827,155692,155931,156044,157951,166038,172341,175863,176301,177105,201021,202029,212760,219765,230652,261062,264867
121283,124085,129906,131659,144283,145519,150417,152827,155931,156044,166038,175863,176301,177105,201021,202029,212760,219765,230652,261062,264867
121283,124085,129906,131659,144283,145519,150417,152827,155692,155931,156044,157951,166038,175863,176301,177105,201021,202029,212760,219765,230652,261062,264867
121283,124085,129906,131659,144283,145519,150417,152827,155931,156044,166038,175863,176301,177105,201021,202029,212760,219765,230652,261062,264867
124085,129906,144283,150417,155931,166038,175863,176301,201021,202029,219765,261062,264867
120411,121283,122302,124085,125287,129906,131659,144283,145519,151300,152827,155692,155931,156044,157951,166038,169936,172341,172393,175863,176301,176314,176475,177105,187694,189120,201021,202029,212760,217452,219632,219765,230652,250916,260438,261062
121283,124085,129906,131659,144283,145519,150417,152827,155931,156044,157951,166038,175863,176301,177105,201021,202029,212760,219765,230652,261062,264867
121283,124085,129906,131659,144283,150417,152827,155692,155931,156044,157951,166038,175863,176301,177105,201021,202029,212760,219765,230652,261062,264867
121283,124085,129906,131659,144283,150417,152827,155931,156044,166038,175863,176301,177105,201021,202029,212760,219765,230652,261062,264867
120411,121283,122302,124085,125287,129906,131659,144283,145519,150417,151300,152827,155692,155931,156044,157951,166038,169936,172341,172393,175863,176301,176314,176475,177105,187694,189120,201021,202029,212760,217452,219632,219765,230652,250916,260438,261062
121283,124085,129906,131659,144283,150417,152827,155931,156044,166038,175863,176301,177105,201021,202029,219765,230652,261062,264867
120411,121283,122302,125287,129906,131659,144283,145519,151300,152827,155692,156044,157951,166038,169936,172341,172393,175863,176314,176475,177105,177723,187694,189120,201021,212760,217452,219632,219765,230652,250916,260438,261062
121283,124085,129906,131659,144283,145519,150417,152827,155931,156044,157951,166038,175863,176301,176314,177105,201021,202029,212760,219632,219765,230652,261062,264867
120411,121283,122302,125287,129906,131659,144283,145519,151300,152827,155692,156044,157951,166038,169936,172341,172393,175863,176314,176475,177105,187694,189120,201021,202029,212760,217452,219632,219765,230652,250916,260438,261062
121283,124085,129906,144283,150417,155931,166038,175863,176301,177105,201021,202029,219765,261062,264867
121283,124085,129906,131659,144283,145519,150417,152827,155931,156044,166038,175863,176301,176314,177105,201021,202029,212760,219765,230652,261062,264867
121283,124085,129906,131659,144283,145519,150417,152827,155692,155931,156044,157951,166038,172341,175863,176301,176314,177105,201021,202029,212760,219632,219765,230652,261062,264867
121283,124085,129906,144283,150417,152827,155931,156044,166038,175863,176301,177105,201021,202029,219765,230652,261062,264867
121283,124085,129906,131659,144283,145519,150417,152827,155692,155931,156044,157951,166038,172341,175863,176301,176314,177105,201021,202029,212760,219632,219765,230652,261062,264867
120411,121283,122302,125287,129906,131659,144283,145519,151300,152827,155692,155931,156044,157951,166038,169936,172341,172393,175863,176314,176475,177105,187694,189120,201021,202029,212760,217452,219632,219765,230652,250916,260438,261062
121283,124085,129906,131659,144283,145519,150417,152827,155692,155931,156044,157951,166038,172341,175863,176301,176314,177105,201021,202029,212760,219765,230652,261062,264867
121283,124085,129906,131659,144283,145519,150417,152827,155692,155931,156044,157951,166038,175863,176301,176314,177105,201021,202029,212760,219632,219765,230652,261062,264867
121283,124085,129906,144283,150417,155931,156044,166038,175863,176301,177105,201021,202029,212760,219765,230652,261062,264867
121283,124085,129906,131659,144283,145519,150417,152827,155931,156044,157951,166038,175863,176301,176314,177105,201021,202029,212760,219765,230652,261062,264867
121283,124085,129906,131659,144283,145519,150417,152827,155931,156044,166038,175863,176301,177105,201021,202029,219765,230652,261062,264867
121283,124085,129906,131659,144283,150417,152827,155931,156044,157951,166038,175863,176301,177105,201021,202029,212760,219765,230652,261062,264867
121283,124085,129906,131659,144283,145519,150417,152827,155692,155931,156044,157951,166038,172341,175863,176301,176314,177105,201021,202029,212760,217452,219632,219765,230652,261062,264867
120411,121283,122302,124085,125287,129906,131659,144283,145519,151300,152827,155692,155931,156044,157951,166038,169936,172341,172393,175863,176314,176475,177105,187694,189120,201021,202029,212760,217452,219632,219765,230652,250916,260438,261062
120411,121283,124085,125287,129906,131659,144283,145519,150417,151300,152827,155692,155931,156044,157951,166038,169936,172341,172393,175863,176301,176314,176475,177105,187694,189120,201021,202029,212760,217452,219632,219765,230652,250916,261062,264867
120411,121283,122302,125287,129906,131659,145519,151300,152827,155692,156044,157951,166038,169936,172341,172393,175863,176314,176475,177105,177723,187694,189120,201021,202029,212760,217452,219632,219765,230652,250916,260438,261062
121283,124085,129906,144283,150417,152827,155931,156044,166038,175863,176301,177105,201021,202029,212760,219765,230652,261062,264867
121283,124085,129906,131659,144283,145519,150417,152827,155931,156044,166038,175863,176301,176314,177105,201021,202029,212760,219765,230652,261062,264867
120411,121283,124085,129906,131659,144283,145519,150417,152827,155692,155931,156044,157951,166038,172341,175863,176301,176314,177105,201021,202029,212760,217452,219632,219765,230652,261062,264867
121283,124085,129906,131659,144283,145519,150417,152827,155692,155931,156044,157951,166038,175863,176301,176314,177105,201021,202029,212760,219765,230652,261062,264867
121283,124085,129906,144283,150417,155931,166038,175863,176301,177105,201021,202029,261062,264867
121283,124085,129906,144283,150417,152827,155931,156044,166038,175863,176301,177105,201021,202029,219765,261062,264867
120411,121283,122302,124085,125287,129906,131659,144283,145519,151300,152827,155692,155931,156044,157951,166038,169936,172341,172393,175863,176314,176475,177105,187694,189120,201021,202029,212760,217452,219632,219765,230652,250916,260438,261062
120411,121283,122302,125287,129906,131659,144283,145519,151300,152827,155692,155931,156044,157951,166038,169936,172341,172393,175863,176314,176475,177105,187694,189120,201021,202029,212760,217452,219632,219765,230652,250916,260438,261062
121283,124085,129906,144283,150417,155931,166038,175863,176301,201021,202029,219765,261062,264867
121283,124085,129906,144283,150417,155931,166038,175863,176301,201021,202029,219765,261062,264867
121283,124085,129906,144283,150417,152827,155931,156044,166038,175863,176301,177105,201021,202029,219765,230652,261062,264867
