155109,162855,168990,171883,174474,192018,196040,199349,204524,215063,223712,241330,286770
159907,167960,173114,183714,186306,187150,197362,206106,206790,208445,210837,222697,226099,227491,228872,231840,235198,242807,244195,244414,248006,257070
159907,167960,173114,183714,186306,187150,195264,197362,206106,208445,210837,222697,226099,231840,235198,242856,244414,248006
117929,134261,148383,151872,157567,169122,178143,179742,187461,191638,200916,216481,224507,239214,240323
117929,148383,151872,157567,169122,179742,187461,200916,216481,216619,224507,239214,240323
145502,147528,150688,157748,169732,182103,184181,188090,208825,213669,213906,242310
120791,135099,135276,140579,142838,143066,145837,152680,157106,157293,172965,175662,177945,180546,186080,186540,192232,205077,212871,230464
133531,173114,182121,191133,201586,201758,206790,213734,226099,227491,242807,244195,244414,248006,257070
159907,167960,171699,186408,194095,195264,202077,206106,208445,217454,222697,231840,235198,242856
145502,147528,148854,150688,157748,169732,182103,183318,184181,188090,213669,216150,242310
133531,173114,183714,187150,191133,197362,201586,201758,206106,206790,210837,213734,222697,226099,227491,242807,244414,248006,257070
120791,135099,135276,142162,143066,152680,157106,157293,172965,175662,177945,180546,186080,186540,205077,212871,219314,225453
121160,129308,130348,136891,140211,145615,156800,157893,177385,181656,189017,193756,247063
120791,135099,135276,142162,152680,157106,157293,172965,175662,177945,180546,186080,186540,205077,212871
120791,135099,135276,142162,142838,143066,152680,157106,157293,172965,175662,177945,180546,186080,186540,199770,205077,212871
137626,167960,173114,183714,186306,197362,208445,210837,222697,226099,228872,235198,242807,244195,248006
135163,145502,145556,147292,148854,157748,182103,183318,184181,200507,209696,210473,216150,226510,226630,233423,237384,242310,248685,262421
122302,125287,151300,155692,156044,157951,169936,172341,172393,187694,212760,217452
137947,144229,146914,176033,176355,179447,182945,194152,237400,255757,256230,291184
125035,135099,135276,140579,142838,143066,145837,172965,175662,177945,180546,186540,192232,206347,212871,230464
120411,122302,125287,151300,156044,157951,169936,172341,172393,176475,187694,189120,212760,217452,230652,250916
120791,135099,135276,143066,157106,172965,175662,177945,180546,199770,212871,214789,219314,225453,229644
135163,145502,145556,147292,148854,150688,157748,164417,169732,182103,183318,184181,200507,210473,216150,226510,226630,233423,237384,242310,248685,262421
117812,126327,134285,166706,166906,179246,180763,189140,190631,192623,203138,219424
145556,147292,152499,183318,184181,192736,200507,209696,210473,226510,226630,233423,237384
120791,135099,135276,140579,145837,152680,157293,175662,177945,186540,192232,206347
121160,129308,130348,136891,140211,145615,156800,157893,177385,181656,193756,247063
135163,145502,145556,147292,148854,152499,164417,182103,183318,200507,210473,213669,216150,226510,226630,233423,237384,248685,262421
135163,138795,145556,152499,164417,200507,209696,210473,226510,226630,237384,248685
133531,173114,183714,186306,187150,191133,197362,201758,206106,206790,210837,213734,222697,226099,227491,228872,242807,244195,244414,248006,257070
159907,167960,173114,183714,186306,187150,195264,197362,206106,208445,210837,222697,226099,231840,235198,242807,242856,244414,248006
124176,139621,156927,185694,186684,198054,202544,203374,203664,227463,232460,234431,236366
138795,145556,152499,164417,192736,200507,209696,210473,219737,226510,226630,237384,248685
124176,139621,156927,169674,185694,186684,198054,202544,203664,225155,227463,229526,232460,236366,243925,257826
159907,167960,171699,186306,186408,187150,194095,195264,202077,206106,208445,217454,222697,231840,235198,242856
135163,145502,147292,148854,164417,182103,200507,208825,210473,213669,213906,216150,226630,248685,262421
117929,134261,136067,148383,151872,157567,169122,178143,179742,187461,191638,200916,216481,216619,224507,239214,240323
120791,135099,135276,140579,142838,143066,157106,157293,172965,175662,177945,180546,192232,199770,205077,212871
167960,173114,183714,186306,187150,197362,206106,206790,208445,210837,222697,226099,227491,228872,231840,235198,242807,244195,244414,248006,257070
135163,138795,145556,147292,152499,164417,192736,197835,200507,209696,210473,219737,226510,226630,233423,237384,248685
159907,167960,171699,186306,187150,195264,197362,202077,206106,208445,222697,231840,235198,242856
135163,148854,164417,182103,188090,208825,210473,213669,213906,216150,248685,262421
117929,134261,136067,148383,151872,157567,169122,178143,179742,187461,191638,200916,216481,224507,239214,240323
135163,145502,147292,147528,148854,150688,157748,169732,182103,183318,184181,188090,208825,213669,213906,216150,242310,262421
138795,145556,148440,152499,187645,192736,197835,200507,209696,219737,226510,226630,237384,248685
135163,138795,145502,145556,147292,148854,152499,164417,183318,200507,209696,210473,216150,226510,226630,233423,237384,248685,262421
124176,139621,156927,169674,185694,186684,198054,202544,203374,203664,225155,227463,229526,232460,236366,243925,257826
159907,167960,171699,186306,186408,194095,195264,202077,208445,217454,231840,235198,242856
137947,144229,146145,146914,176033,179404,179447,182945,194152,194546,255757,256230
121160,129308,136891,140211,145615,155700,157893,176749,177385,182972,189017,247063
137626,167960,173114,183714,186306,197362,208445,210837,226099,227491,228872,242807,244195,244414,248006
133531,173114,182121,191133,201586,201758,206790,213734,226099,227491,242807,244195,244414,248006,249602,257070
135163,145502,147528,148854,150688,157748,169732,182103,183318,184181,188090,208825,213669,213906,216150,242310,262421
120791,135099,135276,142838,143066,157106,157293,172965,175662,177945,180546,192232,199770,205077,212871,225453
135163,145502,147292,147528,148854,157748,164417,182103,183318,184181,188090,200507,208825,210473,213669,213906,216150,233423,242310,248685,262421
135163,145502,147292,147528,148854,150688,157748,164417,182103,183318,184181,188090,200507,208825,210473,213669,213906,216150,233423,242310,248685,262421
135163,145502,147292,147528,148854,150688,157748,169732,182103,183318,184181,200507,210473,213669,216150,226510,226630,233423,242310,262421
124176,139621,156927,169674,185694,186684,198054,203374,203664,225155,227463,232460,236366,243925,257826
135163,147528,148854,150688,164417,182103,188090,208825,210473,213669,213906,216150,242310,262421
133531,159907,173114,183714,186306,187150,191133,197362,201758,206106,206790,208445,210837,213734,222697,226099,227491,231840,235198,242807,244414,248006
135163,138795,145556,147292,152499,164417,183318,184181,192736,197835,200507,209696,210473,219737,226510,226630,233423,237384,248685,262421
137947,144229,146145,146914,176033,176355,179404,179447,182945,194152,237400,255757,256230,291184
133531,159907,173114,186306,187150,191133,197362,201758,206106,210837,213734,222697,231840,235198,244414,248006
137626,167960,173114,183714,186306,197362,208445,210837,222697,226099,227491,228872,235198,242807,244195,244414,248006
121160,129308,130348,136891,145615,156800,157893,177385,181656,182972,189017,193756,247063
120791,135099,135276,140579,143066,145837,152680,157106,157293,172965,175662,177945,180546,186080,186540,192232,205077,212871
159907,167960,173114,183714,186306,187150,195264,197362,201758,206106,208445,210837,222697,226099,227491,231840,235198,242807,244414,248006
173114,182121,183714,186306,187150,191133,197362,201758,206790,208445,210837,222697,226099,227491,228872,242807,244195,244414,248006,257070
159907,167960,173114,183714,186306,187150,195264,197362,206106,208445,210837,222697,231840,235198,242856,244414,248006
133531,173114,187150,191133,197362,201586,201758,206790,210837,213734,226099,227491,244414,248006
133531,173114,182121,183714,187150,191133,197362,201586,201758,206790,210837,213734,226099,227491,228872,242807,244195,244414,248006,257070
135163,145502,147292,148854,152499,164417,182103,183318,184181,200507,210473,213669,216150,226510,226630,233423,237384,242310,248685,262421
120791,135276,140579,142838,143066,145837,157106,172965,175662,177945,180546,192232,206347,212871,214789,230464
137947,144229,146145,146914,176033,179404,179447,194152,194546,255757,256230,291184
135163,145502,145556,147292,148854,152499,157748,164417,182103,183318,184181,200507,210473,213669,216150,226510,226630,233423,237384,242310,248685,262421
135163,145502,147292,148854,157748,164417,182103,183318,184181,188090,200507,208825,210473,213669,213906,216150,226510,226630,233423,237384,242310,248685,262421
120791,125035,135099,135276,140579,142838,143066,145837,172965,175662,177945,186540,192232,206347,212871,230464
120791,125035,135099,135276,140579,142838,143066,145837,157106,172965,175662,177945,180546,192232,206347,212871,230464
121160,129308,130348,136891,140211,145615,155700,157893,176749,177385,181656,193756,247063
138795,145556,147292,152499,183318,192736,197835,200507,209696,210473,219737,226510,226630,233423,237384,248685
135163,145502,147292,147528,148854,157748,164417,182103,183318,184181,188090,200507,208825,210473,213669,213906,216150,226510,226630,233423,237384,242310,248685,262421
120411,151300,155692,156044,157951,169936,172341,172393,176475,187694,189120,212760,217452,219765,230652
133531,173114,182121,183714,191133,201586,201758,206790,210837,213734,226099,227491,228872,242807,244195,244414,248006,257070
135163,145502,145556,147292,147528,148854,150688,157748,164417,169732,182103,183318,184181,200507,210473,213669,216150,226510,226630,233423,237384,242310,248685,262421
167960,183714,186306,187150,195264,197362,208445,210837,222697,228872,231840,235198,242807
128876,142698,149537,176979,185443,202489,206770,209735,211873,215428,219114,227190
125035,135276,140579,142838,143066,145837,172965,175662,180546,192232,206347,212871,214789,230464
138261,153923,168742,183180,191110,192731,193276,195424,198846,203007,210912,275969
124176,139621,156927,169674,185694,186684,198054,202544,203374,203664,227463,229526,232460,234431,236366,257826
124176,139621,156927,169674,185694,186684,203374,203664,227463,232460,236366,243925,257826
120791,125035,135099,135276,140579,142838,143066,145837,172965,175662,177945,180546,192232,206347,212871,230464
135163,145502,145556,147292,148854,157748,182103,183318,184181,200507,209696,210473,216150,226510,226630,233423,237384,242310,262421
133531,173114,183714,187150,191133,197362,201758,206106,206790,210837,213734,222697,226099,227491,231840,242807,244414,248006
133531,173114,183714,187150,191133,197362,201758,206106,206790,210837,213734,222697,226099,227491,242807,244414,248006,257070
137947,144229,146914,176033,176355,179404,179447,182945,194152,194546,255757,256230
173114,182121,191133,201586,201758,206790,213734,226099,227491,244195,244414,248006,257070
159907,167960,173114,183714,186306,187150,195264,197362,206106,206790,208445,210837,222697,226099,227491,228872,231840,235198,242807,244195,244414,248006,257070
135163,145502,147528,148854,150688,157748,169732,182103,184181,188090,208825,213669,213906,216150,242310,262421
135163,145502,145556,147292,148854,150688,152499,157748,164417,169732,182103,183318,184181,200507,209696,210473,216150,226510,226630,233423,237384,242310,248685,262421
145502,147528,148854,150688,157748,169732,182103,184181,188090,208825,213669,213906,216150,242310
135163,145502,145556,147292,148854,152499,157748,182103,183318,184181,200507,209696,210473,216150,226510,226630,233423,237384,242310,248685,262421
120791,135099,135276,142162,143066,152680,157106,157293,172965,175662,177945,180546,186080,186540,199770,205077,212871,225453
120791,125035,135099,135276,140579,142838,143066,145837,152680,172965,175662,177945,186540,192232,206347,230464
141693,164910,175597,201799,225695,228431,238112,238729,240706,240996,242607,242909
182121,183714,206790,210837,226099,227491,228872,242807,244195,244414,248006,257070
138795,145556,147292,152499,183318,184181,192736,200507,209696,210473,226510,226630,233423,237384,262421
138795,145556,152499,164417,187645,192736,200507,209696,219737,226510,226630,237384,248685
120791,135099,135276,140579,143066,145837,152680,157106,157293,172965,175662,177945,186080,186540,205077,212871
135163,145502,145556,147292,147528,148854,150688,157748,164417,169732,182103,183318,184181,188090,200507,210473,213669,216150,226510,226630,233423,242310,248685,262421
135276,142838,143066,172965,175662,180546,192232,199770,212871,214789,225453,230464
120791,135276,140579,142838,143066,157106,172965,175662,177945,180546,192232,199770,212871,214789,230464
159907,167960,171699,186306,194095,195264,197362,202077,208445,222697,231840,235198,242856
137626,173114,183714,186306,197362,206790,208445,210837,222697,226099,227491,228872,242807,244195,244414,248006,257070
137626,173114,183714,186306,206790,208445,210837,226099,227491,228872,242807,244195,244414,248006,257070
173114,182121,183714,186306,187150,191133,197362,206790,208445,210837,222697,226099,227491,228872,242807,244195,244414,248006,257070
159907,167960,171699,186306,187150,194095,195264,197362,202077,206106,208445,217454,222697,231840,235198,242856
138795,145556,147292,152499,183318,184181,192736,200507,209696,210473,226510,226630,233423,237384
173114,182121,183714,186306,187150,197362,206790,208445,210837,226099,227491,228872,242807,244195,244414,248006,257070
133531,173114,183714,186306,187150,191133,197362,201758,206106,206790,208445,210837,222697,226099,227491,228872,231840,235198,242807,244195,244414,248006,257070
167960,173114,183714,186306,187150,195264,197362,208445,210837,222697,226099,228872,231840,235198,242807
120791,135276,140579,142838,143066,145837,172965,175662,177945,180546,192232,206347,212871,214789,230464
135163,145502,147292,147528,148854,150688,157748,164417,169732,182103,183318,184181,188090,200507,208825,210473,213669,213906,216150,226630,233423,242310,248685,262421
135163,138795,145502,145556,147292,152499,157748,164417,182103,183318,184181,200507,209696,210473,216150,226510,226630,233423,237384,248685,262421
138795,145556,148440,152499,187645,192736,200507,209696,219737,226510,226630,237384,248685
137626,167960,173114,183714,186306,197362,208445,210837,222697,226099,227491,228872,242807,244195,248006
137626,173114,183714,186306,197362,206790,208445,210837,226099,227491,228872,242807,244195,244414,248006,257070
117929,134261,148383,151872,157567,169122,179742,187461,191638,200916,216481,216619,224507,239214,240323
124277,141178,149064,152244,177944,178036,181734,239648,245843,249766,274371,279545
135163,138795,145502,145556,147292,148854,152499,164417,182103,183318,184181,200507,209696,210473,216150,226510,226630,233423,237384,248685,262421
120791,135099,135276,140579,142838,143066,157106,157293,172965,175662,177945,180546,186540,192232,199770,205077,212871
137947,144229,146914,176033,176355,179404,179447,182945,194152,237400,255757,256230
173114,182121,183714,186306,191133,197362,206790,210837,226099,227491,228872,242807,244195,244414,248006,257070
121160,129308,136891,140211,145615,155700,157893,176749,177385,182972,189017,193756,247063
120791,135099,135276,140579,142838,143066,157106,157293,172965,175662,177945,180546,186540,192232,199770,212871,230464
135163,145502,147292,148854,164417,182103,183318,184181,200507,208825,210473,213669,213906,216150,226510,226630,233423,237384,248685,262421
135163,145502,147292,147528,150688,157748,169732,182103,183318,184181,210473,216150,233423,242310,262421
121160,129308,130348,136891,140211,145615,155700,156800,157893,176749,177385,181656,182972,189017,193756,247063
129653,138795,148440,152499,187645,192736,197835,209696,219737,226510,226630,237384
159907,167960,173114,183714,186306,187150,195264,197362,206106,208445,210837,222697,231840,235198,242807,242856
121160,129308,130348,136891,140211,145615,155700,157893,176749,177385,182972,189017,193756,247063
135163,145502,147292,148854,152499,157748,164417,182103,183318,184181,188090,200507,208825,210473,213669,216150,226510,226630,233423,237384,242310,248685,262421
120411,151300,155692,156044,157951,169936,172341,172393,187694,212760,217452,219765,230652
117929,134261,148383,151872,157567,169122,179742,187461,200916,216481,216619,224507,239214,240323
135163,147528,148854,150688,157748,169732,182103,188090,208825,213669,213906,216150,242310
167960,173114,183714,186306,187150,197362,206790,208445,210837,222697,226099,227491,228872,235198,242807,244195,244414,248006
135163,138795,145502,145556,147292,152499,164417,183318,184181,192736,197835,200507,209696,210473,226510,226630,233423,237384,248685,262421
159907,173114,186306,187150,191133,195264,197362,201758,206106,208445,210837,222697,231840,235198,244414,248006
135163,145502,147292,148854,164417,182103,183318,200507,208825,210473,213669,213906,216150,226630,233423,248685,262421
135163,138795,145502,145556,147292,152499,182103,183318,184181,192736,200507,209696,210473,216150,226510,226630,233423,237384,248685,262421
137626,167960,173114,183714,186306,197362,206790,208445,210837,222697,226099,227491,228872,242807,244195,244414,248006,257070
120791,135099,135276,142838,143066,157106,157293,172965,175662,177945,180546,192232,199770,212871,225453,229644
135276,140579,142838,143066,157106,172965,175662,180546,192232,199770,212871,214789,230464
137626,173114,183714,186306,197362,206790,208445,210837,226099,227491,228872,242807,244195,244414,248006
135163,138795,145502,145556,147292,152499,183318,184181,192736,197835,200507,209696,210473,216150,226510,226630,233423,237384,248685,262421
138795,145556,147292,152499,183318,192736,197835,200507,209696,210473,226510,226630,233423,237384
135163,138795,145556,147292,152499,183318,192736,197835,200507,209696,210473,219737,226510,226630,233423,237384,248685,262421
135163,145502,147292,148854,157748,164417,182103,183318,184181,188090,200507,208825,210473,213669,213906,216150,226630,233423,242310,248685,262421
133531,173114,187150,191133,197362,201586,201758,206106,206790,210837,213734,226099,227491,242807,244414,248006,257070
120791,135099,142162,143066,157106,157293,172965,175662,177945,180546,186080,199770,205077,212871,219314,225453,229644
135163,145556,147292,148854,152499,164417,182103,200507,210473,216150,226510,226630,233423,237384,248685,262421
135163,138795,145556,147292,152499,164417,200507,209696,210473,226510,226630,233423,237384,248685
135163,138795,145502,145556,147292,148854,152499,164417,182103,183318,184181,200507,209696,210473,213669,216150,226510,226630,233423,237384,242310,248685,262421
159907,167960,173114,183714,186306,187150,195264,197362,201758,206106,206790,208445,210837,222697,226099,227491,228872,231840,235198,242807,244414,248006,257070
135163,145502,147292,147528,148854,150688,157748,164417,182103,183318,184181,188090,200507,208825,210473,213669,213906,216150,226510,226630,233423,237384,242310,248685,262421
120791,135099,135276,142838,143066,157106,157293,172965,175662,177945,180546,192232,199770,212871,214789,225453
138795,145556,152499,187645,192736,197835,200507,209696,219737,226510,226630,233423,237384
120791,135099,135276,143066,157106,157293,172965,175662,177945,180546,199770,212871,214789,225453,229644
117929,134261,136067,151872,157567,169122,178143,187461,191638,200916,216619,224507,239214
138795,145556,148440,152499,187645,192736,209696,219737,226510,226630,237384,248685
133531,173114,187150,191133,197362,201586,201758,206106,213734,226099,244414,248006
137403,146145,146914,149864,168122,169071,176033,179404,194152,194546,256230,291184
159907,167960,173114,183714,186306,187150,195264,197362,206106,206790,208445,210837,222697,226099,227491,228872,231840,235198,242807,244414,248006
124176,139621,156927,169674,185694,198054,202544,225155,229526,234431,243925,257826
135163,145502,147292,147528,148854,150688,157748,164417,169732,182103,183318,184181,188090,208825,210473,213669,213906,216150,233423,242310,262421
135163,145502,147292,148854,164417,182103,183318,188090,200507,208825,210473,213669,213906,216150,226630,233423,248685,262421
135163,138795,145502,145556,147292,152499,164417,182103,183318,184181,192736,200507,209696,210473,216150,226510,226630,233423,237384,248685,262421
135163,147528,148854,164417,182103,188090,208825,210473,213669,213906,216150,242310
122302,125287,151300,155692,156044,157951,172341,172393,187694,212760,217452,230652
135163,138795,145502,145556,147292,152499,164417,183318,184181,192736,197835,200507,209696,210473,216150,226510,226630,233423,237384,248685,262421
135163,138795,145556,147292,152499,164417,192736,200507,209696,210473,226510,226630,233423,237384,248685
120411,122302,125287,151300,157951,169936,172341,172393,176475,187694,189120,212760,217452,230652,250916
145502,147292,147528,148854,150688,157748,169732,182103,183318,184181,188090,213669,216150,242310,262421
173114,182121,183714,191133,197362,201758,206790,210837,226099,227491,228872,242807,244195,244414,248006,257070
135163,147292,148854,164417,182103,200507,210473,216150,226510,226630,237384,248685,262421
133531,173114,183714,186306,187150,191133,197362,201758,206106,206790,210837,213734,222697,226099,227491,231840,235198,242807,244414,248006
120791,135099,135276,140579,145837,152680,157106,157293,172965,175662,177945,186540,192232,206347
160047,173635,176457,215956,226260,226796,228180,228588,231289,239891,240612,242376,266191
120791,135099,135276,142162,152680,157106,157293,177945,180546,186080,205077,212871
159907,167960,186306,187150,194095,195264,197362,206106,208445,222697,231840,235198,242856
120791,142162,143066,157106,157293,172965,175662,180546,186080,199770,205077,212871,219314,225453,229644
138795,145556,147292,152499,183318,192736,197835,200507,209696,226510,226630,233423,237384
135163,145502,145556,147292,183318,184181,200507,209696,210473,216150,226510,226630,233423,237384,262421
135163,145502,145556,147292,148854,150688,157748,169732,182103,183318,184181,200507,210473,216150,226510,233423,242310,262421
120791,135099,142162,157106,157293,172965,175662,177945,180546,186080,205077,212871,219314
135163,145502,145556,147292,147528,148854,150688,157748,164417,169732,182103,183318,184181,200507,210473,213669,216150,226510,226630,233423,242310,248685,262421
133531,182121,191133,201586,201758,206790,213734,226099,227491,244414,248006,257070
120411,122302,125287,151300,155692,156044,157951,169936,172341,172393,176475,187694,212760,217452,230652
120791,135099,135276,142162,143066,157106,157293,172965,175662,177945,180546,199770,205077,212871,219314,225453,229644
133531,159907,173114,186306,187150,191133,197362,201758,206106,206790,210837,213734,222697,226099,231840,235198,244414,248006
135163,138795,145502,145556,147292,152499,183318,184181,192736,200507,209696,210473,226510,226630,233423,237384,248685,262421
135163,145502,145556,147292,148854,152499,157748,164417,182103,183318,184181,188090,200507,208825,210473,213669,216150,226510,226630,233423,237384,242310,248685,262421
135163,147292,148854,152499,164417,200507,210473,216150,226510,226630,233423,237384,248685,262421
159907,167960,173114,186306,187150,195264,197362,206106,208445,222697,231840,235198
135163,145502,145556,147292,152499,157748,182103,183318,184181,200507,209696,210473,216150,226510,226630,233423,237384,248685,262421
136736,138261,153923,183180,190558,191110,192731,195424,195790,198846,202599,203007,210912,275969
155109,162855,168990,171883,174474,192018,196040,199349,204524,215063,223712,241330
145502,147292,147528,150688,157748,169732,182103,183318,184181,216150,233423,242310,262421
135163,145502,147292,147528,148854,150688,157748,164417,182103,184181,188090,208825,210473,213669,213906,216150,242310,248685,262421
133531,173114,183714,186306,187150,191133,197362,201758,206106,206790,210837,213734,222697,226099,227491,231840,242807,244414,248006,257070
121160,129308,130348,136891,140211,145615,157893,176749,177385,181656,193756,247063
120791,135099,135276,140579,142838,143066,145837,152680,157106,157293,172965,175662,177945,180546,186080,186540,192232,205077,212871
133531,173114,182121,191133,201586,201758,206790,213734,226099,227491,244195,244414,248006,249602,257070
120791,135276,142838,143066,157106,172965,175662,177945,180546,192232,199770,212871,214789,225453,229644
135163,145502,147292,147528,148854,150688,157748,164417,169732,182103,183318,184181,188090,200507,208825,210473,213669,216150,233423,242310,248685,262421
135163,145556,147292,152499,164417,200507,210473,226510,226630,237384,248685,262421
135163,145502,147292,147528,148854,150688,157748,164417,182103,183318,184181,188090,200507,208825,210473,213669,213906,216150,226630,233423,242310,248685,262421
167960,183714,186306,197362,208445,210837,222697,226099,228872,231840,235198,242807
133531,173114,187150,191133,197362,201586,201758,206106,206790,210837,213734,226099,244414,248006
159907,171699,187150,194095,195264,197362,202077,206106,222697,231840,235198,242856
120791,135276,143066,157106,172965,175662,180546,199770,212871,214789,219314,225453,229644
135163,138795,145502,145556,147292,148854,152499,157748,164417,182103,183318,184181,200507,209696,210473,216150,226510,226630,233423,237384,242310,248685,262421
159907,167960,183714,186306,187150,195264,197362,208445,210837,222697,231840,235198
133531,159907,173114,186306,187150,191133,197362,201758,206106,208445,222697,231840,235198
120791,135099,135276,142162,143066,152680,157106,157293,172965,175662,177945,180546,186080,186540,199770,205077,212871,219314
137626,173114,182121,183714,186306,206790,210837,226099,227491,228872,242807,244195,244414,248006,257070
124176,139621,156927,169674,185694,186684,198054,202544,203664,225155,229526,234431,243925,257826
117929,134261,136067,148383,157567,169122,178143,187461,191638,200916,216619,224507,239214,240323
122302,125287,151300,155692,156044,157951,169936,172341,172393,176475,187694,212760,217452,230652
135163,145502,147292,147528,148854,150688,157748,164417,169732,182103,183318,184181,188090,200507,210473,213669,216150,226510,226630,233423,242310,248685,262421
159907,167960,173114,183714,186306,187150,195264,197362,201758,206106,206790,208445,210837,222697,226099,227491,228872,231840,235198,242807,244195,244414,248006,257070
133531,173114,183714,186306,187150,191133,197362,201758,206106,206790,210837,213734,222697,226099,227491,228872,231840,242807,244414,248006,257070
136736,153923,183180,191110,192731,195424,195790,198846,203007,210912,260668,275969
137626,167960,173114,183714,186306,197362,208445,210837,226099,227491,228872,242807,244195,248006
138795,145556,147292,152499,164417,183318,187645,192736,197835,200507,209696,210473,219737,226510,226630,233423,237384,248685
135163,145502,145556,147292,157748,169732,182103,183318,184181,200507,210473,216150,226510,233423,262421
138795,145556,147292,152499,183318,184181,192736,197835,200507,209696,210473,226510,226630,233423,237384,262421
135163,138795,145556,147292,152499,164417,183318,192736,200507,209696,210473,216150,226510,226630,233423,237384,248685,262421
138261,153923,168742,183180,191110,193276,195424,198846,203007,210912,260668,275969
133531,173114,183714,187150,191133,197362,201758,206106,206790,210837,213734,222697,226099,227491,228872,242807,244195,244414,248006,257070
173114,183714,186306,187150,191133,197362,201758,206106,206790,208445,210837,222697,226099,227491,228872,231840,242807,244195,244414,248006,257070
120411,122302,125287,151300,169936,172393,176475,187694,189120,217452,230652,250916
122302,125287,151300,155692,157951,169936,172341,172393,176475,187694,217452,250916
135163,145502,145556,147292,148854,150688,152499,157748,164417,169732,182103,183318,184181,200507,210473,213669,216150,226510,226630,233423,237384,242310,248685,262421
120791,135099,135276,140579,142838,143066,157106,157293,172965,175662,177945,180546,186540,192232,205077,212871,230464
135163,145502,147292,148854,152499,157748,164417,182103,183318,184181,200507,208825,210473,213669,216150,226510,226630,233423,237384,242310,248685,262421
159907,167960,173114,183714,186306,187150,195264,197362,206106,208445,210837,222697,231840,235198,242807
120791,135099,135276,140579,142162,142838,143066,145837,152680,157106,157293,172965,175662,177945,180546,186080,186540,192232,205077,206347,212871,230464
124176,139621,156927,169674,185694,186684,198054,202544,203664,227463,229526,234431,236366,257826
133531,173114,183714,186306,187150,191133,197362,201758,206106,206790,208445,210837,213734,222697,226099,227491,228872,231840,242807,244195,244414,248006,257070
159907,167960,173114,183714,186306,187150,195264,197362,206790,208445,210837,222697,226099,227491,228872,231840,235198,242807,244195,244414,248006
120791,135099,135276,140579,142838,143066,145837,152680,157106,157293,172965,175662,177945,186540,192232,205077,206347,212871,230464
120791,142162,143066,157106,157293,172965,175662,180546,186080,199770,205077,212871,219314,225453
138795,145556,148440,152499,187645,192736,197835,200507,209696,219737,226510,226630,237384,240583
135163,138795,145556,147292,152499,183318,184181,192736,197835,200507,209696,210473,226510,226630,233423,237384,248685,262421
122302,125287,151300,155692,156044,157951,169936,172341,172393,187694,212760,217452,230652
120791,135099,135276,142162,143066,152680,157106,157293,172965,175662,177945,180546,186080,205077,212871
137626,173114,183714,186306,197362,206790,208445,210837,222697,226099,227491,228872,242807,244195,244414,248006
159907,167960,173114,183714,186306,187150,191133,195264,197362,201758,206106,206790,208445,210837,222697,226099,227491,228872,231840,235198,242807,244195,244414,248006,257070
120791,135099,135276,142162,143066,152680,157106,157293,172965,175662,177945,180546,186540,199770,205077,212871,225453,229644
148413,150277,177662,216761,247590,249531,258199,261811,266061,267295,276184,279687
120791,135099,135276,142162,143066,152680,157106,157293,172965,175662,177945,180546,186080,205077,212871,219314,225453
119568,138261,153923,168742,183180,191110,193276,195424,198846,203007,210912,275969
159907,167960,173114,183714,186306,187150,195264,197362,206106,208445,210837,222697,226099,227491,228872,231840,235198,242807,244414,248006
159907,167960,173114,183714,186306,187150,195264,197362,208445,210837,222697,226099,227491,228872,231840,235198,242807,244414,248006
138795,145556,152499,164417,187645,192736,197835,200507,209696,219737,226510,226630,237384,248685
136736,153923,183180,190558,191110,192731,195424,195790,198846,202599,203007,210912
159907,167960,173114,183714,186306,187150,195264,197362,206106,208445,210837,222697,231840,235198,242856
120791,135099,135276,142162,142838,143066,152680,157106,157293,172965,175662,177945,180546,186080,186540,192232,205077,212871
120411,122302,125287,151300,155692,157951,169936,172341,172393,176475,187694,189120,212760,217452,230652,250916
133531,173114,182121,183714,191133,197362,201758,206790,210837,213734,226099,227491,228872,242807,244195,244414,248006,257070
120791,135099,135276,142838,143066,157106,172965,175662,177945,180546,192232,199770,212871,214789,225453,230464
120791,135099,135276,140579,142162,142838,143066,145837,152680,157106,157293,172965,175662,177945,180546,186080,186540,192232,205077,212871
124176,139621,156927,169674,185694,186684,198054,202544,203374,203664,227463,232460,234431,236366,257826
138795,145556,152499,164417,192736,197835,200507,209696,210473,219737,226510,226630,237384,248685
135163,145502,147292,148854,164417,182103,183318,184181,188090,200507,208825,210473,213669,213906,216150,226630,233423,242310,248685,262421
137947,144229,146145,146914,176033,176355,179404,179447,194152,194546,237400,255757,256230,291184
120791,135099,135276,142162,143066,157106,157293,172965,175662,177945,180546,186080,199770,205077,212871,219314,225453
133531,173114,182121,191133,201586,201758,206790,213734,244414,246790,249602,257070
120791,135099,135276,140579,142838,143066,145837,157106,157293,172965,175662,177945,180546,192232,206347,212871,230464
135276,140579,142838,143066,145837,157106,172965,175662,180546,192232,206347,212871,214789,230464
124176,139621,156927,169674,185694,186684,198054,202544,203664,225155,227463,229526,234431,236366,243925,257826
124176,139621,156927,169674,185694,202544,203664,225155,227463,229526,234431,243925,257826
145502,147528,148854,150688,157748,169732,182103,183318,184181,188090,208825,213669,213906,216150,242310,262421
133531,173114,191133,201586,201758,206790,213734,226099,227491,244414,248006,249602,257070
135447,163995,170850,182516,203217,203549,205703,215055,217338,243321,262007,273087
135163,145502,147292,147528,148854,150688,157748,169732,182103,183318,184181,188090,208825,210473,213669,213906,216150,233423,242310,262421
133531,173114,182121,191133,201586,201758,206790,213734,244414,248006,249602,257070
124176,139621,156927,169674,185694,186684,198054,202544,203374,203664,227463,232460,234431,236366,243925,257826
135163,138795,145556,147292,152499,164417,200507,210473,226510,226630,233423,237384,248685,262421
173114,182121,191133,201758,206790,210837,226099,227491,228872,242807,244195,244414,248006,257070
159907,167960,171699,186306,186408,187150,194095,195264,197362,202077,206106,208445,217454,222697,231840,235198,242856
121160,129308,130348,136891,145615,155700,156800,157893,176749,177385,181656,182972,189017,193756,247063
135163,145502,145556,147292,157748,182103,183318,184181,200507,210473,216150,226510,226630,233423,262421
133531,173114,183714,187150,191133,197362,201758,206106,206790,210837,213734,222697,226099,227491,228872,242807,244414,248006,257070
125035,135099,135276,140579,142838,143066,145837,152680,172965,175662,177945,186540,192232,206347,230464
120791,135099,135276,140579,145837,152680,157106,157293,172965,175662,177945,186080,186540,192232,205077,212871
138261,153923,168742,183180,191110,192731,193276,195424,195790,203007,210912,275969
138795,145556,152499,164417,187645,192736,197835,200507,209696,210473,219737,226510,226630,237384,248685
135163,145502,147292,148854,164417,182103,183318,200507,208825,210473,213669,216150,226510,226630,233423,237384,248685,262421
123750,161354,161479,164748,168692,172645,181225,198759,221941,258241,258732,262699
138795,145556,147292,152499,183318,187645,192736,197835,200507,209696,210473,219737,226510,226630,233423,237384,248685
137626,173114,182121,183714,191133,201758,206790,210837,226099,227491,228872,242807,244195,244414,248006,257070
137626,167960,173114,183714,186306,197362,206790,208445,210837,222697,226099,227491,228872,235198,242807,244195,244414,248006
159907,167960,173114,183714,186306,187150,195264,197362,208445,210837,222697,226099,227491,228872,231840,235198,242807,244195,244414,248006
135163,145502,145556,147292,147528,148854,150688,157748,164417,169732,182103,183318,184181,188090,200507,210473,213669,216150,226510,226630,233423,237384,242310,248685,262421
135163,138795,145502,145556,147292,152499,164417,183318,192736,197835,200507,209696,210473,216150,226510,226630,233423,237384,248685,262421
135276,142838,143066,157106,172965,175662,180546,192232,199770,212871,214789,225453,230464
135163,145502,147292,147528,148854,150688,157748,169732,182103,183318,184181,188090,208825,210473,213669,213906,216150,242310,262421
117812,126327,129662,166706,166906,179246,180763,189140,190631,192623,203138,219424
135163,145502,147292,148854,164417,182103,188090,200507,208825,210473,213669,213906,216150,248685,262421
135099,135276,140579,142838,145837,152680,175662,177945,186540,192232,206347,230464
120411,122302,125287,151300,157951,169936,172341,172393,176475,187694,189120,217452,230652,250916
117929,134261,136067,148383,151872,157567,169122,178143,179742,187461,191638,200916,216619,224507,239214,240323
135163,145502,147292,148854,152499,164417,182103,183318,200507,210473,213669,216150,226510,226630,233423,237384,248685,262421
120791,135099,135276,142162,143066,152680,157106,157293,172965,175662,177945,180546,186080,186540,205077,212871
159907,167960,173114,183714,186306,187150,191133,195264,197362,201758,206106,206790,208445,210837,222697,226099,227491,228872,231840,235198,242807,244414,248006
159907,167960,173114,183714,186306,187150,195264,197362,206106,208445,210837,222697,226099,228872,231840,235198,242807,244414,248006
138795,145556,148440,152499,187645,192736,197835,209696,219737,226510,237384,240583
138261,153923,168742,183180,191110,192731,193276,195424,195790,198846,203007,210912,275969
120411,122302,125287,151300,155692,156044,157951,169936,172341,172393,176475,187694,189120,212760,217452,230652,250916
120791,135099,135276,142162,152680,157106,157293,175662,177945,180546,186080,205077,212871
135163,147292,148854,152499,164417,200507,210473,226510,226630,233423,237384,248685,262421
159907,173114,183714,186306,187150,191133,195264,197362,201758,206106,208445,210837,222697,226099,231840,235198,242807,244414,248006
120835,124809,137774,151645,154566,160030,169450,183386,184427,194772,231674,238497
117929,148383,151872,157567,169122,179742,187461,191638,200916,216481,224507,239214,240323
125035,135099,135276,140579,142838,145837,152680,172965,175662,177945,186540,192232,206347,230464
133531,173114,183714,187150,191133,197362,201586,201758,206790,210837,213734,226099,227491,242807,244414,248006,257070
117929,134261,136067,148383,157567,169122,178143,179742,187461,191638,200916,216481,216619,224507,239214,240323
135163,138795,145502,145556,147292,152499,183318,184181,192736,200507,209696,210473,216150,226510,226630,233423,237384,262421
121160,129308,136891,140211,145615,155700,157893,176749,177385,182972,189017,193756
120791,135099,135276,140579,142162,143066,145837,152680,157106,157293,172965,175662,177945,180546,186080,186540,192232,205077,212871
135163,145502,145556,147292,147528,148854,150688,157748,164417,169732,182103,183318,184181,200507,210473,213669,216150,226510,226630,233423,242310,262421
135163,145502,145556,147292,157748,182103,183318,184181,200507,210473,216150,226510,233423,262421
119568,138261,153923,168742,183180,191110,193276,195424,198846,210912,260668,275969
120791,125035,135099,135276,140579,142838,143066,145837,152680,157106,172965,175662,177945,180546,186540,192232,206347,212871,230464
159907,167960,173114,186306,187150,195264,197362,201758,206106,208445,222697,231840,235198,244414
159907,167960,173114,183714,186306,187150,191133,197362,201758,206106,206790,208445,210837,222697,226099,227491,228872,231840,235198,242807,244195,244414,248006,257070
145502,147292,150688,157748,169732,182103,183318,184181,210473,216150,233423,242310,262421
135163,145502,147292,147528,148854,150688,157748,164417,182103,188090,208825,210473,213669,213906,216150,242310,248685,262421
159907,167960,173114,183714,186306,187150,195264,197362,206106,208445,210837,222697,226099,228872,231840,235198,242807,248006
135163,145502,145556,147292,148854,152499,157748,182103,183318,184181,200507,209696,210473,216150,226510,226630,233423,237384,262421
124176,139621,156927,169674,185694,186684,198054,202544,203664,227463,232460,234431,236366,257826
133531,159907,173114,186306,187150,191133,197362,201758,206106,222697,231840,235198
121160,129308,130348,136891,140211,145615,155700,157893,176749,177385,181656,182972,189017,193756,247063
120791,135099,135276,143066,157106,157293,172965,175662,177945,180546,199770,212871,219314,225453,229644
133531,173114,182121,191133,201586,201758,206790,213734,226099,227491,244414,248006,249602,257070
173114,182121,191133,201586,201758,206790,210837,226099,227491,228872,242807,244195,244414,248006,257070
135163,138795,145556,147292,152499,164417,192736,200507,209696,210473,219737,226510,226630,233423,237384,248685
135163,138795,145502,145556,147292,148854,152499,157748,164417,182103,183318,184181,200507,209696,210473,213669,216150,226510,226630,233423,237384,242310,248685,262421
167960,173114,183714,186306,187150,197362,208445,210837,222697,226099,227491,228872,231840,235198,242807,244195,244414,248006
159907,167960,186306,187150,195264,197362,206106,208445,214136,222697,231840,235198,242856
135163,145502,147528,148854,150688,157748,164417,182103,188090,208825,210473,213669,213906,216150,242310,248685,262421
159907,167960,171699,186408,194095,195264,202077,206106,217454,231840,235198,242856
159907,173114,183714,186306,187150,191133,195264,197362,201758,206106,206790,208445,210837,222697,226099,227491,228872,231840,235198,242807,244414,248006,257070
135163,145502,145556,147292,147528,148854,150688,157748,164417,169732,182103,183318,184181,200507,210473,216150,226510,226630,233423,237384,242310,248685,262421
120411,122302,125287,151300,155692,156044,157951,169936,172341,172393,176475,187694,212760,217452
135163,145502,147292,148854,164417,182103,200507,210473,213669,216150,226630,237384,248685,262421
159907,167960,173114,183714,186306,187150,195264,197362,201758,206106,206790,208445,210837,222697,226099,227491,231840,235198,242807,244414,248006
133531,173114,183714,186306,187150,191133,197362,201758,206106,206790,208445,210837,213734,222697,226099,227491,231840,235198,242807,244414,248006,257070
125035,135276,140579,142838,143066,145837,172965,175662,180546,192232,206347,214789,230464
173114,182121,191133,201586,201758,206790,210837,213734,226099,227491,228872,242807,244195,244414,248006,257070
138795,145556,147292,152499,183318,187645,192736,197835,200507,209696,219737,226510,226630,233423,237384
173114,182121,183714,186306,197362,206790,210837,226099,227491,228872,242807,244195,244414,248006,257070
124176,139621,156927,169674,185694,186684,198054,202544,203374,203664,227463,232460,236366,257826
139621,156927,169674,185694,203374,203664,225155,227463,232460,236366,243925,257826
159907,167960,173114,186306,187150,195264,197362,206106,208445,210837,222697,231840,235198,244414
167960,173114,183714,186306,187150,197362,206790,208445,210837,222697,226099,227491,228872,231840,235198,242807,244195,244414,248006
120791,135099,135276,142162,143066,157106,157293,172965,175662,177945,180546,186080,205077,212871,219314,225453
120791,135099,135276,140579,142838,143066,145837,157106,157293,172965,175662,177945,180546,192232,212871,214789,230464
133531,173114,182121,183714,187150,191133,197362,201758,206790,210837,213734,226099,227491,228872,242807,244195,244414,248006,257070
134548,135774,136618,138900,150346,158973,162005,169871,185292,199462,205495,275809
173114,182121,191133,201586,201758,206790,226099,227491,242807,244195,244414,248006,257070
159907,173114,183714,186306,187150,191133,195264,197362,201758,206106,206790,208445,210837,222697,226099,227491,231840,235198,242807,244414,248006
135163,145502,147292,147528,148854,150688,157748,164417,169732,182103,183318,184181,188090,200507,210473,213669,216150,233423,242310,262421
135163,145502,147292,147528,148854,164417,182103,183318,184181,188090,200507,208825,210473,213669,213906,216150,242310,248685,262421
120791,135099,135276,152680,157106,157293,172965,175662,177945,186080,186540,205077
124176,139621,156927,169674,185694,198054,202544,203664,225155,227463,229526,232460,236366,243925,257826
135163,145502,147292,147528,148854,157748,164417,182103,188090,200507,208825,210473,213669,213906,216150,242310,248685,262421
120411,125287,151300,157951,169936,172393,176475,187694,189120,212760,217452,219765,230652,250916
135276,140579,142838,143066,172965,175662,180546,192232,206347,212871,214789,230464
120411,122302,125287,151300,169936,172393,176475,187694,189120,217452,230652,250916,260438
120791,135099,135276,142162,143066,152680,157106,157293,172965,175662,177945,180546,186080,205077,212871,219314
124176,139621,156927,169674,185694,186684,198054,202544,203664,227463,229526,232460,234431,236366,257826
120411,122302,125287,151300,155692,157951,169936,172341,172393,176475,187694,212760,217452,250916
135163,145502,147292,147528,148854,150688,157748,164417,169732,182103,183318,184181,188090,200507,208825,210473,213669,213906,216150,226510,226630,233423,237384,242310,248685,262421
133531,159907,173114,186306,187150,191133,197362,201758,206106,210837,213734,222697,226099,231840,244414,248006
117929,134261,148383,151872,157567,169122,178143,179742,187461,191638,200916,216481,216619,224507,239214,240323
135163,145502,147292,147528,148854,150688,157748,164417,169732,182103,183318,184181,188090,200507,208825,210473,213669,216150,233423,242310,262421
145502,147528,148854,150688,157748,169732,182103,183318,184181,188090,213669,216150,242310,262421
135163,138795,145556,147292,152499,164417,183318,200507,209696,210473,216150,226510,226630,233423,237384,248685,262421
145502,147528,148854,150688,157748,169732,182103,183318,184181,188090,208825,213669,213906,216150,242310
135163,145556,147292,148854,152499,164417,182103,183318,200507,210473,216150,226510,226630,233423,237384,248685,262421
137626,173114,183714,186306,206790,210837,226099,227491,228872,242807,244195,244414,248006,257070
133531,173114,182121,191133,201586,201758,206790,210837,213734,226099,227491,242807,244414,248006,249602,257070
159907,167960,173114,183714,186306,187150,195264,197362,208445,210837,222697,226099,228872,231840,235198,242807,248006
135163,145502,145556,147292,148854,150688,157748,169732,182103,183318,184181,200507,210473,216150,226510,226630,233423,237384,242310,262421
135163,138795,145502,145556,147292,152499,164417,183318,192736,200507,209696,210473,216150,226510,226630,233423,237384,248685,262421
120791,135099,135276,145837,152680,157106,157293,172965,175662,177945,186540,205077
117929,134261,136067,148383,157567,169122,178143,179742,187461,216481,216619,224507,240323
120791,135099,135276,142838,143066,152680,157106,157293,172965,175662,177945,180546,199770,205077,212871,225453,229644
173114,183714,186306,187150,191133,197362,201758,206790,208445,210837,222697,226099,227491,228872,231840,235198,242807,244195,244414,248006,257070
120791,135099,135276,142162,142838,143066,152680,157106,157293,172965,175662,177945,180546,186540,199770,205077,212871,225453
135163,145502,145556,147292,148854,152499,164417,182103,183318,184181,200507,209696,210473,213669,216150,226510,226630,233423,237384,248685,262421
133531,173114,186306,187150,191133,197362,201758,206106,206790,210837,213734,222697,226099,227491,231840,235198,242807,244414,248006
133531,173114,187150,191133,197362,201586,201758,206106,206790,210837,213734,222697,226099,227491,242807,244414,248006
135163,138795,145502,145556,147292,152499,183318,184181,192736,197835,200507,209696,210473,226510,226630,233423,237384,248685,262421
136736,138261,153923,183180,191110,192731,195424,198846,203007,210912,260668,275969
135163,145502,145556,147292,152499,157748,182103,183318,184181,200507,209696,210473,216150,226510,226630,233423,237384,262421
117812,126327,129662,134285,166706,166906,180763,189140,190631,192623,203138,219424
173114,182121,191133,206790,226099,227491,228872,242807,244195,244414,248006,257070
120791,135099,135276,142162,143066,152680,157106,157293,172965,175662,177945,180546,199770,205077,212871,219314,225453,229644
133531,173114,191133,201586,201758,206790,210837,213734,226099,227491,244414,248006
167960,173114,183714,186306,197362,208445,210837,222697,226099,228872,235198,242807,248006
133531,173114,182121,183714,186306,187150,191133,197362,201758,206790,210837,213734,222697,226099,227491,228872,242807,244195,244414,248006,257070
120791,135099,135276,140579,145837,152680,157106,157293,172965,175662,177945,186540
129653,138795,145556,148440,152499,187645,192736,197835,209696,219737,226510,226630,237384,240583
130655,177248,184674,188447,203536,203844,223448,226420,242742,249603,257996,261745
120791,135099,135276,140579,142838,143066,145837,152680,157106,157293,172965,175662,177945,180546,186540,192232,205077,206347,212871,230464
182121,191133,201586,201758,206790,213734,226099,227491,244195,244414,248006,257070
135163,145502,147292,147528,148854,150688,157748,164417,169732,182103,183318,184181,188090,200507,208825,210473,213669,213906,216150,233423,242310,262421
121160,129308,130348,136891,145615,155700,156800,157893,176749,177385,182972,189017,247063
133531,173114,191133,201586,201758,206790,210837,213734,226099,227491,244414,248006,249602,257070
138795,145556,147292,152499,192736,197835,200507,209696,226510,226630,233423,237384
135163,138795,145502,145556,147292,148854,152499,157748,164417,182103,183318,184181,200507,209696,210473,216150,226510,226630,233423,237384,248685,262421
133531,173114,182121,183714,191133,201586,201758,206790,210837,213734,226099,227491,242807,244414,248006,257070
137947,144229,146145,146914,176033,176355,179404,179447,182945,194152,194546,237400,255757,256230,291184
120411,151300,156044,157951,169936,172341,172393,176475,187694,189120,212760,217452,219765,230652
136736,138261,153923,183180,191110,192731,195424,195790,198846,203007,210912,260668,275969
133531,173114,182121,183714,191133,201586,201758,206790,210837,213734,226099,227491,242807,244414,248006,249602,257070
135163,145502,147292,147528,148854,150688,157748,164417,169732,182103,183318,184181,188090,200507,208825,210473,213669,213906,216150,226510,226630,233423,242310,248685,262421
167960,173114,183714,186306,187150,195264,197362,208445,210837,222697,226099,227491,228872,231840,235198,242807,244195,244414,248006
133531,159907,173114,186306,187150,191133,197362,201758,206106,213734,222697,231840,244414,248006
159907,173114,186306,187150,195264,197362,201758,206106,208445,222697,231840,235198
133531,173114,183714,187150,191133,197362,201586,201758,206790,210837,213734,226099,227491,228872,242807,244195,244414,248006,257070
135163,145502,145556,147292,152499,183318,184181,200507,209696,210473,226510,226630,233423,237384,262421
159907,167960,173114,186306,187150,195264,197362,206106,208445,222697,231840,235198,242856
120791,135099,135276,140579,142838,145837,152680,157106,157293,172965,175662,177945,186540,192232,206347,212871
135163,145502,147292,148854,164417,182103,183318,188090,200507,208825,210473,213669,213906,216150,226630,248685,262421
135163,147528,148854,164417,182103,188090,208825,210473,213669,213906,216150,262421
135163,145502,147292,148854,164417,182103,200507,208825,210473,213669,216150,226630,233423,248685,262421
135163,145502,147528,148854,150688,157748,164417,182103,188090,208825,210473,213669,213906,216150,242310,262421
136736,138261,153923,183180,191110,192731,193276,195424,195790,203007,210912,275969
120791,142162,143066,157106,157293,172965,175662,177945,180546,186080,199770,205077,212871,219314,225453,229644
120411,122302,125287,151300,169936,172393,176475,187694,189120,217452,250916,260438
120411,122302,125287,151300,155692,157951,169936,172341,172393,176475,187694,217452,250916
120791,135276,140579,142838,143066,145837,157106,172965,175662,180546,192232,206347,212871,214789,230464
135163,145502,147292,148854,164417,182103,200507,210473,213669,216150,226510,226630,233423,237384,248685,262421
120791,135099,135276,142838,143066,152680,157106,157293,172965,175662,177945,180546,186540,192232,199770,205077,212871,225453
133531,159907,173114,183714,186306,187150,191133,197362,201758,206106,206790,208445,210837,222697,226099,227491,231840,235198,242807,244414,248006
135163,145502,147292,147528,148854,150688,157748,169732,182103,183318,184181,188090,213669,216150,233423,242310,262421
124176,139621,156927,169674,185694,186684,198054,202544,203664,225155,227463,229526,234431,243925,257826
120411,122302,125287,151300,169936,172341,172393,176475,187694,189120,217452,250916
125035,135099,135276,140579,142838,143066,145837,172965,175662,177945,186540,192232,206347,212871,230464
135163,138795,145502,145556,147292,148854,152499,164417,182103,183318,200507,209696,210473,216150,226510,226630,233423,237384,248685,262421
133531,173114,191133,201586,201758,206790,210837,213734,226099,227491,242807,244414,248006,249602,257070
133531,173114,186306,187150,191133,197362,201758,206106,206790,210837,213734,222697,226099,227491,231840,242807,244414,248006
121160,129308,130348,136891,140211,145615,155700,156800,157893,176749,177385,181656,189017,193756,247063
137626,173114,183714,206790,210837,226099,227491,228872,242807,244195,244414,248006,257070
137626,167960,173114,183714,186306,197362,208445,210837,226099,228872,242807,248006
117929,134261,148383,151872,157567,169122,179742,187461,191638,200916,216481,224507,239214,240323
159907,167960,173114,183714,186306,187150,195264,197362,208445,210837,222697,228872,231840,235198,242807
145556,147292,183318,184181,200507,209696,210473,226510,226630,233423,237384,262421
135163,138795,145556,147292,152499,164417,183318,192736,197835,200507,209696,210473,219737,226510,226630,233423,237384,248685,262421
120791,135099,135276,143066,152680,157106,157293,172965,175662,177945,180546,199770,205077,212871,225453,229644
120791,135099,135276,140579,142838,143066,152680,157106,157293,172965,175662,177945,180546,186540,192232,199770,205077,212871
136736,138261,153923,183180,190558,191110,192731,195424,195790,198846,202599,203007,210912
173114,183714,186306,187150,191133,197362,206106,206790,208445,210837,222697,226099,227491,228872,231840,235198,242807,244195,244414,248006,257070
138795,145556,148440,152499,187645,192736,197835,209696,219737,226510,226630,237384
133531,173114,187150,191133,197362,201586,201758,206106,206790,210837,213734,226099,227491,244414,248006
124176,139621,156927,169674,185694,186684,203374,203664,225155,227463,232460,236366,243925,257826
160047,173635,176457,215956,226260,226796,228180,228588,239891,240612,242376,266191
133531,173114,182121,183714,186306,187150,191133,197362,201758,206790,210837,222697,226099,227491,228872,242807,244195,244414,248006,257070
135163,145502,145556,147292,148854,152499,164417,182103,183318,200507,210473,216150,226510,226630,233423,237384,248685,262421
133531,159907,173114,186306,187150,191133,197362,201758,206106,210837,213734,222697,226099,231840,235198,244414,248006
135163,147528,148854,164417,182103,188090,208825,210473,213669,213906,216150,242310,248685,262421
124176,139621,156927,169674,185694,202544,203664,225155,227463,229526,234431,236366,243925,257826
167960,173114,183714,186306,197362,208445,210837,222697,226099,228872,235198,242807,244195,248006
159907,171699,186408,187150,194095,195264,202077,206106,217454,222697,231840,235198,242856
125035,135276,140579,142838,145837,152680,175662,177945,186540,192232,206347,230464
138795,145556,147292,152499,183318,192736,197835,200507,209696,210473,226510,226630,233423,237384,248685,262421
159907,171699,187150,195264,197362,202077,206106,214136,222697,231840,235198,242856
125035,135276,140579,142838,143066,145837,172965,175662,192232,206347,214789,230464
133531,173114,186306,187150,191133,197362,201758,206106,210837,213734,222697,226099,231840,244414,248006
135163,138795,145502,145556,147292,148854,152499,164417,182103,183318,184181,192736,200507,209696,210473,216150,226510,226630,233423,237384,248685,262421
120411,125287,151300,155692,156044,157951,169936,172341,172393,176475,187694,189120,212760,217452,219765,230652
135163,148854,164417,182103,188090,200507,208825,210473,213669,213906,216150,248685,262421
120791,135099,142162,143066,157106,157293,172965,175662,177945,180546,199770,205077,212871,219314,225453,229644
124176,139621,156927,169674,185694,186684,203374,203664,225155,227463,229526,232460,236366,243925,257826
133531,159907,173114,186306,187150,191133,197362,201758,206106,206790,208445,210837,213734,222697,226099,231840,235198,242807,244414,248006
120791,135099,135276,140579,142838,143066,157106,157293,172965,175662,177945,180546,192232,199770,212871,214789,230464
120791,135099,135276,140579,142162,142838,143066,152680,157106,157293,172965,175662,177945,180546,186080,186540,192232,205077,212871
160047,173635,176457,215956,226260,226796,228180,231289,239891,240612,242376,266191
135163,145502,147292,147528,148854,150688,157748,164417,169732,182103,183318,184181,188090,208825,210473,213669,213906,216150,233423,242310,248685,262421
120791,135099,135276,142838,143066,157106,157293,172965,175662,177945,180546,192232,199770,212871,214789,225453,229644
135163,145502,145556,147292,148854,157748,169732,182103,183318,184181,200507,210473,216150,226510,226630,233423,242310,262421
145502,147292,147528,150688,157748,169732,182103,183318,184181,188090,213669,216150,242310,262421
124176,139621,156927,169674,185694,203664,225155,227463,229526,236366,243925,257826
121160,129308,130348,136891,140211,145615,155700,157893,176749,177385,182972,189017,247063
120791,135099,135276,142838,143066,157106,172965,175662,177945,180546,199770,212871,214789,225453,229644
120791,135099,135276,143066,152680,157106,157293,172965,175662,177945,180546,186540,199770,205077,212871,225453,229644
117929,134261,136067,151872,157567,178143,179742,187461,191638,200916,224507,239214
138795,145556,147292,152499,183318,192736,197835,200507,209696,219737,226510,226630,233423,237384
145502,147292,147528,148854,150688,157748,169732,182103,183318,184181,188090,213669,216150,233423,242310,262421
136736,138261,153923,183180,191110,192731,193276,195424,195790,198846,203007,210912,275969
120791,135099,135276,140579,145837,152680,157106,157293,175662,177945,186540,192232
137626,182121,183714,206790,210837,226099,227491,228872,242807,244195,248006,257070
135163,145502,147292,148854,164417,182103,183318,188090,200507,208825,210473,213669,213906,216150,226630,233423,242310,248685,262421
133531,159907,173114,186306,187150,191133,197362,201758,206106,208445,222697,231840,235198,244414
135163,145502,147292,148854,164417,182103,183318,200507,210473,213669,216150,226510,226630,233423,237384,248685,262421
137947,144229,146914,176033,176355,179404,179447,182945,194152,194546,237400,255757,256230
120791,135099,135276,142162,152680,157106,157293,175662,177945,180546,186080,186540,205077,212871
138261,153923,183180,191110,192731,193276,195424,198846,203007,210912,260668,275969
124176,139621,156927,169674,185694,198054,202544,203664,225155,229526,234431,243925,257826
135163,145502,145556,147292,150688,157748,169732,182103,183318,184181,200507,210473,216150,226510,233423,242310,262421
135163,145502,147292,147528,148854,150688,157748,164417,169732,182103,183318,184181,188090,208825,210473,213669,213906,216150,242310,248685,262421
120411,122302,125287,151300,157951,169936,172341,172393,176475,187694,189120,217452,250916,260438
120791,135099,135276,142162,142838,143066,152680,157106,157293,172965,175662,177945,180546,186540,192232,199770,205077,212871
138795,145556,147292,152499,187645,192736,197835,200507,209696,219737,226510,226630,233423,237384,248685
120791,135099,135276,140579,145837,152680,157106,157293,172965,175662,177945,186540,205077,212871
159907,167960,171699,187150,195264,197362,206106,208445,214136,222697,231840,235198,242856
135163,147292,148854,164417,182103,200507,208825,210473,213669,213906,216150,226630,248685,262421
120791,135099,135276,142162,143066,152680,157106,157293,172965,175662,177945,186080,186540,205077,212871
135163,145502,147292,148854,164417,182103,188090,200507,208825,210473,213669,213906,216150,242310,248685,262421
120411,125287,151300,169936,172393,176475,187694,189120,217452,219765,230652,250916
133531,173114,183714,187150,191133,197362,201758,206106,206790,210837,213734,222697,226099,227491,231840,242807,244414,248006,257070
120791,135099,135276,140579,142162,143066,145837,152680,157106,157293,172965,175662,177945,180546,186080,186540,205077,212871
120791,135099,135276,140579,142838,143066,145837,157106,157293,172965,175662,177945,180546,186540,192232,206347,212871,230464
120411,122302,125287,151300,157951,169936,172341,172393,176475,187694,189120,217452,250916
135163,147292,148854,164417,182103,200507,210473,213669,216150,226510,226630,233423,237384,248685,262421
167960,173114,183714,186306,187150,197362,206790,208445,210837,222697,226099,227491,228872,235198,242807,244195,244414,248006,257070
124176,139621,156927,169674,185694,186684,198054,202544,203664,227463,229526,232460,234431,236366,243925,257826
135276,140579,142838,143066,172965,175662,180546,192232,199770,212871,214789,230464
135163,145502,145556,147292,148854,152499,157748,164417,182103,183318,184181,200507,209696,210473,213669,216150,226510,226630,233423,237384,242310,248685,262421
159907,167960,183714,186306,187150,195264,197362,206106,208445,210837,222697,231840,235198,242856
120791,135276,142838,143066,157106,172965,175662,180546,192232,199770,212871,214789,225453,229644
173114,182121,191133,201586,201758,206790,226099,227491,244195,244414,248006,257070
137947,144229,146145,146914,176033,176355,182945,194152,237400,255757,256230,291184
120791,142162,143066,157106,157293,172965,180546,186080,205077,212871,219314,225453
138795,145556,152499,164417,192736,200507,209696,219737,226510,226630,237384,248685
120791,135099,135276,140579,142838,143066,145837,152680,157106,172965,175662,177945,186540,192232,206347,230464
135163,145502,145556,147292,183318,184181,200507,209696,210473,216150,226510,226630,233423,262421
159907,167960,171699,186306,186408,194095,195264,202077,208445,217454,222697,231840,235198,242856
124176,139621,156927,169674,185694,186684,198054,202544,203374,203664,227463,229526,232460,234431,236366,243925,257826
133531,173114,182121,183714,191133,201586,201758,206790,210837,213734,226099,227491,228872,242807,244195,244414,248006,249602,257070
159907,167960,173114,183714,186306,187150,195264,197362,206106,206790,208445,210837,222697,226099,227491,228872,231840,235198,242807,244195,244414,248006
159907,167960,171699,186408,187150,194095,195264,197362,202077,206106,208445,217454,222697,231840,235198,242856
136736,138261,153923,183180,190558,191110,192731,195424,195790,198846,203007,210912,275969
120791,135099,135276,140579,143066,145837,152680,157106,157293,172965,175662,177945,180546,186080,186540,205077,212871
120791,135276,142838,143066,157106,172965,175662,177945,180546,192232,199770,212871,214789,225453,230464
167960,173114,183714,186306,187150,197362,208445,210837,222697,226099,227491,228872,231840,235198,242807,244195,248006
136736,153923,183180,190558,191110,192731,195424,195790,198846,202599,203007,210912,275969
135163,145502,147292,147528,148854,164417,182103,188090,200507,208825,210473,213669,213906,216150,242310,248685,262421
124176,139621,156927,169674,185694,186684,198054,203374,203664,227463,232460,236366,257826
173114,183714,186306,187150,191133,197362,201758,206106,206790,208445,210837,222697,226099,227491,228872,235198,242807,244195,244414,248006,257070
125035,135276,140579,142838,143066,145837,172965,175662,177945,180546,192232,206347,212871,214789,230464
159907,167960,171699,186306,187150,194095,195264,197362,208445,222697,231840,235198,242856
120791,135099,135276,142162,152680,157106,157293,175662,177945,186080,186540,205077
120411,125287,151300,157951,169936,172341,172393,176475,187694,189120,212760,217452,219765,230652,250916
137947,144229,146914,176033,176355,179404,179447,182945,194152,237400,255757,256230,291184
135163,145502,147292,148854,152499,157748,164417,182103,183318,184181,200507,210473,213669,216150,226510,226630,233423,237384,242310,248685,262421
138795,145556,147292,152499,164417,187645,192736,197835,200507,209696,210473,219737,226510,226630,233423,237384,248685
120791,135099,135276,140579,143066,145837,152680,157106,157293,172965,175662,177945,186080,186540,192232,205077,212871
160047,173635,176457,215956,226260,226796,228180,228588,231289,240612,242376,266191
135163,145502,147292,147528,148854,150688,157748,169732,182103,183318,184181,200507,210473,216150,233423,242310,262421
120411,125287,151300,155692,156044,157951,169936,172341,172393,176475,187694,212760,217452,219765,230652
121160,129308,130348,136891,145615,155700,156800,157893,176749,182972,189017,247063
120791,135099,135276,140579,142838,143066,145837,157106,157293,172965,175662,177945,180546,186540,192232,212871,230464
159907,167960,173114,183714,186306,187150,195264,197362,201758,206106,208445,210837,222697,226099,231840,235198,244414,248006
120791,135099,135276,142162,143066,157106,157293,172965,175662,177945,180546,186080,199770,205077,212871,219314,225453,229644
120791,135099,135276,140579,142838,145837,152680,157106,157293,172965,175662,177945,186540,192232,206347,230464
137626,182121,183714,206790,210837,226099,227491,228872,242807,244195,244414,248006,257070
120791,135099,135276,142162,143066,152680,157106,157293,172965,175662,177945,180546,186080,186540,199770,205077,212871,219314,225453
135163,145502,147292,147528,148854,150688,157748,164417,182103,183318,184181,188090,200507,208825,210473,213669,213906,216150,242310,248685,262421
133531,173114,182121,191133,201586,201758,206790,210837,213734,226099,227491,242807,244195,244414,248006,249602,257070
138795,145556,147292,152499,192736,197835,200507,209696,219737,226510,226630,233423,237384
117929,134261,136067,151872,157567,169122,178143,179742,187461,191638,200916,224507,239214
120791,135099,135276,140579,142838,143066,152680,157106,157293,172965,175662,177945,180546,186540,192232,205077,212871,230464
135163,145502,147292,147528,148854,150688,157748,169732,182103,183318,184181,200507,210473,213669,216150,233423,242310,262421
124176,139621,156927,169674,185694,203664,225155,227463,229526,234431,243925,257826
120411,125287,151300,157951,169936,172393,176475,187694,189120,217452,219765,230652,250916
135163,145502,145556,147292,148854,150688,157748,169732,182103,183318,184181,200507,210473,216150,226510,226630,233423,242310,262421
173114,183714,186306,187150,191133,197362,201758,206790,208445,210837,222697,226099,227491,228872,235198,242807,244195,244414,248006,257070
135163,145502,147528,148854,150688,157748,164417,169732,182103,188090,208825,213669,213906,216150,242310
135163,145502,147292,148854,164417,182103,183318,184181,200507,208825,210473,213669,213906,216150,226510,226630,233423,237384,242310,248685,262421
135163,145502,145556,147292,157748,182103,183318,184181,200507,209696,210473,216150,226510,226630,233423,237384,262421
121160,129308,130348,145615,156800,157893,177385,181656,182972,189017,193756,247063
120411,122302,125287,151300,155692,156044,157951,169936,172341,172393,176475,187694,212760,217452,230652,250916
120791,135099,135276,143066,157106,172965,175662,177945,180546,199770,205077,212871,219314,225453,229644
120791,135099,135276,142162,143066,157106,172965,175662,177945,180546,199770,205077,212871,219314,225453,229644
124176,139621,156927,169674,185694,198054,202544,203664,225155,227463,229526,232460,234431,236366,243925,257826
135163,138795,145502,145556,147292,148854,152499,157748,164417,182103,183318,184181,192736,200507,209696,210473,216150,226510,226630,233423,237384,248685,262421
120411,125287,151300,156044,157951,169936,172341,172393,176475,187694,189120,212760,217452,219765,230652,250916
124176,139621,156927,169674,185694,186684,198054,202544,203374,203664,227463,232460,236366,243925,257826
120791,135276,142838,143066,157106,172965,175662,177945,180546,199770,212871,214789,225453,229644
133531,173114,187150,191133,201586,201758,206790,210837,213734,226099,244414,248006
120791,135099,135276,140579,142838,143066,145837,152680,157106,157293,172965,175662,177945,180546,186540,192232,206347,212871,230464
124176,139621,156927,169674,185694,186684,198054,202544,203374,203664,225155,227463,229526,232460,234431,236366,243925,257826
120791,135099,135276,145837,152680,157106,157293,172965,175662,177945,186080,186540,205077,212871
132462,134515,144234,154678,167255,192189,193322,209525,228493,234016,272166,279393
173114,182121,183714,186306,187150,197362,206790,208445,210837,222697,226099,227491,228872,242807,244195,244414,248006,257070
159907,167960,173114,186306,187150,195264,197362,206106,208445,210837,222697,231840,235198,242856
117929,134261,136067,151872,157567,169122,178143,187461,191638,200916,216619,224507,239214,240323
120411,125287,151300,155692,156044,157951,169936,172341,172393,176475,187694,189120,212760,217452,219765,230652,250916
133531,173114,183714,187150,191133,197362,201586,201758,206106,206790,210837,213734,226099,227491,228872,242807,244195,244414,248006,257070
117929,134261,148383,151872,157567,169122,179742,187461,191638,200916,216481,224507,239214
135163,145502,147292,147528,148854,150688,157748,169732,182103,183318,184181,188090,210473,213669,216150,233423,242310,262421
173114,182121,183714,191133,201586,201758,206790,210837,213734,226099,227491,228872,242807,244195,244414,248006,257070
120791,135099,142162,143066,157106,157293,172965,175662,177945,180546,186080,205077,212871,219314,225453
121160,129308,130348,136891,145615,156800,157893,176749,177385,181656,182972,189017,193756,247063
133531,159907,173114,186306,187150,191133,197362,201758,206106,213734,222697,231840,235198,244414,248006
135163,145502,145556,147292,147528,148854,152499,157748,164417,182103,183318,184181,188090,200507,208825,210473,213669,216150,226510,226630,233423,237384,242310,248685,262421
135163,145502,145556,147292,157748,183318,184181,200507,209696,210473,216150,226510,226630,233423,237384,262421
120791,135099,135276,142162,143066,157106,157293,172965,175662,177945,180546,186080,205077,212871,219314
135163,145502,145556,147292,152499,183318,184181,200507,209696,210473,216150,226510,226630,233423,237384,262421
135163,145502,147528,148854,150688,157748,164417,182103,188090,208825,213669,213906,216150,242310,262421
133531,173114,183714,187150,191133,197362,201586,201758,206106,206790,210837,213734,226099,227491,228872,242807,244414,248006,257070
159907,167960,171699,187150,194095,195264,197362,202077,206106,222697,231840,235198,242856
135163,145502,145556,147292,147528,148854,150688,152499,157748,164417,169732,182103,183318,184181,188090,200507,210473,213669,216150,226510,226630,233423,237384,242310,248685,262421
117929,134261,136067,148383,157567,169122,178143,179742,187461,191638,216619,224507,239214,240323
120791,135099,135276,142838,143066,157106,157293,172965,175662,177945,180546,199770,205077,212871,225453,229644
135163,145502,147292,148854,164417,182103,200507,208825,210473,213669,216150,226630,248685,262421
120791,142162,143066,157106,172965,175662,180546,199770,205077,212871,219314,225453,229644
135163,138795,145502,145556,147292,152499,164417,183318,184181,192736,197835,200507,209696,210473,219737,226510,226630,233423,237384,248685,262421
124176,139621,156927,185694,186684,198054,202544,203664,227463,232460,234431,236366,257826
159907,167960,183714,186306,187150,195264,197362,206106,208445,210837,222697,231840,235198
120791,135099,135276,140579,142162,142838,143066,145837,152680,157106,157293,172965,175662,177945,180546,186540,192232,205077,212871,230464
173114,182121,183714,206790,210837,226099,227491,228872,242807,244195,244414,248006,257070
120411,151300,156044,157951,169936,172341,172393,189120,212760,217452,219765,230652
133531,173114,182121,191133,201586,201758,206790,213734,227491,244414,248006,249602,257070
135163,145502,147292,150688,157748,169732,182103,183318,184181,200507,210473,216150,233423,242310,262421
135163,145502,147292,147528,148854,150688,157748,164417,169732,182103,183318,184181,188090,200507,210473,213669,216150,226630,233423,242310,248685,262421
124176,139621,156927,169674,185694,198054,202544,203664,225155,227463,229526,234431,236366,243925,257826
121160,129308,130348,136891,140211,145615,155700,157893,176749,177385,181656,189017,193756,247063
135163,145502,145556,147292,148854,152499,164417,182103,183318,184181,200507,210473,213669,216150,226510,226630,233423,237384,248685,262421
135276,142838,143066,172965,175662,180546,192232,199770,212871,214789,225453,229644
133531,173114,183714,186306,187150,191133,197362,201758,206106,206790,210837,213734,222697,226099,227491,231840,242807,244414,248006
120791,135099,135276,142838,143066,152680,157106,157293,172965,175662,177945,180546,186540,199770,205077,212871,225453
159907,167960,171699,186306,187150,194095,195264,197362,206106,208445,222697,231840,235198,242856
121160,129308,130348,136891,140211,145615,155700,157893,176749,177385,181656,193756
159907,167960,171699,187150,194095,195264,197362,202077,206106,217454,222697,231840,235198,242856
120791,135099,135276,143066,152680,157106,157293,172965,175662,177945,180546,199770,205077,212871,219314,225453,229644
124176,139621,156927,169674,185694,186684,198054,203374,203664,225155,227463,229526,232460,236366,243925,257826
120791,135099,135276,140579,142838,143066,145837,157106,172965,175662,177945,180546,192232,206347,212871,214789,230464
159907,167960,171699,186306,187150,194095,195264,197362,202077,206106,208445,222697,231840,235198,242856
145556,147292,152499,183318,184181,192736,200507,209696,226510,226630,233423,237384
120791,142162,143066,157106,157293,172965,180546,186080,199770,205077,212871,219314,225453,229644
135163,145502,147292,157748,169732,182103,183318,184181,200507,210473,216150,233423,262421
135163,145502,145556,147292,147528,148854,150688,152499,157748,164417,169732,182103,183318,184181,200507,210473,213669,216150,226510,226630,233423,237384,242310,248685,262421
137626,173114,182121,183714,206790,210837,226099,227491,228872,242807,244195,244414,248006,257070
135163,147292,148854,152499,164417,182103,200507,210473,216150,226510,226630,233423,237384,248685,262421
144492,148457,190972,204163,221293,233605,234042,237098,237298,239064,285792,292112
173114,182121,183714,191133,201586,201758,206790,210837,226099,227491,228872,242807,244195,244414,248006,257070
133531,173114,187150,191133,197362,201758,206106,206790,210837,213734,222697,226099,244414,248006
159907,173114,186306,187150,191133,197362,201758,206106,208445,222697,231840,235198,244414
135163,145502,147292,147528,148854,150688,157748,169732,182103,183318,184181,210473,213669,216150,233423,242310,262421
145502,145556,147292,183318,184181,200507,209696,210473,226510,226630,233423,237384,262421
120791,135099,135276,140579,145837,152680,157293,172965,175662,177945,186540,192232,206347
124176,139621,156927,169674,185694,186684,198054,202544,203664,227463,229526,234431,243925,257826
120791,135099,135276,140579,145837,152680,157106,157293,172965,175662,177945,186540,205077
135163,145502,145556,147292,148854,157748,164417,169732,182103,183318,184181,200507,210473,216150,226510,226630,233423,237384,242310,248685,262421
135163,145502,147292,147528,148854,150688,157748,169732,182103,183318,184181,188090,208825,210473,213669,216150,233423,242310,262421
133531,173114,182121,191133,201586,201758,206790,210837,213734,226099,227491,228872,242807,244195,244414,248006,257070
117929,134261,136067,151872,157567,169122,178143,179742,187461,191638,200916,216619,224507,239214,240323
120791,135099,135276,140579,145837,152680,157106,157293,172965,175662,177945,186540,192232,205077,212871
120791,125035,135099,135276,140579,142838,145837,152680,172965,175662,177945,186540,192232,206347,230464
120411,151300,155692,156044,157951,172341,172393,187694,212760,217452,219765,230652
133531,173114,183714,186306,187150,191133,197362,201758,206106,206790,210837,213734,222697,226099,227491,228872,231840,242807,244195,244414,248006,257070
135163,138795,145502,145556,147292,152499,183318,184181,192736,200507,209696,210473,226510,226630,233423,237384,262421
133531,173114,187150,191133,197362,201586,201758,206790,210837,213734,226099,227491,242807,244414,248006,257070
159907,167960,171699,186306,187150,194095,195264,197362,202077,208445,222697,231840,235198,242856
138795,145556,148440,152499,187645,192736,197835,200507,209696,219737,226510,226630,233423,237384,248685
120791,135099,135276,140579,142838,143066,157106,172965,175662,177945,180546,192232,199770,212871,214789,230464
121160,129308,130348,136891,145615,155700,156800,157893,176749,177385,181656,182972,189017,247063
135163,145502,145556,147292,157748,169732,182103,183318,184181,200507,210473,216150,226510,233423,242310,262421
173114,182121,191133,201586,201758,206790,226099,227491,228872,242807,244195,244414,248006,257070
137947,144229,146145,146914,176033,176355,179404,179447,182945,194152,194546,237400,255757,256230
120791,125035,135099,135276,140579,142838,143066,145837,157106,172965,175662,177945,180546,186540,192232,206347,212871,230464
133531,173114,187150,191133,197362,201758,206106,213734,222697,231840,244414,248006
135276,140579,142838,143066,145837,172965,175662,180546,192232,206347,212871,214789,230464
135163,145502,147292,147528,148854,150688,157748,164417,169732,182103,183318,184181,188090,208825,210473,213669,213906,216150,242310,262421
135163,145502,147292,147528,148854,150688,157748,169732,182103,183318,184181,188090,208825,213669,216150,242310,262421
133531,173114,187150,191133,197362,201586,201758,206106,206790,210837,213734,222697,226099,227491,242807,244414,248006,257070
133531,159907,173114,186306,187150,191133,197362,201758,206106,208445,210837,222697,226099,231840,235198,244414,248006
120791,135099,135276,142162,143066,152680,157106,157293,172965,175662,177945,180546,186080,186540,199770,205077,212871,219314,225453,229644
135163,145502,145556,147292,152499,182103,183318,184181,192736,200507,209696,210473,216150,226510,226630,233423,237384,248685,262421
120411,122302,125287,151300,155692,156044,157951,169936,172341,172393,187694,212760,217452,230652
125035,135276,140579,142838,143066,145837,172965,175662,177945,180546,192232,206347,212871,230464
135163,145502,145556,147292,147528,148854,150688,157748,164417,169732,182103,183318,184181,188090,200507,208825,210473,213669,216150,226510,226630,233423,237384,242310,248685,262421
120791,135099,142162,143066,157106,157293,172965,175662,177945,180546,186080,205077,212871,219314
145502,145556,147292,157748,183318,184181,200507,210473,216150,226510,233423,262421
159907,167960,173114,186306,187150,195264,197362,206106,208445,210837,222697,231840,235198,242856,244414
140579,142838,143066,145837,172965,175662,180546,192232,206347,212871,214789,230464
120791,135099,135276,140579,142838,143066,145837,152680,157106,157293,172965,175662,177945,186540,192232,205077,212871,230464
120791,135276,140579,142838,143066,157106,172965,175662,180546,192232,199770,212871,214789,230464
120791,135099,135276,140579,145837,152680,157106,157293,172965,175662,177945,186540,192232
135163,145502,147292,147528,148854,150688,157748,169732,182103,183318,184181,200507,210473,216150,226510,233423,242310,262421
135163,138795,145502,145556,147292,152499,183318,184181,192736,200507,209696,210473,216150,226510,226630,233423,237384,248685,262421
173114,182121,191133,201758,206790,226099,227491,242807,244195,244414,248006,257070
135163,148854,164417,182103,200507,208825,210473,213669,213906,216150,248685,262421
173114,182121,183714,191133,201758,206790,210837,226099,227491,228872,242807,244195,244414,248006,257070
159907,167960,171699,186408,187150,194095,195264,197362,202077,206106,217454,222697,231840,235198,242856
120411,122302,125287,151300,155692,157951,169936,172341,172393,176475,187694,189120,217452,250916
133531,173114,183714,191133,197362,201586,201758,206790,210837,213734,226099,227491,228872,242807,244195,244414,248006,257070
159907,173114,183714,186306,187150,191133,197362,201758,206106,206790,208445,210837,222697,226099,227491,228872,231840,235198,242807,244195,244414,248006,257070
120791,135099,135276,140579,142838,143066,145837,152680,157106,157293,172965,175662,177945,186540,192232,205077,212871
159907,167960,171699,186306,186408,187150,194095,195264,197362,202077,208445,217454,222697,231840,235198,242856
137947,144229,146145,146914,176033,179404,179447,182945,194152,194546,237400,255757,256230,291184
133531,173114,186306,187150,191133,197362,201758,206106,206790,210837,213734,222697,226099,231840,235198,242807,244414,248006
120791,135099,135276,140579,142838,143066,145837,152680,157106,157293,172965,175662,177945,186540,192232,212871,230464
135163,147292,148854,164417,182103,200507,210473,213669,216150,226630,237384,248685,262421
120791,135099,135276,140579,142162,142838,143066,145837,152680,157106,157293,172965,175662,177945,180546,186080,186540,192232,205077,212871,230464
145502,147528,148854,150688,157748,169732,182103,188090,208825,213669,213906,242310
145502,147292,147528,148854,150688,157748,169732,182103,183318,184181,213669,216150,233423,242310,262421
133531,173114,183714,186306,187150,191133,197362,201758,206106,206790,208445,210837,213734,222697,226099,227491,228872,231840,235198,242807,244414,248006,257070
173114,183714,186306,187150,191133,197362,201758,206106,206790,208445,210837,222697,226099,227491,228872,231840,235198,242807,244195,244414,248006,257070
120411,125287,151300,155692,156044,157951,169936,172341,172393,187694,212760,217452,230652
133531,159907,173114,186306,187150,191133,197362,201758,206106,208445,210837,222697,231840,235198,244414,248006
120791,135099,135276,140579,142838,143066,145837,152680,157106,157293,172965,175662,177945,186540,192232,206347,212871,230464
145502,145556,147292,152499,183318,184181,192736,200507,209696,210473,226510,226630,233423,237384,262421
135163,138795,145556,147292,148854,152499,164417,183318,200507,209696,210473,216150,226510,226630,233423,237384,248685,262421
135163,145502,147292,148854,164417,182103,183318,184181,188090,200507,208825,210473,213669,213906,216150,226510,226630,233423,237384,242310,248685,262421
117929,134261,136067,148383,151872,157567,169122,178143,179742,187461,191638,200916,216481,224507,239214
173114,182121,183714,186306,187150,191133,197362,201758,206790,210837,226099,227491,228872,242807,244195,244414,248006,257070
124176,139621,156927,169674,185694,186684,198054,202544,203664,225155,227463,229526,232460,234431,236366,243925,257826
135163,145502,147292,147528,148854,150688,157748,164417,169732,182103,183318,184181,188090,200507,208825,210473,213669,213906,216150,233423,242310,248685,262421
120791,135099,142162,143066,157106,157293,172965,175662,177945,180546,186080,199770,205077,212871,219314,225453
135163,145502,147292,157748,169732,183318,184181,200507,210473,216150,233423,262421
133531,159907,173114,183714,186306,187150,191133,197362,201758,206106,206790,208445,210837,222697,226099,231840,235198,242807,244414,248006
159907,167960,173114,183714,186306,187150,191133,195264,197362,201758,206106,208445,210837,222697,226099,231840,235198,244414,248006
167960,173114,183714,186306,187150,197362,208445,210837,222697,226099,228872,231840,235198,242807,248006
173114,182121,183714,191133,206790,210837,226099,227491,228872,242807,244195,244414,248006,257070
124176,139621,156927,169674,185694,186684,198054,202544,203374,203664,227463,232460,236366
133531,159907,173114,186306,187150,191133,197362,201758,206106,206790,210837,213734,222697,226099,227491,231840,235198,242807,244414,248006
135163,138795,145556,147292,152499,164417,192736,200507,209696,210473,226510,226630,233423,237384,248685,262421
135163,145502,147292,147528,148854,150688,157748,169732,182103,183318,184181,210473,216150,233423,242310,262421
120791,135099,142162,143066,157106,157293,172965,177945,180546,186080,205077,212871,219314
121160,129308,130348,136891,155700,156800,157893,176749,181656,182972,189017,247063
120791,125035,135099,135276,140579,142838,143066,145837,152680,157106,172965,175662,177945,186540,192232,206347,212871,230464
135163,145502,147292,147528,148854,150688,157748,164417,169732,182103,183318,184181,188090,200507,208825,210473,213669,213906,216150,242310,248685,262421
124176,139621,156927,169674,185694,186684,198054,202544,203664,229526,234431,257826
137626,167960,173114,183714,186306,197362,206790,208445,210837,222697,226099,227491,228872,235198,242807,244195,244414,248006,257070
121160,129308,130348,136891,145615,155700,157893,176749,177385,182972,189017,247063
159907,167960,173114,186306,187150,191133,195264,197362,201758,206106,208445,210837,222697,226099,231840,235198,244414,248006
135163,145502,147292,148854,164417,182103,183318,184181,188090,200507,208825,210473,213669,213906,216150,233423,242310,248685,262421
120791,135099,135276,143066,157106,157293,172965,175662,177945,180546,199770,205077,212871,219314,225453,229644
135163,145502,147292,148854,152499,164417,182103,200507,210473,216150,226510,226630,233423,237384,248685,262421
133531,173114,187150,191133,197362,201758,206106,206790,210837,213734,222697,226099,227491,244414,248006
129653,138795,148440,152499,187645,192736,197835,219737,226510,226630,237384,240583
120411,122302,125287,151300,169936,172341,172393,176475,187694,189120,217452,230652,250916,260438
167960,173114,183714,186306,187150,195264,197362,206790,208445,210837,222697,226099,227491,228872,231840,235198,242807,244195,244414,248006,257070
133531,159907,173114,183714,186306,187150,191133,197362,201758,206106,206790,208445,210837,222697,226099,227491,228872,231840,235198,242807,244414,248006,257070
120791,135099,135276,142162,143066,152680,157106,157293,172965,175662,177945,180546,186080,199770,205077,212871,219314,225453,229644
133531,173114,187150,191133,197362,201758,206106,210837,213734,222697,226099,244414,248006
122302,125287,151300,155692,156044,157951,169936,172341,172393,176475,187694,212760,217452
138795,145556,152499,164417,187645,192736,197835,200507,209696,210473,219737,226510,226630,233423,237384,248685
120791,135099,135276,140579,142838,145837,152680,157293,172965,175662,177945,186540,192232,206347,230464
135163,145502,147292,147528,148854,150688,157748,164417,169732,182103,184181,188090,208825,210473,213669,213906,216150,242310,262421
135163,145502,147292,147528,148854,150688,157748,169732,182103,183318,184181,200507,210473,216150,226510,226630,233423,242310,262421
120791,125035,135099,135276,140579,142838,143066,145837,172965,175662,177945,180546,186540,192232,206347,212871,230464
135163,145502,147292,148854,157748,164417,182103,183318,184181,188090,200507,208825,210473,213669,213906,216150,226630,233423,237384,242310,248685,262421
167960,183714,186306,187150,195264,197362,208445,210837,222697,228872,231840,235198
133531,159907,173114,186306,187150,191133,197362,201758,206106,208445,210837,213734,222697,226099,231840,235198,244414,248006
121160,129308,130348,136891,145615,155700,156800,157893,176749,181656,182972,189017,247063
120791,135099,135276,140579,142838,145837,152680,157293,175662,177945,186540,192232,206347,230464
135163,145502,147292,148854,164417,182103,183318,200507,208825,210473,213669,213906,216150,226630,233423,237384,248685,262421
120411,122302,125287,151300,157951,169936,172341,172393,176475,187694,189120,217452,230652,250916,260438
135163,145502,145556,147292,148854,152499,157748,164417,182103,183318,184181,200507,209696,210473,216150,226510,226630,233423,237384,242310,248685,262421
159907,167960,183714,186306,187150,195264,197362,206106,208445,222697,231840,235198,242856
135163,145502,145556,147292,147528,148854,150688,152499,157748,164417,182103,183318,184181,188090,200507,208825,210473,213669,216150,226510,226630,233423,237384,242310,248685,262421
120791,135099,135276,142838,143066,157106,157293,172965,175662,177945,180546,199770,212871,214789,225453,229644
159907,167960,173114,183714,186306,187150,195264,197362,206106,208445,210837,222697,228872,231840,235198,242807
159907,167960,173114,183714,186306,187150,191133,195264,197362,201758,206106,206790,208445,210837,222697,226099,227491,231840,235198,242807,244414,248006
138261,153923,168742,183180,191110,192731,193276,195424,198846,203007,210912,260668,275969
120411,151300,157951,169936,172341,172393,176475,187694,189120,212760,217452,219765,230652
138795,145556,148440,152499,187645,200507,209696,219737,226510,226630,237384,248685
167960,173114,183714,186306,187150,191133,197362,201758,206106,206790,208445,210837,222697,226099,227491,228872,231840,235198,242807,244195,244414,248006,257070
135163,145502,145556,147292,148854,157748,182103,183318,184181,200507,210473,216150,226510,226630,233423,237384,242310,262421
117812,126327,129662,134285,166706,166906,179246,180763,189140,190631,192623,203138,219424
120411,125287,151300,157951,169936,172341,172393,176475,187694,189120,217452,219765,230652,250916
133531,173114,182121,191133,201586,201758,206790,213734,226099,227491,244195,244414,248006,257070
138795,145556,148440,152499,187645,192736,197835,209696,219737,226510,226630,237384,240583
159907,167960,173114,183714,186306,187150,195264,197362,206106,208445,210837,222697,231840,235198,242807,242856,248006
155109,162855,168990,171883,192018,196040,199349,204524,215063,223712,241330,286770
135163,145556,147292,152499,164417,200507,210473,226510,226630,233423,237384,248685,262421
159907,167960,173114,186306,187150,195264,197362,201758,206106,208445,210837,222697,231840,235198,244414,248006
133531,173114,191133,201586,201758,206790,210837,213734,226099,227491,244414,248006,249602
117929,134261,136067,151872,157567,169122,178143,179742,187461,191638,200916,216481,224507,239214
135163,145502,147528,148854,164417,182103,188090,200507,208825,210473,213669,213906,216150,242310,248685,262421
133531,159907,173114,187150,191133,197362,201758,206106,213734,222697,231840,235198,244414
135163,138795,145556,147292,148854,152499,164417,200507,210473,216150,226510,226630,233423,237384,248685,262421
133531,173114,183714,187150,191133,197362,201586,201758,206106,206790,210837,213734,226099,227491,242807,244414,248006,257070
137626,173114,182121,183714,186306,197362,206790,210837,226099,227491,228872,242807,244195,244414,248006,257070
173114,182121,191133,206790,210837,226099,227491,228872,242807,244195,244414,248006,257070
135163,145502,147292,148854,164417,182103,200507,208825,210473,213669,216150,226630,233423,237384,248685,262421
120791,135099,135276,142162,143066,145837,152680,157106,157293,172965,175662,177945,180546,186080,186540,205077,212871
137947,144229,146145,146914,176033,176355,179404,194152,194546,237400,255757,256230,291184
135163,145502,145556,147292,157748,169732,182103,183318,184181,200507,210473,216150,226510,226630,233423,242310,262421
120791,135099,135276,140579,142838,145837,152680,157106,157293,172965,175662,177945,186540,192232,206347,212871,230464
120791,135099,135276,142838,143066,157106,172965,175662,177945,180546,192232,199770,212871,214789,225453,229644
167960,173114,183714,186306,187150,197362,208445,210837,222697,226099,228872,231840,235198,242807
159907,167960,171699,186306,187150,195264,197362,206106,208445,214136,222697,231840,235198,242856
138795,145556,147292,152499,187645,192736,197835,200507,209696,219737,226510,226630,233423,237384
159907,173114,186306,187150,191133,195264,197362,201758,206106,208445,210837,222697,226099,231840,235198,244414,248006
125035,135276,140579,142838,145837,152680,172965,175662,177945,186540,192232,206347,230464
137626,167960,173114,183714,186306,197362,208445,210837,222697,226099,227491,228872,242807,244195,244414,248006
159907,173114,186306,187150,195264,197362,201758,206106,208445,222697,231840,235198,244414
167960,173114,183714,186306,187150,195264,197362,208445,210837,222697,226099,227491,228872,231840,235198,242807,244414,248006
135163,145502,147292,147528,148854,150688,157748,164417,169732,182103,183318,184181,200507,210473,213669,216150,226510,226630,233423,242310,262421
124176,139621,156927,169674,185694,203664,225155,227463,229526,232460,236366,243925,257826
133531,173114,187150,191133,197362,201586,201758,206106,206790,213734,226099,244414,248006
135163,145502,145556,147292,148854,150688,152499,157748,164417,169732,182103,183318,184181,200507,209696,210473,213669,216150,226510,226630,233423,237384,242310,248685,262421
126632,198918,222154,233030,236337,236354,247300,250072,253583,256572,259178,274818
120791,135099,135276,142162,152680,157106,157293,172965,175662,177945,186080,186540,205077,212871
121160,129308,130348,145615,156800,157893,176749,177385,181656,182972,189017,193756,247063
137626,167960,173114,183714,186306,197362,208445,210837,222697,226099,227491,228872,235198,242807,244195,248006
135163,145502,147528,148854,150688,157748,164417,169732,182103,188090,208825,213669,213906,216150,242310,262421
117929,134261,136067,148383,157567,169122,178143,179742,187461,191638,200916,216619,224507,239214,240323
133531,173114,187150,191133,197362,201586,201758,206790,210837,213734,226099,227491,244414,248006,257070
133531,159907,173114,186306,187150,191133,197362,201758,206106,208445,222697,231840,235198,244414,248006
173114,182121,191133,201758,206790,226099,227491,228872,242807,244195,244414,248006,257070
145502,145556,147292,157748,183318,184181,200507,210473,216150,226510,226630,233423,262421
117929,134261,136067,148383,157567,169122,178143,179742,187461,216481,216619,224507,239214,240323
167960,173114,183714,186306,187150,195264,197362,208445,210837,222697,226099,228872,231840,235198,242807,248006
159907,186306,187150,195264,197362,206106,208445,214136,222697,231840,235198,242856
129653,138795,148440,152499,187645,192736,197835,209696,219737,226510,226630,237384,240583
135163,145502,145556,147292,148854,150688,157748,164417,169732,182103,183318,184181,200507,209696,210473,216150,226510,226630,233423,237384,242310,248685,262421
159907,167960,173114,186306,187150,195264,197362,201758,206106,208445,222697,231840,235198
159907,167960,173114,183714,186306,187150,191133,195264,197362,201758,206106,206790,208445,210837,222697,226099,227491,228872,231840,235198,242807,244414,248006,257070
159907,167960,183714,186306,187150,195264,197362,206106,208445,222697,231840,235198
137626,173114,183714,186306,208445,210837,226099,227491,228872,242807,244195,248006
135163,145502,147292,147528,148854,150688,157748,164417,169732,182103,183318,184181,200507,210473,213669,216150,226630,233423,242310,262421
117929,134261,136067,151872,169122,178143,187461,191638,200916,216619,224507,239214,240323
138795,145556,148440,152499,187645,192736,197835,200507,209696,219737,226510,226630,233423,237384
145502,147528,148854,150688,157748,169732,182103,184181,188090,208825,213669,216150,242310
135163,145502,147292,150688,157748,169732,182103,183318,184181,210473,216150,233423,242310,262421
133531,173114,183714,186306,187150,191133,197362,201758,206106,206790,210837,222697,226099,227491,228872,231840,242807,244195,244414,248006,257070
133531,173114,182121,183714,191133,201586,201758,206790,210837,213734,226099,227491,242807,244195,244414,248006,249602,257070
120791,135099,142162,143066,157106,172965,175662,177945,180546,199770,205077,212871,219314,225453,229644
121160,129308,130348,136891,140211,145615,156800,157893,176749,177385,181656,182972,189017,193756,247063
135163,138795,145502,145556,147292,148854,152499,164417,182103,183318,200507,210473,216150,226510,226630,233423,237384,248685,262421
135163,145502,145556,147292,148854,150688,152499,157748,164417,182103,183318,184181,200507,209696,210473,213669,216150,226510,226630,233423,237384,242310,248685,262421
135276,142838,143066,157106,172965,175662,180546,192232,199770,212871,214789,225453,229644
159907,173114,186306,187150,191133,195264,197362,201758,206106,208445,222697,231840,235198,244414,248006
135276,142838,143066,157106,172965,175662,180546,199770,212871,214789,225453,229644
135163,145502,147292,148854,164417,182103,183318,184181,200507,208825,210473,213669,216150,226510,226630,233423,237384,248685,262421
120791,135099,135276,140579,145837,152680,175662,177945,186540,192232,206347,230464
135163,145502,147528,148854,150688,157748,164417,169732,182103,184181,188090,208825,210473,213669,213906,216150,242310,262421
135163,145502,147528,148854,150688,157748,164417,169732,182103,188090,208825,210473,213669,213906,216150,242310,262421
120791,135099,135276,140579,142838,143066,145837,152680,157106,157293,172965,175662,177945,180546,186540,192232,212871,230464
121160,129308,130348,136891,140211,145615,156800,157893,176749,177385,181656,189017,193756,247063
167960,173114,183714,186306,187150,197362,206790,208445,210837,222697,226099,227491,228872,231840,235198,242807,244195,244414,248006,257070
120411,122302,125287,151300,155692,157951,169936,172341,172393,176475,187694,189120,217452,230652,250916
159907,167960,171699,187150,195264,197362,202077,206106,208445,214136,222697,231840,235198,242856
129653,138795,148440,152499,187645,192736,197835,209696,219737,226510,237384,240583
120411,125287,151300,156044,157951,169936,172341,172393,176475,187694,189120,212760,217452,219765,230652
120791,135276,142838,143066,157106,172965,175662,180546,192232,199770,212871,214789,225453,230464
135163,138795,145502,145556,147292,148854,152499,164417,182103,183318,192736,200507,209696,210473,216150,226510,226630,233423,237384,248685,262421
135163,138795,145556,147292,152499,164417,183318,192736,200507,209696,210473,219737,226510,226630,233423,237384,248685,262421
138795,145556,148440,152499,187645,192736,197835,200507,209696,219737,226510,226630,237384
135163,138795,145556,147292,152499,164417,200507,209696,210473,226510,226630,233423,237384,248685,262421
135163,147292,148854,152499,164417,200507,210473,226510,226630,237384,248685,262421
159907,167960,171699,187150,195264,197362,202077,206106,214136,222697,231840,235198,242856
159907,167960,171699,186408,187150,194095,195264,202077,206106,217454,222697,231840,235198,242856
145502,147292,147528,150688,157748,169732,182103,183318,184181,216150,233423,242310
138795,145556,152499,164417,192736,200507,209696,210473,219737,226510,226630,233423,237384,248685
