125884,160047,163846,176457,182443,226260,226796,228180,228588,229888,239891,240612,241618,242376,266191,268025,268145,270247
153310,162855,174474,180040,182424,192018,196040,199349,204524,205912,220467,241330,247623
119952,140689,193241,214283,220938,222307,227387,231690,267034,267529,269969,282612
160047,163846,173635,176457,182443,215956,226260,226796,228180,229888,231289,239891,240612,241618,242376,266191,268145,270247
121287,127622,129249,135799,153665,185182,185612,199972,206209,208725,245130,264703
119483,119807,127739,129826,129830,143055,145805,183911,185261,198471,207756,235431,265211
129249,153665,185182,193310,199972,206209,208725,220804,238103,245130,247619,264703,270356
155109,162855,165772,167403,168990,174474,180040,182424,192018,196040,199349,204524,215063,223712,225164,231472,241330,286770
119620,128969,141022,143803,148569,168128,180320,187083,191865,197417,200024,216985,241512,252955
117592,159299,160448,166836,169765,178446,189907,206366,209527,218705,225167,239477,241458
119807,127739,129830,134552,143055,145805,183911,185261,198471,204014,207756,235431,265211
119483,129826,129830,143055,143862,173992,214819,220047,235431,241440,270504,290920
126632,168595,198918,222154,233030,234741,236337,236354,247300,250072,253583,256572,259178,274818
153310,165772,167403,174474,180040,182424,196040,199349,204524,220467,225164,231472,241330,247623
155109,162855,165772,167403,168990,171883,174474,180040,182424,192018,196040,199349,204524,215063,223712,225164,231472,241330
124277,141178,146609,149064,152244,153211,160863,177944,178036,181734,206737,225964,230070,239648,240213,245843,249766,257131,260272,273481,274371
124277,141178,146609,153211,160863,177944,206737,225964,240213,245843,260272,271368,273481,274371
130655,175039,183634,184674,188447,203536,203844,223448,226420,238102,239080,249603,257996,261745
122651,135337,145890,146749,167436,173464,174798,175370,181405,181444,202275,210229,213639,218409,244938
124277,141178,149064,177944,178036,181734,206737,239648,245843,249766,274371,279545
119620,128969,141022,143803,148569,167678,168128,180320,187083,191865,197417,200024,220466,241512,252955
160047,173635,176457,215956,226260,226796,228180,229888,231289,239891,240612,242376,266191,268145
126632,150287,168595,198918,222154,234741,236337,247300,250072,253583,256509,256572,258492,259178,274818
130655,183634,184674,188447,203536,203844,223448,226420,238102,239080,242742,249603,257996,261745
153310,165772,167403,174474,180040,196040,199349,204524,220467,223712,225164,228887,231472,241330,247623
124277,141178,149064,152244,153211,177944,181734,206737,225964,240213,245843,273481,274371
155109,162855,165772,167403,168990,174474,192018,196040,204524,223712,225164,231472,241330,293921
124277,141178,149064,152244,153211,160863,177944,178036,181734,206737,230070,239648,240213,245843,249766,260272,273481,274371,279545
124277,141178,149064,153211,177944,181734,206737,225964,240213,245843,260272,271368,273481,274371
142493,143386,146423,158967,172564,190374,193573,194387,200415,229619,234789,243461
123983,133271,147319,161794,166144,170879,188731,221557,230985,235063,238252,238955
118424,128713,137301,141765,148910,167103,172698,178975,183539,205841,209511,257265,282683
128467,156704,168530,181718,186577,195259,195366,210408,225977,227803,232365,255147
128399,135153,138441,153832,156294,159059,163342,167090,173312,188321,192332,199958
160047,173635,176457,182443,226260,226796,228180,229888,231289,239891,240612,241618,242376,266191,268145,270247
160047,163846,173635,176457,215956,226260,226796,228180,228588,229888,231289,239891,240612,241618,242376,266191,268025,268145
124277,141178,146609,149064,152244,153211,160863,177944,181734,206737,225964,239648,240213,245843,260272,271368,273481,274371
130655,145160,177248,184674,188447,195319,203536,203844,223448,239080,242742,249603,256413,257996,261745
153310,165772,167403,174474,180040,182424,192018,196040,199349,204524,220467,223712,225164,231472,241330,247623
117592,159299,160448,166836,169765,178446,189907,206366,209527,218705,225167,239477,290505
129249,153665,185182,193310,206209,208725,220804,238103,245130,247619,264703,270356
118424,128713,137301,141765,148910,162522,167103,178975,183539,205841,257265,282683
155109,162855,168990,171883,174474,182424,192018,196040,199349,204524,205912,215063,223712,283951,286770
160047,176457,226260,226796,228180,228588,239891,240612,241618,266191,268025,268145,290542
124277,141178,153211,160863,177944,181734,206737,230070,239648,240213,245843,249766,260272,274371,279545
153310,155109,162855,165772,167403,168990,174474,180040,192018,196040,199349,204524,220467,223712,225164,228887,231472,241330,247623
126632,168595,198918,222154,233030,234741,236337,236354,247300,250072,253583,256572,258492,259178,274818
122149,132181,132425,136557,137139,146857,193421,194525,194605,205201,255027,286711
129826,129830,143055,143862,173992,197391,214819,220047,235431,241440,265211,270504,290920
124277,141178,146609,149064,153211,160863,177944,178036,181734,206737,230070,239648,240213,245843,249766,260272,273481,274371,279545
153310,165772,167403,174474,180040,196040,199349,204524,223712,225164,228887,231472,241330
155109,165772,167403,174474,192018,196040,199349,204524,223712,225164,228887,231472,241330,293921
160047,176457,215956,226260,226796,228180,228588,239891,240612,266191,268025,290542
121287,127622,129249,135799,153665,185182,199972,206209,208725,220804,238103,245130,264703
121287,129249,135799,153665,185182,185612,199972,206209,208725,220804,238103,245130,247619,264703
153310,162855,167403,174474,180040,182424,192018,196040,199349,204524,220467,223712,231472,241330,247623
155781,158786,163217,171270,191539,191591,200231,204369,223032,252246,260794,263398,290128
122149,130497,132181,132425,136557,137139,146857,193421,194605,205201,242387,255027,286711
117592,159299,160448,166836,178446,189907,206366,209527,218705,225167,239477,241458
119620,128969,141022,143803,148569,168128,180320,191865,197417,200024,216985,241512,252955
155109,162855,168990,174474,180040,182424,192018,196040,199349,204524,205912,215063,220467,223712,241330
153310,165772,167403,174474,180040,196040,199349,204524,223712,225164,228887,231472,241330,247623
124277,141178,146609,153211,160863,177944,206737,225964,230070,239648,240213,260272,273481
130655,145160,175039,183634,195319,203844,223448,238102,239080,256413,257996,261745
131560,177636,187399,197427,200712,227129,230985,238252,238955,246174,258430,266003
121287,129249,135799,153665,185182,185612,193310,199972,206209,208725,220804,238103,245130,247619,264703,270356
119483,127739,129826,129830,143055,173992,185261,207756,214819,235431,265211,270504
119620,128969,141022,143803,148569,167678,168128,180320,187083,191865,197417,200024,220466,252955
173635,176457,215956,226260,226796,228588,231289,240612,242376,254879,266191,283478
125884,160047,163846,176457,182443,226260,228180,229888,239891,240612,241618,242376,266191,268145,270247
153310,155109,162855,168990,174474,180040,182424,192018,196040,199349,204524,205912,220467,223712,241330,247623
141178,149064,152244,164351,177944,178036,181734,239648,245843,249766,249770,279545
124593,130633,160216,179088,197538,216164,219229,242179,242699,251872,255457,265097,271076,285604
124277,141178,149064,152244,153211,177944,181734,206737,225964,239648,240213,245843,271368,273481,274371
118424,128713,129255,137301,141765,148910,162522,178975,183539,205841,257265,282683
126632,150287,168595,198918,233030,234741,236337,247300,250072,256509,259178,274818
155109,165772,167403,174474,196040,199349,204524,223712,225164,231472,241330,293921
126632,198918,222154,233030,234741,236337,236354,247300,250072,253583,256509,256572,258492,259178,274818
129249,135799,153665,185182,185612,199972,206209,208725,220804,238103,245130,264703
150287,198918,222154,233030,234741,236337,236354,247300,253583,256509,256572,258492,259178
127445,158786,163217,171270,191539,191591,204369,223032,252246,260794,263398,290128
122651,135337,145890,146749,167436,173464,174798,175370,181405,181444,202275,210229,213639,218409
124277,141178,146609,153211,160863,177944,206737,225964,230070,239648,240213,249766,260272,273481,274371,279545
160047,176457,215956,226260,226796,228180,228588,231289,240612,266191,268025,290542
153310,155109,162855,167403,168990,174474,180040,182424,192018,196040,199349,204524,215063,220467,223712,231472,241330
124277,141178,146609,149064,153211,160863,177944,181734,206737,225964,230070,240213,245843,257131,260272,271368,273481,274371
124277,141178,149064,153211,160863,177944,178036,181734,206737,230070,239648,240213,245843,249766,260272,274371,279545
122149,132181,132425,136557,137139,146857,193421,194525,194605,205201,242387,255027,286711
149064,152244,164351,177944,178036,181734,239648,245843,249766,249770,260942,279545
153310,162855,165772,167403,174474,180040,182424,192018,196040,199349,204524,220467,223712,231472,241330,247623
125884,160047,163846,173635,176457,215956,226260,226796,228180,228588,231289,239891,240612,241618,242376,266191,268025,268145,290542
125884,160047,163846,173635,176457,182443,215956,226260,226796,228180,228588,229888,239891,240612,241618,242376,266191,268025,268145,290542
125884,160047,163846,173635,176457,182443,226260,226796,228180,229888,239891,240612,241618,242376,266191,268025,268145,270247
160047,173635,176457,215956,226260,226796,228180,228588,231289,239891,240612,242376,254879,266191
125701,153687,159754,186672,188598,206550,216247,216982,222612,242172,271205,271622
124277,141178,146609,149064,152244,153211,160863,177944,178036,181734,206737,225964,239648,240213,245843,249766,260272,273481,274371,279545
126632,150287,168595,198918,234741,236337,247300,250072,256509,258492,259178,274818
125884,160047,163846,173635,176457,182443,226260,226796,228180,228588,229888,231289,239891,240612,241618,242376,266191,268025,268145,270247
119483,129826,129830,143055,143862,173992,197391,214819,220047,241440,270504,290920
160047,173635,176457,226260,226796,228180,231289,239891,240612,242376,266191,268145
153310,162855,165772,167403,168990,174474,180040,192018,196040,199349,204524,220467,223712,225164,228887,231472,241330,247623
153310,162855,174474,180040,182424,192018,196040,199349,204524,205912,220467,247623
153310,165772,167403,174474,180040,196040,199349,204524,225164,228887,231472,241330,247623
122651,135337,145890,146749,167436,174798,175370,181405,202275,210229,213639,218409,244938
130655,145160,175039,183634,184674,188447,195319,203536,203844,223448,238102,239080,249603,256413,257996,261745
125884,160047,163846,173635,176457,182443,215956,226260,226796,228180,228588,229888,231289,239891,240612,241618,242376,266191,268025,268145,290542
153310,162855,165772,167403,174474,180040,192018,196040,199349,204524,223712,225164,228887,231472,241330
153310,155109,162855,165772,167403,168990,174474,180040,182424,192018,196040,199349,204524,220467,223712,225164,231472,241330
117763,157141,161217,161610,167666,172441,174207,180336,192378,196810,203666,228808
119807,127739,134552,143055,145805,183911,185261,198471,204014,207756,235431,265211
119483,119807,127739,129826,129830,134552,143055,145805,173992,183911,185261,198471,207756,235431,265211,270504
124277,141178,146609,149064,152244,153211,160863,177944,181734,206737,225964,230070,239648,240213,245843,260272,271368,273481,274371
128969,148569,167678,168128,172076,180320,187083,197417,200024,216985,220466,241512,252955
119465,146609,153211,160863,165282,168028,168477,209067,225964,230070,257131,260272
129249,135799,153665,185182,199972,206209,208725,220804,238103,245130,247619,264703,270356
160047,163846,176457,226260,226796,228180,228588,239891,240612,241618,266191,268025,268145,290542
124277,141178,146609,153211,160863,206737,225964,230070,240213,245203,257131,260272,273481,274371
133327,148884,160047,172584,176457,226796,228180,228588,241618,266191,268025,290542
122149,130497,132181,132425,136557,137139,146857,193421,194525,194605,242387,255027,286711
160047,163846,173635,176457,182443,215956,226260,226796,228180,228588,229888,231289,239891,240612,241618,242376,266191,268025,268145
155109,162855,168990,171883,174474,192018,196040,199349,204524,215063,223712,241330,286770,293921
155109,162855,165772,168990,171883,174474,192018,196040,199349,204524,215063,223712,225164,231472,241330,286770,293921
124277,141178,149064,152244,153211,160863,177944,178036,181734,206737,239648,240213,245843,249766,260272,273481,274371,279545
119620,128969,141022,143803,148569,168128,180320,187083,191865,197417,200024,216985,252955
160047,176457,215956,226260,226796,228180,228588,239891,240612,241618,242376,266191,268025,268145,290542
121287,127622,129249,135799,153665,185182,185612,199972,206209,233370,245130,264703
119483,119807,127739,129826,129830,134552,143055,145805,173992,183911,185261,198471,204014,207756,235431,265211,270504
124277,141178,149064,152244,153211,160863,177944,178036,181734,206737,225964,239648,240213,245843,249766,273481,274371,279545
160047,173635,176457,215956,226260,226796,228180,228588,231289,239891,240612,266191,268025,290542
155109,162855,168990,174474,180040,182424,192018,196040,199349,204524,215063,220467,223712,231472,241330
155781,158786,163217,171270,191539,191591,204369,223032,252246,260794,263398,290128
117592,159299,160448,166836,169765,178446,189907,206366,209527,218705,239477,290505
121287,129249,135799,153665,185182,185612,199972,206209,208725,220804,238103,245130,247619,264703,270356
119483,129826,129830,143055,143862,173992,197391,214819,235431,241440,265211,270504,290920
119807,127739,129830,134552,143055,145805,183911,185261,198471,207756,235431,265211
155109,162855,165772,168990,171883,192018,196040,199349,204524,223712,241330,293921
155109,162855,168990,174474,182424,192018,196040,199349,204524,205912,215063,223712,283951,286770
160047,173635,176457,215956,226260,226796,228180,228588,231289,239891,240612,242376,266191,268145
119620,128969,141022,143803,148569,167678,168128,180320,187083,191865,197417,200024,216985,220466,241512,252955
153310,165772,167403,174474,192018,196040,199349,204524,223712,225164,228887,231472,241330
124277,141178,146609,153211,160863,206737,225964,230070,240213,245203,257131,260272,271368,273481,274371
123983,147319,161794,166144,170879,188731,221557,227129,230985,235063,238252,238955
124277,141178,149064,152244,160863,177944,178036,181734,206737,239648,245843,249766,274371,279545
124277,146609,153211,160863,206737,225964,230070,240213,245203,257131,260272,273481,274371
130655,145160,177248,184674,188447,203536,203844,223448,242742,256413,257996,261745
122799,127924,139489,143406,166134,177951,180294,206263,231597,234636,235875,241783
119483,119807,127739,129826,129830,134552,143055,173992,185261,204014,207756,235431,265211,270504
119952,136343,140689,149295,193241,214283,220938,222307,227387,231690,267034,267529,282612
163846,176457,182443,226260,228180,229888,239891,240612,241618,242376,266191,268145,270247
153310,155109,162855,165772,167403,168990,174474,180040,192018,196040,199349,204524,220467,223712,225164,228887,231472,241330
124277,141178,149064,153211,177944,206737,225964,240213,245843,271368,273481,274371
119483,129826,129830,143055,143862,173992,197391,214819,220047,235431,241440,265211,270504,290920
126632,150287,168595,198918,233030,234741,236337,247300,250072,253583,256509,258492,259178,274818
121287,127622,129249,135799,153665,185182,185612,199972,206209,208725,238103,245130,264703
119483,119807,127739,129826,129830,134552,143055,185261,204014,207756,235431,265211
155109,162855,168990,171883,174474,180040,182424,192018,196040,199349,204524,215063,223712,231472,241330,286770
122651,145890,146749,167436,173464,174798,175370,181444,202275,210229,213639,242052,244938
133327,148884,160047,176457,226260,226796,228180,228588,239891,241618,266191,268025,290542
134490,148268,151289,159882,161276,162716,186349,204817,212251,228330,237403,256126
155781,158786,163217,171270,191539,191591,200231,204369,223032,252246,260794,263398
119483,127739,129826,129830,143055,145805,173992,183911,185261,198471,207756,265211,270504
124277,141178,146609,153211,160863,177944,206737,225964,230070,239648,240213,249766,257131,260272,273481,274371
155109,162855,168990,171883,174474,192018,196040,199349,204524,215063,223712,241330,283951,286770
119952,136343,140689,149295,214283,220938,227387,231690,267034,267529,269969,282612
119483,119807,127739,129830,143055,145805,183911,185261,198471,207756,235431,265211
122799,127924,139489,143406,166134,168921,177951,180294,206263,231597,234636,235875,241783
119465,146609,160863,165282,168028,168477,209067,230070,245203,251013,257131,260272
143386,146423,158967,172564,176116,190374,193573,194387,200415,229619,234789,243461
119620,128969,141022,143803,148569,168128,180320,187083,191865,197417,200024,216985,220466,252955
155109,162855,165772,168990,171883,174474,192018,196040,199349,204524,223712,231472,241330,286770,293921
153310,165772,167403,174474,180040,196040,199349,204524,225164,228887,231472,241330
160047,173635,176457,215956,226260,226796,228180,228588,231289,242376,266191,277337,283044,290542
160047,173635,176457,215956,226260,226796,228180,228588,231289,239891,240612,241618,242376,266191,268025,290542
134490,148268,151289,159882,161276,162716,186349,204817,212251,228330,237403,251256
130655,175039,183634,184674,195319,203844,223448,238102,239080,256413,257996,261745
160047,173635,176457,215956,226260,226796,228180,228588,231289,240612,242376,266191,277337,290542
126632,150287,168595,198918,222154,234741,236337,247300,256509,256572,258492,259178,274818
153310,155109,162855,167403,168990,174474,180040,182424,192018,196040,199349,204524,220467,223712,231472,241330,247623
124593,130633,160216,179088,197538,210322,216164,219229,242179,242699,251872,255457,265097,271076,285604
124277,141178,153211,160863,177944,206737,230070,239648,249766,260272,274371,279545
119483,127739,129826,129830,143055,145805,173992,183911,185261,207756,265211,270504
128969,148569,167678,168128,172076,180320,187083,191865,197417,200024,216985,220466,241512,252955
125884,160047,163846,176457,182443,226260,228180,239891,240612,241618,266191,268025,268145,290542
160047,173635,176457,182443,226260,228180,229888,239891,240612,241618,242376,266191,268145,270247
126632,150287,168595,198918,222154,234741,236337,247300,250072,256509,256572,258492,259178,274818
119620,128969,141022,143803,148569,167678,180320,187083,191865,200024,220466,252955
122799,127924,139489,143406,168921,177951,180294,206263,231597,234636,235875,241783
119483,119807,127739,129826,129830,134552,143055,173992,185261,207756,235431,265211,270504
126632,168595,198918,233030,234741,236337,247300,250072,253583,256509,259178,274818
119483,119807,127739,129826,129830,134552,143055,145805,173992,183911,185261,204014,207756,235431,265211,270504
125884,160047,163846,173635,176457,182443,226260,226796,228180,228588,229888,239891,240612,241618,242376,266191,268025,268145,270247
119620,128969,145620,148569,167678,168128,172076,180320,187083,191865,197417,200024,220466,241512,252955
126632,198918,222154,233030,234741,236337,236354,247300,250072,253583,256572,258492,259178,274818
160047,173635,176457,215956,226260,226796,228180,229888,231289,239891,240612,241618,242376,266191,268145,270247
125884,160047,163846,173635,176457,182443,226260,226796,228180,229888,231289,239891,240612,241618,242376,266191,268025,268145,270247
130655,145160,177248,183634,184674,188447,195319,203536,203844,223448,238102,239080,256413,257996,261745
155109,162855,165772,167403,168990,171883,174474,192018,196040,199349,204524,223712,225164,231472,241330,293921
119483,119807,127739,129826,129830,134552,143055,145805,173992,183911,185261,198471,207756,235431,265211
124277,146609,153211,160863,206737,225964,230070,240213,260272,271368,273481,274371
146609,153211,160863,165282,168028,168477,225964,230070,245203,251013,257131,260272
160047,163846,173635,176457,182443,226260,226796,228180,229888,231289,239891,240612,241618,242376,266191,268145,270247
155109,162855,165772,168990,171883,174474,180040,182424,192018,196040,199349,204524,215063,223712,231472,241330,286770
124277,141178,146609,153211,160863,206737,225964,240213,245843,260272,271368,273481,274371
162855,168990,174474,180040,182424,192018,196040,199349,204524,205912,215063,220467,223712
119620,128969,141022,143803,148569,168128,180320,187083,191865,197417,200024,220466,252955
122149,132181,132425,136557,137139,162597,193421,194525,194605,242387,255027,286711
119620,128969,148569,167678,168128,172076,180320,187083,200024,216985,220466,241512,252955
146609,153211,160863,206737,225964,230070,240213,245203,251013,257131,260272,273481
124277,141178,146609,149064,152244,153211,160863,177944,178036,181734,206737,225964,230070,239648,240213,245843,260272,271368,273481,274371
129826,129830,143055,143862,173992,197391,214819,220047,235431,241440,265211,290920
153310,165772,167403,174474,180040,196040,199349,204524,220467,225164,231472,241330,247623
131560,177636,187399,197427,200712,202587,227129,230985,238252,238955,246174,258430,266003
124277,141178,146609,149064,153211,160863,177944,181734,206737,225964,230070,239648,240213,245843,257131,260272,271368,273481,274371
126632,168595,198918,222154,233030,236337,236354,247300,250072,253583,256572,258492,259178,274818
130655,145160,177248,183634,184674,188447,203536,203844,223448,226420,238102,239080,242742,249603,257996,261745
119952,136343,140689,149295,193241,214283,220938,222307,227387,231690,267034,267529
130655,145160,177248,183634,184674,188447,195319,203536,203844,223448,226420,238102,239080,242742,249603,256413,257996,261745
160047,173635,176457,215956,226260,226796,228180,228588,231289,239891,240612,241618,242376,266191,268025,268145,290542
119465,146609,153211,160863,165282,168028,168477,209067,230070,245203,257131,260272
124277,141178,146609,149064,152244,153211,160863,177944,178036,181734,206737,225964,239648,240213,245843,249766,260272,273481,274371
153310,167403,174474,180040,182424,196040,199349,204524,220467,231472,241330,247623
122651,135337,145890,146749,167436,173464,174798,175370,181444,202275,210229,213639,218409
119483,119807,127739,129826,129830,134552,143055,145805,173992,183911,185261,198471,204014,207756,235431,265211
119483,119807,127739,129826,129830,134552,143055,183911,185261,204014,207756,235431,265211
165772,167403,174474,196040,199349,204524,223712,225164,228887,231472,241330,293921
130655,145160,175039,183634,184674,188447,195319,203536,203844,223448,238102,239080,256413,257996,261745
129249,153665,185182,188858,206209,208725,220804,238103,245130,247619,264703,270356
124277,141178,149064,152244,153211,177944,181734,206737,225964,240213,245843,271368,273481,274371
160047,163846,176457,215956,226260,226796,228180,228588,239891,240612,241618,266191,268025,268145,290542
119620,128969,145620,148569,167678,168128,172076,180320,187083,200024,220466,241512,252955
155109,165772,167403,168990,174474,192018,196040,199349,204524,223712,225164,231472,241330,293921
130655,145160,177248,183634,184674,188447,195319,203536,203844,223448,226420,239080,242742,249603,256413,257996,261745
148884,160047,176457,226260,226796,228180,228588,239891,240612,241618,266191,268025,290542
117592,159299,160448,166836,169765,178446,189907,206366,209527,225167,239477,290505
124277,146609,153211,160863,206737,225964,230070,240213,257131,260272,271368,273481,274371
125884,160047,163846,176457,182443,226260,226796,228180,228588,239891,240612,241618,266191,268025,268145,290542
155109,162855,165772,167403,168990,171883,174474,192018,196040,199349,204524,223712,225164,231472,241330,286770,293921
124277,141178,146609,153211,160863,177944,206737,225964,230070,239648,240213,249766,260272,274371
130655,145160,175039,177248,183634,184674,188447,195319,203536,203844,223448,238102,239080,242742,249603,256413,257996,261745
119952,140689,149295,193241,214283,220938,222307,227387,231690,267034,269969,282612
125884,160047,163846,176457,182443,215956,226260,226796,228180,228588,231289,239891,240612,241618,242376,266191,268025,268145,290542
124277,141178,146609,149064,152244,153211,160863,177944,181734,206737,225964,230070,239648,240213,245843,249766,257131,260272,273481,274371
119620,128969,145620,148569,167678,168128,172076,180320,187083,191865,200024,220466,241512,252955
119620,128969,141022,148569,167678,168128,172076,180320,187083,191865,197417,200024,216985,220466,241512,252955
124277,141178,149064,152244,177944,178036,181734,206737,239648,240213,245843,249766,274371
130655,175039,177248,183634,184674,188447,203536,203844,223448,226420,238102,239080,242742,249603,256413,257996,261745
122149,130497,132181,132425,136557,137139,146857,193421,194605,205201,242387,286711
119483,127739,129826,129830,143055,145805,173992,183911,185261,198471,207756,235431,265211,270504
122651,135337,145890,146749,167436,173464,174798,175370,181444,202275,210229,213639,218409,244938
122149,130497,132181,132425,136557,137139,146857,193421,194605,242387,255027,286711
125884,160047,163846,176457,182443,226260,226796,228180,228588,229888,239891,240612,241618,266191,268025,268145,270247
124277,141178,146609,149064,153211,160863,177944,181734,206737,225964,230070,239648,240213,245843,249766,257131,260272,273481,274371,279545
124277,141178,146609,149064,152244,153211,160863,177944,178036,181734,206737,225964,230070,239648,240213,245843,249766,257131,260272,273481,274371,279545
122651,135337,145890,146749,167436,173464,174798,175370,202275,210229,213639,218409
130655,145160,177248,184674,188447,195319,203536,203844,223448,242742,256413,257996,261745
155109,162855,165772,168990,174474,192018,196040,199349,204524,223712,225164,231472,241330,293921
119952,136343,140689,149295,193241,214283,220938,222307,227387,231690,267034,267529,269969,282612
126632,198918,222154,233030,234741,236337,236354,247300,253583,256572,258492,259178
160047,173635,176457,215956,226260,226796,228180,228588,231289,240612,242376,266191,268025,290542
155109,162855,165772,167403,168990,174474,192018,196040,199349,204524,223712,225164,231472,241330,293921
125884,160047,163846,173635,176457,182443,226260,226796,228180,229888,231289,239891,240612,241618,242376,266191,268145,270247
119620,128969,141022,143803,145620,148569,167678,168128,180320,187083,191865,197417,200024,220466,252955
134490,148268,151289,159882,161276,162716,186349,204817,212251,228330,251256,256126
160047,163846,176457,215956,226260,226796,228180,228588,239891,240612,241618,242376,266191,268025,268145,290542
155109,162855,165772,168990,171883,192018,196040,199349,204524,223712,231472,241330,293921
160047,173635,176457,215956,226260,226796,228180,228588,231289,242376,266191,277337,290542
126632,150287,198918,222154,233030,234741,236337,236354,247300,250072,253583,256509,256572,258492,259178,274818
124277,141178,149064,153211,177944,206737,225964,240213,245843,260272,271368,273481,274371
130655,145160,175039,183634,184674,195319,203844,223448,238102,239080,256413,257996,261745
146609,153211,160863,206737,225964,230070,240213,245203,257131,260272,271368,273481
155109,162855,165772,167403,168990,174474,192018,196040,199349,204524,223712,225164,228887,231472,241330,293921
130655,184674,188447,203536,203844,223448,226420,239080,242742,249603,257996,261745
153310,155109,162855,165772,167403,168990,174474,180040,182424,192018,196040,199349,204524,215063,220467,223712,225164,231472,241330
119952,136343,140689,193241,214283,220938,222307,227387,231690,267034,267529,269969,282612
155109,162855,168990,171883,174474,192018,196040,199349,204524,215063,223712,241330,283951,286770,293921
125884,160047,163846,176457,182443,226260,228180,229888,239891,240612,241618,266191,268025,268145,290542
133327,160047,176457,215956,226260,226796,228180,228588,239891,240612,241618,266191,268025,290542
130655,145160,175039,177248,183634,184674,188447,195319,203536,203844,223448,226420,238102,239080,242742,249603,256413,257996,261745
124593,160216,179088,197538,210322,216164,219229,242699,255457,265097,271076,285604
153310,155109,162855,165772,167403,168990,174474,180040,192018,196040,199349,204524,223712,225164,228887,231472,241330
124277,141178,153211,160863,177944,178036,181734,206737,230070,239648,245843,249766,274371,279545
124277,146609,153211,160863,206737,225964,230070,240213,245203,257131,260272,271368,273481,274371
128467,156704,168530,168942,181718,186577,195366,210408,225977,227803,232365,255147
124277,141178,146609,153211,160863,177944,181734,206737,225964,230070,239648,240213,249766,257131,260272,273481,274371,279545
124593,130633,160216,179088,197538,210322,216164,219229,242179,242699,255457,265097,271076,285604
142493,143386,146423,158967,172564,176116,190374,193573,194387,200415,229619,234789,243461
130655,175039,183634,184674,195319,203844,223448,238102,239080,249603,256413,257996,261745
119483,119807,127739,129826,129830,134552,143055,173992,185261,204014,235431,265211
121287,127622,129249,135799,153665,185182,185612,193310,199972,206209,208725,220804,238103,245130,247619,264703,270356
155109,162855,168990,174474,180040,182424,192018,196040,199349,204524,205912,215063,223712,241330,286770
155109,162855,165772,167403,174474,192018,196040,199349,204524,223712,225164,228887,231472,241330
141178,149064,152244,164351,177944,178036,181734,239648,245843,249766,274371,279545
119483,119807,127739,129826,129830,134552,143055,173992,183911,185261,204014,207756,235431,265211,270504
155109,162855,168990,171883,174474,182424,192018,196040,199349,204524,215063,223712,231472,241330,283951,286770
122651,146749,167436,173464,174798,175370,181444,202275,210229,213639,242052,244938
155109,162855,165772,167403,168990,174474,180040,192018,196040,199349,204524,223712,225164,228887,231472,241330
121287,127622,129249,135799,153665,185182,199972,206209,208725,220804,238103,245130,247619,264703,270356
160047,173635,176457,215956,226260,226796,228180,228588,231289,240612,242376,254879,266191,277337,283044,290542
130655,145160,177248,184674,188447,195319,203536,203844,223448,239080,249603,256413,257996,261745
153310,167403,174474,180040,182424,192018,196040,199349,204524,220467,231472,241330,247623
133327,148884,160047,176457,226260,228180,228588,239891,240612,241618,266191,268025,290542
125304,134059,144188,151564,152551,179591,184140,195295,222473,230564,231343,256525
125884,160047,163846,176457,182443,226260,228180,229888,239891,240612,241618,266191,268025,268145
124277,141178,146609,149064,152244,153211,160863,177944,181734,206737,225964,240213,245843,260272,271368,273481,274371
160047,173635,176457,182443,215956,226260,226796,228180,228588,229888,231289,239891,240612,241618,242376,266191,268145,270247
160047,163846,173635,176457,182443,226260,228180,229888,231289,239891,240612,241618,242376,266191,268145,270247
153310,155109,162855,165772,167403,168990,174474,180040,192018,196040,199349,204524,215063,223712,225164,231472,241330
124277,141178,149064,152244,153211,160863,177944,178036,181734,206737,239648,240213,245843,249766,274371,279545
124277,141178,149064,153211,160863,177944,178036,181734,206737,230070,239648,245843,249766,274371,279545
125884,160047,163846,176457,182443,226260,228180,228588,229888,239891,240612,241618,266191,268025,268145,290542
124277,141178,149064,152244,153211,160863,177944,178036,181734,206737,225964,239648,240213,245843,260272,271368,273481,274371
155109,162855,165772,167403,168990,171883,174474,192018,196040,199349,204524,215063,223712,225164,231472,241330,293921
155109,162855,168990,171883,192018,196040,199349,215063,223712,241330,283951,286770,293921
119483,119807,127739,129826,129830,134552,143055,173992,185261,204014,207756,235431,265211
124277,141178,146609,149064,153211,160863,177944,178036,181734,206737,225964,230070,239648,240213,245843,249766,260272,273481,274371,279545
125884,160047,163846,176457,182443,226260,226796,228180,228588,229888,239891,240612,241618,242376,266191,268025,268145,290542
121287,129249,135799,153665,185182,185612,199972,206209,208725,220804,238103,245130,264703
155109,165772,167403,168990,174474,192018,196040,199349,204524,223712,225164,228887,231472,241330,293921
133327,148884,160047,176457,226260,226796,228180,228588,239891,240612,241618,266191,268025,290542
155109,162855,168990,171883,182424,192018,199349,205912,215063,223712,283951,286770
124277,141178,149064,153211,160863,177944,178036,181734,206737,239648,245843,249766,274371,279545
155109,162855,168990,171883,174474,182424,192018,196040,199349,204524,215063,223712,241330,283951,286770
153310,165772,167403,174474,180040,192018,196040,199349,204524,220467,223712,225164,228887,231472,241330,247623
155109,162855,165772,167403,168990,171883,174474,180040,192018,196040,199349,204524,215063,223712,225164,231472,241330,286770
122651,135337,145890,146749,167436,173464,174798,175370,181444,202275,210229,213639,242052,244938
130655,145160,183634,184674,188447,195319,203844,223448,238102,239080,256413,257996,261745
155109,162855,165772,167403,168990,171883,174474,192018,196040,199349,204524,215063,223712,225164,231472,241330,286770,293921
124277,141178,149064,152244,177944,178036,181734,239648,245843,249766,274371,279545
122149,130497,132181,136557,137139,146857,193421,194605,205201,242387,255027,286711
122651,135337,145890,146749,167436,174798,175370,181444,202275,210229,213639,244938
124277,141178,146609,153211,160863,206737,225964,230070,240213,257131,260272,273481
119620,128969,141022,145620,148569,167678,168128,172076,180320,187083,191865,200024,220466,252955
155781,158786,171270,191539,191591,200231,204369,223032,252246,260794,263398,290128
126632,168595,198918,222154,233030,234741,236337,236354,247300,250072,253583,256509,256572,259178,274818
122149,130497,132181,136557,137139,146857,193421,194525,194605,205201,255027,286711
153310,162855,168990,174474,180040,182424,192018,196040,199349,204524,220467,223712,231472,241330,247623
173635,215956,226260,226796,228588,231289,240612,242376,254879,266191,277337,283478
124277,141178,149064,152244,164351,177944,178036,181734,239648,245843,249766,249770,274371,279545
125876,131888,149654,171155,187550,189253,198218,207702,214423,223387,231345,233770,253528
160047,176457,182443,226260,228180,229888,239891,240612,241618,242376,266191,268145,270247
155109,162855,165772,168990,192018,196040,199349,204524,223712,225164,231472,241330,293921
129249,153665,185182,188858,193310,206209,208725,220804,238103,245130,247619,270356
160047,173635,176457,215956,226260,226796,228180,228588,231289,242376,254879,266191,277337,283044,290542
130655,175039,183634,184674,203536,203844,223448,226420,238102,239080,249603,257996,261745
160047,173635,176457,215956,226260,226796,228180,228588,231289,239891,240612,242376,266191,277337,290542
155109,162855,168990,171883,174474,182424,192018,196040,199349,204524,205912,215063,223712,241330,286770
130655,145160,177248,183634,184674,188447,195319,203536,203844,223448,238102,239080,249603,256413,257996,261745
119483,119807,127739,129826,129830,143055,145805,173992,183911,185261,198471,207756,235431,265211,270504
119620,128969,141022,143803,148569,167678,168128,180320,187083,191865,197417,200024,216985,220466,252955
138234,177208,182350,182782,195296,212887,219364,230371,238728,249758,253338,257023
130655,145160,183634,184674,188447,195319,203844,223448,239080,256413,257996,261745
125884,160047,163846,176457,182443,226260,226796,228180,228588,229888,239891,240612,241618,266191,268025,268145
124593,130633,179088,197538,210322,216164,219229,242179,242699,251872,255457,265097,271076
124277,141178,149064,152244,177944,178036,181734,206737,240213,245843,273481,274371
121287,129249,153665,185182,193310,199972,206209,208725,220804,238103,245130,247619,264703,270356
130655,145160,177248,184674,188447,203536,203844,223448,226420,242742,249603,257996,261745
130655,145160,175039,183634,184674,188447,195319,203844,223448,238102,239080,256413,257996,261745
124277,141178,146609,149064,153211,160863,177944,206737,225964,240213,245843,260272,271368,273481,274371
124277,141178,149064,152244,153211,177944,178036,181734,206737,225964,239648,240213,245843,249766,260272,273481,274371
155109,162855,168990,171883,192018,196040,199349,204524,215063,223712,241330,283951,286770,293921
119483,127739,129826,129830,143055,145805,173992,183911,185261,207756,235431,265211,270504
173635,215956,226260,226796,228180,228588,231289,240612,242376,254879,266191,277337,283044
160047,173635,176457,215956,226260,226796,228180,228588,231289,239891,240612,241618,242376,266191,268145,290542
124277,146609,153211,160863,206737,225964,230070,240213,245203,257131,260272,271368,273481
155109,162855,165772,167403,168990,171883,174474,192018,196040,199349,204524,215063,223712,225164,231472,241330,283951,286770
160047,163846,173635,176457,215956,226260,226796,228180,228588,231289,239891,240612,241618,242376,266191,268025,268145,290542
130655,145160,177248,184674,188447,195319,203536,203844,223448,226420,242742,249603,256413,257996,261745
119483,119807,127739,129826,129830,143055,173992,185261,207756,235431,265211,270504
119483,129826,129830,143055,143862,173992,214819,220047,235431,265211,270504,290920
130655,145160,177248,184674,188447,203536,203844,223448,242742,249603,256413,257996,261745
128209,128399,135153,138441,153832,156294,159059,163342,167090,173312,188321,192332,199958
122149,130497,132181,132425,136557,137139,146857,193421,194525,194605,205201,242387,255027,286711
124277,141178,146609,149064,153211,160863,177944,206737,225964,230070,239648,240213,245843,257131,260272,273481,274371
124277,141178,149064,153211,160863,177944,206737,225964,240213,245843,260272,271368,273481,274371
121287,127622,129249,135799,153665,185182,185612,199972,206209,208725,220804,238103,245130,247619,264703,270356
119952,136343,140689,149295,193241,214283,220938,227387,231690,267034,267529,282612
133327,148884,160047,172584,176457,226260,226796,228180,228588,239891,241618,266191,268025,290542
124277,141178,149064,152244,164351,177944,178036,181734,239648,245843,249766,274371,279545
119807,127739,129826,129830,134552,143055,183911,185261,204014,207756,235431,265211
124277,141178,149064,152244,153211,177944,178036,181734,206737,225964,240213,245843,273481,274371
162855,168990,174474,180040,182424,192018,196040,199349,204524,205912,215063,223712,286770
126632,150287,168595,198918,233030,234741,236337,247300,250072,253583,256509,259178,274818
153310,162855,165772,167403,174474,180040,182424,192018,196040,199349,204524,220467,223712,225164,231472,241330,247623
130655,175039,177248,183634,184674,188447,203536,203844,223448,226420,238102,239080,242742,249603,257996,261745
122651,135337,145890,146749,167436,173464,174798,175370,181444,202275,210229,213639,244938
130655,175039,177248,183634,184674,188447,195319,203536,203844,223448,226420,238102,239080,242742,249603,256413,257996,261745
121287,129249,135799,153665,185182,199972,206209,208725,220804,238103,245130,264703,270356
155109,162855,165772,167403,168990,171883,174474,180040,182424,192018,196040,199349,204524,215063,223712,231472,241330,286770
163846,176457,182443,226260,228180,229888,239891,240612,241618,242376,268145,270247
124277,141178,153211,160863,177944,181734,206737,230070,239648,249766,274371,279545
153310,162855,174474,180040,182424,192018,196040,199349,204524,220467,223712,231472,241330,247623
124277,141178,146609,153211,160863,177944,181734,206737,230070,239648,240213,245843,249766,260272,274371,279545
119483,129826,129830,143055,143862,173992,197391,214819,235431,241440,265211,290920
153310,155109,162855,165772,167403,168990,174474,180040,182424,192018,196040,199349,204524,215063,220467,223712,231472,241330
162855,168990,171883,174474,182424,192018,199349,205912,215063,223712,283951,286770
124277,141178,149064,152244,164351,177944,178036,181734,239648,245843,249766,279545
153310,165772,167403,174474,180040,199349,204524,220467,225164,228887,231472,247623
126632,198918,222154,233030,236337,236354,247300,250072,253583,256572,259178,274818
125884,133327,148884,153024,160047,163846,172584,239891,241618,268025,268145,290542
124277,141178,146609,153211,160863,177944,206737,225964,230070,240213,245203,257131,260272,271368,273481,274371
124277,141178,149064,152244,177944,178036,181734,206737,239648,245843,249766,274371,279545
129249,135799,153665,185182,185612,199972,206209,208725,220804,238103,245130,247619,264703
125884,160047,163846,176457,226260,228180,228588,239891,240612,241618,266191,268025,268145,290542
119483,129826,129830,143055,143862,173992,214819,220047,235431,241440,265211,270504,290920
160047,173635,176457,215956,226260,226796,228180,228588,231289,239891,240612,242376,266191,268025,290542
153310,162855,165772,167403,168990,174474,180040,182424,192018,196040,199349,204524,220467,223712,225164,231472,241330,247623
155109,162855,165772,167403,168990,171883,174474,182424,192018,196040,199349,204524,215063,223712,231472,241330,283951,286770
153310,155109,162855,168990,174474,180040,182424,192018,196040,199349,204524,205912,215063,220467,223712,241330
153310,165772,167403,174474,180040,196040,199349,204524,220467,225164,228887,231472,241330,247623
141767,149359,151389,152322,157900,164955,190176,215888,219900,234222,251168,264723
160047,173635,176457,215956,226260,226796,228180,228588,231289,239891,240612,242376,254879,266191,277337
124277,141178,149064,152244,153211,160863,177944,178036,181734,206737,225964,230070,239648,240213,245843,249766,260272,273481,274371,279545
153310,165772,167403,174474,180040,192018,196040,199349,204524,223712,225164,228887,231472,241330,247623
146609,153211,160863,206737,225964,230070,240213,245203,251013,257131,260272,271368,273481
124277,141178,146609,153211,160863,177944,206737,225964,230070,239648,240213,257131,260272,273481,274371
119483,129826,129830,143055,143862,173992,197391,214819,235431,265211,270504,290920
119620,128969,148569,167678,168128,172076,180320,187083,191865,200024,216985,220466,241512,252955
124593,160216,179088,197538,216164,219229,242179,242699,251872,255457,265097,271076,285604
125884,160047,163846,176457,182443,228180,229888,239891,240612,241618,268025,268145,270247
160047,163846,173635,176457,182443,215956,226260,226796,228180,228588,231289,239891,240612,241618,242376,266191,268025,268145,290542
125884,160047,163846,173635,176457,182443,226260,228180,229888,231289,239891,240612,241618,242376,266191,268145,270247
137656,152336,154895,193021,197392,209995,212489,214151,214831,217140,221266,222432
124277,141178,146609,153211,160863,177944,181734,206737,225964,230070,239648,240213,245843,249766,260272,273481,274371,279545
126632,168595,198918,233030,236337,236354,247300,250072,253583,256572,259178,274818
119483,119807,127739,129826,129830,134552,143055,145805,173992,183911,185261,207756,235431,265211,270504
155109,162855,168990,171883,174474,182424,192018,196040,199349,204524,205912,215063,223712,241330,283951,286770
121287,129249,135799,153665,185182,199972,206209,208725,220804,238103,245130,247619,264703,270356
126632,150287,168595,198918,233030,234741,236337,247300,250072,253583,256509,256572,258492,259178,274818
153310,165772,167403,174474,180040,182424,192018,196040,199349,204524,220467,225164,231472,241330,247623
148884,160047,176457,226260,228180,228588,239891,240612,241618,266191,268025,290542
173635,215956,226260,226796,228588,231289,242376,254879,266191,277337,283044,290542
123983,131560,147319,161794,166144,170879,188731,221557,227129,230985,238252,238955,266003
119483,119807,129826,129830,134552,143055,173992,204014,207756,235431,265211,270504
124277,141178,146609,149064,152244,153211,160863,177944,181734,206737,225964,230070,239648,240213,245843,257131,260272,271368,273481,274371
119620,128969,141022,143803,145620,148569,167678,180320,187083,191865,200024,220466
160047,173635,176457,182443,226260,228180,229888,239891,240612,242376,266191,268145,270247
122799,127924,143406,166134,168921,177951,180294,206263,231597,234636,235875,241783
128467,156704,168530,168942,181718,186577,195259,195366,210408,225977,227803,232365,255147
124277,141178,146609,153211,160863,206737,225964,230070,239648,240213,260272,273481
155109,162855,165772,168990,171883,174474,192018,196040,199349,204524,223712,231472,241330,293921
124277,141178,146609,153211,160863,177944,206737,225964,230070,240213,245843,260272,271368,273481,274371
130655,175039,183634,184674,188447,203536,203844,223448,226420,238102,239080,242742,249603,257996,261745
133327,148884,153024,160047,172584,176457,228180,239891,241618,266191,268025,290542
125884,160047,163846,173635,176457,182443,215956,226260,226796,228180,228588,231289,239891,240612,241618,242376,266191,268025,268145,290542
130655,183634,184674,188447,203536,203844,223448,226420,239080,242742,249603,257996,261745
123054,127730,129767,149660,157477,165812,175066,185897,188863,211583,231144,236490
173635,176457,215956,226260,226796,228180,228588,231289,240612,242376,254879,266191,277337,283044
124277,141178,149064,152244,153211,177944,178036,181734,206737,225964,239648,240213,245843,249766,273481,274371,279545
119620,128969,141022,148569,168128,172076,180320,187083,191865,197417,200024,216985,220466,241512,252955
160047,173635,176457,215956,226260,226796,228180,231289,239891,240612,242376,266191,268145
155109,162855,165772,167403,168990,171883,174474,180040,182424,192018,196040,199349,204524,215063,223712,225164,231472,241330,286770
131560,177636,187399,197427,200712,202587,230985,238252,238955,246174,258430,266003
155109,162855,168990,171883,174474,192018,196040,199349,204524,223712,241330,286770,293921
153310,155109,162855,165772,167403,168990,174474,180040,182424,192018,196040,199349,204524,220467,223712,225164,231472,241330,247623
126632,150287,168595,198918,222154,233030,234741,236337,247300,250072,253583,256509,256572,258492,259178,274818
133327,160047,176457,215956,226260,226796,228180,228588,239891,266191,268025,290542
125304,134059,144188,151564,152551,179591,184140,195295,212667,222473,230564,256525
125884,160047,163846,173635,176457,182443,226260,228180,229888,239891,240612,241618,242376,266191,268145,270247
160047,173635,176457,215956,226260,226796,228180,228588,229888,231289,239891,240612,241618,242376,266191,268145
126632,168595,198918,233030,234741,236337,236354,247300,250072,253583,256509,259178,274818
125884,160047,163846,173635,176457,182443,215956,226260,226796,228180,228588,229888,239891,240612,241618,242376,266191,268025,268145,270247
122149,130497,132181,136557,137139,146857,193421,194525,194605,205201,242387,255027,286711
160047,173635,176457,215956,226260,226796,228180,228588,231289,266191,277337,290542
160047,176457,215956,226260,226796,228180,228588,231289,239891,240612,241618,242376,266191,268025,268145,290542
153310,155109,162855,168990,174474,180040,182424,192018,196040,199349,204524,215063,220467,223712,231472,241330
130655,145160,177248,183634,184674,188447,195319,203536,203844,223448,239080,249603,256413,257996,261745
125884,160047,163846,176457,226260,226796,228180,228588,239891,240612,241618,266191,268025,268145,290542
124277,141178,149064,152244,153211,177944,181734,206737,225964,240213,245843,260272,271368,273481,274371
135337,145890,146749,167436,173464,174798,175370,181405,202275,210229,213639,218409,244938
155109,162855,168990,171883,174474,180040,182424,192018,196040,199349,204524,205912,215063,223712,241330,286770
124277,141178,146609,149064,152244,153211,160863,177944,178036,181734,206737,225964,230070,239648,240213,245843,257131,260272,273481,274371
153310,155109,162855,165772,167403,168990,174474,180040,182424,192018,196040,199349,204524,220467,223712,231472,241330,247623
125884,160047,163846,173635,176457,182443,215956,226260,226796,228180,228588,229888,231289,239891,240612,241618,242376,266191,268025,268145,270247
141178,149064,152244,164351,177944,178036,181734,239648,245843,249766,249770,260942,279545
130655,145160,177248,184674,188447,203536,203844,223448,226420,242742,249603,256413,257996,261745
155109,162855,165772,167403,168990,174474,192018,196040,199349,204524,223712,225164,228887,231472,241330
119483,129826,129830,143055,143862,173992,197391,235431,241440,265211,270504,290920
124593,130633,160216,179088,197538,210322,216164,219229,242179,242699,251872,265097,271076
126632,150287,168595,198918,222154,233030,234741,236337,236354,247300,250072,253583,256509,256572,259178,274818
119807,127739,129830,134552,143055,145805,183911,185261,204014,207756,235431,265211
124277,141178,146609,149064,152244,153211,160863,177944,178036,181734,206737,225964,239648,240213,245843,260272,271368,273481,274371
121287,129249,153665,185182,206209,208725,220804,238103,245130,247619,264703,270356
160047,163846,173635,176457,182443,215956,226260,226796,228180,228588,229888,231289,239891,240612,241618,242376,266191,268145,270247
124277,141178,146609,153211,160863,177944,206737,230070,239648,249766,260272,274371,279545
119620,128969,148569,167678,168128,172076,180320,187083,191865,197417,200024,216985,220466,241512,252955
146609,153211,160863,165282,168028,168477,209067,225964,230070,245203,257131,260272
155109,162855,165772,167403,168990,171883,174474,192018,196040,199349,204524,215063,223712,225164,228887,231472,241330,286770
119620,128969,141022,145620,148569,167678,168128,172076,180320,187083,191865,197417,200024,220466,241512,252955
138234,177208,182350,182782,195296,212265,212887,219364,230371,238728,249758,253338,257023
124593,130633,160216,179088,197538,210322,216164,219229,242179,242699,255457,265097,271076
155109,162855,165772,168990,171883,174474,192018,196040,199349,204524,215063,223712,231472,241330,286770,293921
130655,183634,184674,203536,203844,223448,226420,239080,242742,249603,257996,261745
130655,177248,183634,184674,188447,203536,203844,223448,226420,239080,242742,249603,257996,261745
118424,128713,137301,141765,148910,162522,167103,172698,178975,183539,205841,257265,282683
118424,128713,137301,141765,148910,167103,172698,178975,183539,205841,257265,282683
124277,141178,146609,153211,160863,177944,181734,206737,225964,230070,239648,240213,245843,249766,257131,260272,273481,274371
133327,148884,160047,172584,176457,226260,228180,228588,239891,240612,241618,266191,268025,290542
153310,162855,168990,174474,180040,182424,192018,196040,199349,204524,205912,220467,223712,241330,247623
126632,198918,222154,233030,236337,236354,247300,250072,253583,256572,258492,259178,274818
125701,153687,159754,183866,186672,206550,216247,216982,222612,242172,271205,271622
153310,155109,162855,165772,167403,168990,174474,180040,182424,192018,196040,199349,204524,215063,223712,231472,241330
121287,129249,135799,153665,185182,193310,199972,206209,208725,220804,238103,245130,247619,264703,270356
122651,135337,145890,146749,167436,174798,175370,181444,202275,210229,213639,242052,244938
119483,119807,127739,129826,129830,134552,143055,145805,183911,185261,198471,204014,207756,235431,265211
130655,145160,175039,177248,183634,184674,188447,203536,203844,223448,226420,238102,239080,242742,249603,257996,261745
119620,128969,141022,145620,148569,167678,168128,172076,180320,187083,191865,197417,200024,220466,252955
124593,130633,179088,197538,210322,219229,242179,242699,251872,255457,265097,271076
124277,141178,149064,152244,177944,178036,181734,206737,239648,240213,245843,249766,273481,274371
153310,155109,162855,165772,167403,168990,174474,180040,182424,192018,196040,199349,204524,215063,223712,225164,231472,241330
130655,145160,177248,184674,188447,195319,203536,203844,223448,226420,239080,242742,249603,256413,257996,261745
124277,141178,149064,152244,153211,177944,206737,225964,240213,245843,273481,274371
125884,160047,163846,173635,176457,182443,215956,226260,226796,228180,229888,231289,239891,240612,241618,242376,266191,268145,270247
124277,141178,146609,153211,160863,177944,178036,181734,206737,225964,230070,239648,240213,245843,249766,260272,273481,274371,279545
162855,168990,174474,180040,182424,192018,196040,199349,204524,205912,215063,220467,223712,241330
153310,165772,167403,174474,196040,199349,204524,223712,225164,228887,231472,241330
124277,141178,149064,152244,177944,178036,181734,206737,239648,240213,245843,249766,273481,274371,279545
155109,162855,165772,167403,168990,171883,174474,192018,196040,199349,204524,215063,223712,225164,228887,231472,241330
124277,141178,149064,152244,153211,177944,178036,181734,206737,239648,240213,245843,249766,273481,274371,279545
124277,141178,146609,153211,160863,177944,206737,225964,230070,239648,240213,249766,260272,273481,274371
125884,160047,163846,176457,182443,226260,226796,228180,228588,229888,239891,240612,241618,266191,268025,268145,290542
124277,141178,146609,149064,153211,160863,177944,181734,206737,225964,230070,239648,240213,245843,257131,260272,273481,274371
126632,168595,198918,233030,234741,236337,236354,247300,250072,253583,256572,259178,274818
160047,173635,176457,215956,226260,226796,228180,228588,231289,239891,240612,242376,254879,266191,277337,290542
124277,141178,153211,160863,177944,178036,181734,206737,230070,239648,240213,245843,249766,260272,274371,279545
124593,130633,160216,179088,197538,210322,216164,219229,242179,242699,251872,255457,265097,271076
125884,160047,163846,176457,182443,215956,226260,226796,228180,228588,229888,239891,240612,241618,242376,266191,268025,268145,290542
155109,165772,167403,168990,174474,196040,204524,223712,225164,231472,241330,293921
128969,148569,167678,168128,172076,180320,187083,200024,216985,220466,241512,252955
119483,119807,127739,129826,129830,134552,143055,145805,173992,183911,185261,204014,207756,235431,265211
125884,160047,163846,176457,182443,228180,239891,240612,241618,266191,268025,268145,290542
119620,128969,141022,145620,148569,167678,172076,180320,187083,200024,220466,252955
125884,160047,163846,176457,182443,226260,228180,229888,239891,240612,241618,268145,270247
155109,162855,165772,168990,171883,174474,192018,196040,199349,204524,215063,223712,231472,241330,283951,286770
130655,145160,177248,184674,188447,195319,203536,203844,223448,256413,257996,261745
121287,127622,129249,135799,153665,185182,199972,206209,208725,238103,245130,264703
119483,127739,129826,129830,143055,173992,183911,185261,207756,235431,265211,270504
153310,155109,162855,168990,174474,180040,182424,192018,196040,199349,204524,220467,223712,231472,241330,247623
119952,136343,140689,193241,214283,220938,227387,231690,267034,267529,269969,282612
124593,130633,179088,197538,210322,216164,219229,242179,242699,251872,265097,271076
130655,145160,177248,184674,188447,195319,203536,203844,223448,242742,249603,256413,257996,261745
128969,145620,148569,167678,168128,172076,180320,187083,200024,220466,241512,252955
126632,150287,168595,198918,233030,234741,236337,236354,247300,250072,253583,256509,256572,259178,274818
129826,129830,143055,143862,173992,197391,214819,220047,235431,241440,270504,290920
130655,145160,177248,184674,188447,203536,203844,223448,226420,242742,249603,257996
119620,128969,141022,143803,145620,148569,167678,168128,180320,187083,191865,200024,220466,252955
155109,162855,168990,174474,180040,182424,192018,196040,199349,204524,205912,215063,223712,286770
126632,198918,222154,233030,234741,236337,236354,247300,253583,256509,256572,258492,259178
155109,162855,168990,171883,174474,182424,192018,199349,205912,215063,223712,283951,286770
126632,150287,198918,222154,233030,234741,236337,236354,247300,253583,256509,256572,258492,259178
126632,150287,168595,198918,222154,233030,234741,236337,236354,247300,250072,253583,256509,256572,258492,259178,274818
122651,135337,145890,146749,167436,173464,174798,175370,181405,202275,210229,213639,218409,244938
121287,129249,153665,185182,199972,206209,208725,220804,238103,245130,264703,270356
130655,175039,183634,184674,188447,195319,203536,203844,223448,238102,239080,249603,256413,257996,261745
124277,141178,146609,153211,160863,177944,206737,225964,230070,240213,245843,257131,260272,271368,273481,274371
125701,153687,159754,183866,186672,188598,206550,216247,216982,222612,242172,271205
130655,145160,177248,183634,184674,188447,203536,203844,223448,226420,239080,242742,249603,257996,261745
121287,127622,129249,135799,153665,185182,185612,199972,206209,208725,220804,238103,245130,247619,264703
124277,141178,146609,153211,160863,177944,181734,206737,225964,230070,239648,240213,245843,249766,257131,260272,273481,274371,279545
144265,155867,165414,176078,182350,194670,212887,219364,225045,249758,253338,257023
126632,150287,168595,198918,222154,233030,234741,236337,247300,253583,256509,256572,258492,259178,274818
133327,160047,176457,215956,226260,226796,228180,228588,239891,240612,266191,268025,290542
153310,174474,180040,182424,192018,196040,199349,204524,205912,220467,241330,247623
125884,160047,163846,176457,215956,226260,226796,228180,228588,231289,239891,240612,241618,242376,266191,268025,268145,290542
160047,173635,176457,226260,228180,229888,231289,239891,240612,242376,266191,268145,270247
162855,168990,174474,180040,182424,192018,196040,199349,204524,205912,220467,223712,241330
153310,162855,174474,180040,182424,192018,196040,199349,204524,205912,220467,223712,241330,247623
125304,134059,144188,151564,152551,179591,184140,195295,212667,222473,230564,231343,256525
122651,135337,145890,146749,167436,173464,174798,175370,181444,202275,210229,213639
124277,141178,146609,153211,160863,177944,206737,225964,230070,239648,240213,249766,260272,274371,279545
133327,148884,160047,172584,176457,226796,228180,228588,239891,241618,266191,268025,290542
130655,177248,184674,188447,203536,203844,223448,226420,239080,242742,249603,257996,261745
129249,135799,153665,185182,193310,199972,206209,208725,220804,238103,245130,247619,264703,270356
173635,176457,215956,226260,226796,228180,228588,231289,239891,240612,242376,266191
124277,141178,146609,149064,152244,153211,160863,177944,178036,181734,206737,225964,230070,239648,240213,245843,249766,260272,273481,274371
155109,162855,167403,168990,174474,180040,182424,192018,196040,199349,204524,215063,223712,231472,241330,286770
124277,141178,146609,153211,160863,177944,181734,206737,230070,239648,240213,249766,260272,274371,279545
131560,147319,161794,166144,170879,188731,221557,227129,230985,238252,238955,266003
133327,148884,160047,176457,228180,228588,239891,240612,241618,266191,268025,290542
124277,141178,146609,149064,153211,160863,177944,206737,225964,230070,240213,245843,257131,260272,271368,273481,274371
160047,173635,176457,215956,226260,226796,228180,228588,231289,239891,240612,242376,266191,268145,290542
122651,135337,145890,146749,167436,173464,174798,175370,181405,202275,210229,213639,218409
123983,147319,161794,166144,170879,188731,221557,227129,230985,235063,238252,238955,266003
124277,141178,146609,153211,160863,177944,181734,206737,225964,230070,239648,240213,249766,260272,273481,274371,279545
119483,119807,127739,129826,129830,134552,143055,173992,183911,185261,207756,235431,265211,270504
123983,131560,147319,161794,166144,170879,188731,221557,227129,230985,235063,238252,238955
173635,176457,215956,226260,226796,228180,228588,231289,240612,242376,254879,266191,277337
125876,131888,149654,171155,187550,189253,198218,207702,223387,231345,233770,253528
119620,128969,145620,148569,167678,168128,172076,180320,187083,200024,220466,252955
124277,141178,149064,152244,153211,177944,178036,181734,206737,225964,239648,240213,245843,249766,273481,274371
119483,119807,127739,129826,129830,134552,143055,173992,204014,207756,235431,265211,270504
130655,145160,177248,183634,184674,188447,195319,203536,203844,223448,239080,256413,257996,261745
124277,141178,149064,152244,153211,160863,177944,178036,181734,206737,225964,239648,240213,245843,249766,260272,273481,274371,279545
130655,175039,183634,184674,188447,195319,203536,203844,223448,226420,238102,239080,249603,256413,257996,261745
124277,141178,149064,152244,177944,178036,181734,239648,240213,245843,249766,274371,279545
119465,146609,153211,160863,165282,168028,168477,209067,225964,230070,245203,257131,260272
155109,162855,165772,167403,168990,171883,174474,182424,192018,196040,199349,204524,215063,223712,225164,231472,241330,283951,286770
121330,122213,127324,128846,151684,163759,172999,191294,200831,203793,247610,283457
130655,183634,184674,203536,203844,223448,226420,238102,239080,242742,249603,257996,261745
124277,141178,146609,149064,152244,153211,160863,177944,181734,206737,225964,230070,240213,245843,260272,271368,273481,274371
124277,141178,146609,153211,160863,206737,225964,230070,239648,240213,257131,260272,273481
124277,141178,146609,149064,152244,153211,160863,177944,178036,181734,206737,225964,230070,239648,240213,245843,249766,260272,273481,274371,279545
138234,177208,182350,182782,195296,212265,212887,219364,230371,238728,249758,253338
153310,165772,167403,174474,180040,192018,196040,199349,204524,223712,225164,228887,231472,241330
121287,127622,129249,135799,153665,185182,185612,199972,206209,208725,220804,238103,245130,264703
160047,173635,176457,215956,226260,226796,228180,228588,231289,240612,266191,268025,290542
134490,148268,151289,159882,161276,162716,186349,204817,212251,228330,237403,251256,256126
123983,131560,147319,161794,166144,170879,188731,221557,227129,230985,235063,238252,238955,266003
162855,168990,174474,182424,192018,196040,199349,204524,205912,215063,223712,283951,286770
124277,141178,149064,152244,153211,177944,178036,181734,206737,225964,239648,240213,245843,260272,271368,273481,274371
125701,153687,159754,183866,186672,188598,206550,216247,216982,222612,242172,271205,271622
119952,140689,149295,193241,214283,220938,222307,227387,231690,267034,267529,269969,282612
125884,160047,163846,176457,182443,226260,228180,229888,239891,240612,241618,268025,268145,270247
124277,141178,149064,152244,153211,177944,178036,181734,206737,225964,239648,240213,245843,273481,274371
126632,198918,222154,233030,234741,236337,236354,247300,253583,256509,256572,258492,259178,274818
153310,162855,168990,174474,180040,182424,192018,196040,199349,204524,205912,220467,223712,241330
130655,145160,175039,177248,183634,184674,188447,195319,203536,203844,223448,238102,239080,249603,256413,257996,261745
127445,158786,163217,171270,191539,191591,200231,204369,223032,252246,260794,263398,290128
160047,173635,176457,182443,215956,226260,226796,228180,229888,231289,239891,240612,241618,242376,266191,268145,270247
130655,175039,183634,184674,188447,195319,203844,223448,238102,239080,249603,256413,257996,261745
173635,176457,215956,226260,226796,228180,228588,231289,240612,242376,254879,266191,277337,283044,290542
125884,160047,163846,176457,182443,226260,228180,229888,239891,240612,241618,266191,268025,268145,270247
130655,145160,177248,183634,184674,188447,203536,203844,223448,226420,239080,242742,249603,256413,257996,261745
153310,162855,165772,167403,174474,180040,192018,196040,199349,204524,220467,223712,225164,228887,231472,241330,247623
128209,128399,138441,153832,156294,159059,163342,167090,173312,188321,192332,199958
124277,141178,146609,153211,160863,177944,181734,206737,230070,239648,240213,249766,260272,273481,274371,279545
119620,128969,141022,143803,148569,168128,180320,187083,191865,197417,200024,216985,220466,241512,252955
173635,176457,215956,226260,226796,228588,231289,240612,242376,254879,266191,277337,283478
126632,150287,168595,198918,222154,233030,234741,236337,236354,247300,253583,256509,256572,258492,259178
173635,176457,215956,226260,226796,228180,228588,231289,242376,254879,266191,277337,283044,290542
155109,162855,168990,171883,174474,182424,192018,196040,199349,215063,223712,283951,286770
150287,168595,198918,222154,233030,234741,236337,247300,253583,256509,256572,258492,259178
123983,147319,161794,166144,170879,188731,221557,227129,230985,238252,238955,266003
119483,119807,127739,129826,129830,134552,143055,145805,183911,185261,204014,207756,235431,265211
119620,128969,141022,148569,168128,172076,180320,187083,191865,197417,200024,216985,241512,252955
133327,148884,160047,172584,176457,228180,228588,239891,241618,266191,268025,290542
124277,141178,149064,152244,153211,160863,177944,178036,181734,206737,230070,239648,240213,245843,249766,260272,274371,279545
124277,141178,146609,153211,160863,177944,206737,225964,230070,240213,245203,257131,260272,273481,274371
117592,159299,160448,166836,169765,178446,189907,206366,218705,225167,239477,241458
125884,133327,148884,153024,160047,163846,172584,182443,239891,241618,268025,268145
124277,141178,146609,149064,153211,160863,177944,181734,206737,225964,230070,239648,240213,245843,249766,257131,260272,273481,274371
119952,136343,140689,149295,193241,214283,220938,227387,231690,267034,267529,269969,282612
130655,183634,184674,203536,203844,223448,226420,238102,239080,249603,257996,261745
126632,150287,168595,198918,222154,233030,234741,236337,236354,247300,253583,256509,256572,258492,259178,274818
155109,162855,168990,174474,180040,182424,192018,196040,199349,204524,205912,215063,223712,241330
119952,140689,149295,193241,214283,220938,222307,227387,231690,267034,267529,282612
