160047,176457,215956,226260,226796,228180,228588,231289,239891,240612,242376,266191
155109,162855,168990,171883,174474,192018,196040,199349,204524,215063,223712,241330,286770
126632,198918,222154,233030,236337,236354,247300,250072,253583,256572,259178,274818
160047,173635,176457,215956,226260,226796,228180,228588,239891,240612,242376,266191
155109,162855,168990,171883,174474,192018,196040,199349,204524,215063,223712,241330
160047,173635,176457,215956,226260,226796,228180,228588,231289,240612,242376,266191
155109,162855,168990,171883,192018,196040,199349,204524,215063,223712,241330,286770
155109,162855,168990,171883,174474,192018,196040,199349,204524,215063,223712,286770
124277,141178,149064,152244,177944,178036,181734,239648,245843,249766,274371,279545
160047,173635,176457,215956,226260,226796,228180,228588,231289,239891,240612,242376,266191
130655,177248,184674,188447,203536,203844,223448,226420,242742,249603,257996,261745
155109,162855,168990,171883,174474,192018,196040,199349,215063,223712,241330,286770
160047,173635,176457,215956,226260,226796,228180,231289,239891,240612,242376,266191
160047,173635,176457,226260,226796,228180,228588,231289,239891,240612,242376,266191
