123288,163973,188072,193677,196521,196794,199224,211940,214044,216885,225486,229836,233464,240895,248885,250088,256103,257446,258611,275092
136419,144235,147056,158463,161425,165102,178664,187307,193138,210033,225545,227067,231668,245432,255324,262288
125600,149315,160955,161533,170764,181206,186218,196987,202814,202918,203870,204484,207768,213808,214895,216004,221365,223120,226562,229552,230338,233379,233553,235795,237960,241634,248440,264860,288872
119990,123924,126571,128133,129270,131555,132884,136825,143493,154470,155362,156245,157908,158021,158316,159515,164099,165685,167197,177297,177783,178149,192435,194231,204192,204283,221011,231699,241374,254605,258121,287404
124953,146608,157879,162925,165033,165472,165992,172023,178362,188723,194420,206357,207732,228265,229193,237675
149513,160989,163048,165182,166228,172559,186598,205395,208121,209220,220910,227384,293422
121608,121721,129610,135435,154554,162082,163837,166128,179298,179504,181293,186334,191774,192450,216426,236369,256049,269250
119990,123924,128133,129270,131555,132884,136825,143493,154470,155362,157908,158021,158316,159515,164099,165685,177297,177783,204283,221011,231699,241374,254605
149513,160989,165182,166228,172559,191913,200953,205395,208121,209220,213104,220910,281897,293422
157196,170445,171497,187340,189622,196874,201983,207744,214441,214893,215500,235005
119990,123924,128133,129270,136825,154470,155362,158021,158316,159515,165685,177297,177783,192435,231699,241374,254605,287404
121608,146587,151523,162082,163837,166128,182715,186827,191774,192450,193831,232890,235370,241812,256049,269250,270728,285426
134377,134781,138622,159568,161300,200932,216765,244724,252299,252757,253071,254501,278753
141435,149486,152030,152785,183639,190381,205889,206179,210413,210940,211793,231859,232567,233365,242493,243656,258637
120281,121721,125911,129610,131163,143438,146059,180169,181293,236369,238893,290201
120105,130000,145704,161695,166324,206811,221573,226403,232057,241505,242346,243647,246141,251294,266291,269170,270040
121608,121721,129610,135435,154554,162082,163837,166128,179298,179504,181293,186334,186827,191774,192450,216426,236369,256049,269250
121608,135435,146587,151523,154554,162082,163837,166128,179298,179504,182715,186334,186827,191774,192450,193831,194078,202866,232890,235370,241812,256049,269250,270728,285426
136419,144235,147056,158463,161425,165102,178664,187307,193138,201646,210033,225545,227067,231668,245432,262288
117627,130255,156362,173856,184024,185077,196771,206651,208090,209108,213990,228118,238067,263014
120105,130000,145704,161695,166324,206811,221573,226403,242346,243647,246141,251294,266291,269170,270040
120281,121608,121721,129610,131163,135435,143438,146059,154554,162082,163837,166128,179298,179504,180169,181293,186334,191774,192450,216426,236369,256049,269250
125600,149315,160955,161533,170764,181206,186218,196987,202814,202918,203870,204484,207768,214895,221365,226562,229552,230338,232621,233379,233553,235795,236954,241634,248440,264860,288872
122954,129593,135761,147876,150442,156417,159509,167176,167446,168385,169374,198405,223519,237185
123288,163973,193677,196521,196794,211940,225486,229836,233464,250088,256103,257446,258611,275092
125600,149315,160955,161533,170764,181206,186218,196987,202814,202918,203870,204484,207768,214895,221365,226562,229552,233379,233553,235795,237960,241634,248440,264860,288872
122954,129593,135761,138128,147876,150442,156417,159509,167446,168385,169374,198405,223519
120089,122954,129593,135761,138128,147876,150442,156417,159509,167176,168385,169374,182856,198405,198756,223519,237185
125600,149315,160955,161533,170764,181206,186218,196987,201699,202814,202918,203870,204484,207768,209994,213808,214895,216004,221365,226562,229552,230338,233379,233553,235795,241634,248440,264860,288872
188443,196687,203568,205317,206989,258423,259540,260256,265772,270371,271720,274192,283109
136403,153727,164571,185315,193036,205409,209401,211631,213825,217851,226298,260779,275186
126571,136825,164099,167197,167893,177297,178149,186729,192435,194231,204192,218752,223164,231699,241374,254605,258121,287404,288479
119990,123924,128133,129270,131555,132884,143493,154470,155362,156245,157908,158021,158316,159515,165685,177297,177783,204283,221011,231699,241374
120211,151523,154141,182715,183815,187634,188622,195569,235370,241812,246044,250743,267335,285426
118905,120211,121608,130269,139102,146587,151523,154141,162082,163837,166128,182715,183815,186827,187634,188622,188722,189967,191774,192450,193831,194078,195569,202866,213828,219093,232890,235370,241812,246044,250743,256049,267335,269250,270728,285426
123288,163973,193677,196521,196794,199224,211940,214044,216885,225486,229836,233464,240895,250088,256103,257446,258611,275092
147008,149315,181206,186218,201699,203870,204484,207768,209994,213808,214895,216004,221365,223120,230338,233379,235795,237960,241634
125600,149315,160955,161533,181206,186218,196987,202814,203870,204484,207768,209994,213808,214895,216004,221365,223120,226562,230338,233379,233553,235795,237960,241634,248440,264860,288872
122915,135105,146295,172269,183597,186935,188815,200496,222231,230501,251637,254433,266041,266767
147008,149315,181206,186218,201699,203870,204484,207768,209994,213808,214895,216004,221365,230338,231222,233379,235795,236585,241634
118905,120211,130269,139102,146587,151523,154141,162082,166128,182715,183815,186827,187634,188622,188722,189967,193831,194078,195569,202866,213828,219093,232890,235370,241812,246044,250743,256049,267335,269250,270728,285426
118219,149513,160989,163048,165182,186598,191913,201891,205395,208121,209220,220910,227384,234761,274473,293422
121608,121721,129610,135435,154554,162082,163837,166128,179298,179504,181293,186334,191774,192450,216426,232890,256049,269250
119990,123924,126571,128133,129270,136825,143493,154470,155362,157908,158021,158316,159515,164099,165685,167197,177297,177783,178149,192435,194231,204192,221011,231699,241374,254605,258121,287404
147008,181206,201699,203870,207768,209994,213808,216004,223120,230338,231222,233379,235795,237960,241634
123288,163973,193677,196521,225486,229836,233464,250088,256103,257446,258611,275092
117793,135505,137892,138085,149892,150925,167445,167456,167692,173376,226461,237436
121608,135435,154554,162082,163837,166128,179298,179504,186334,186827,191774,192450,216426,256049,269250
118905,120211,121608,130269,146587,151523,154141,162082,163837,166128,179298,179504,182715,186334,186827,187634,188622,189967,191774,192450,193831,194078,202866,219093,232890,235370,241812,246044,250743,256049,267335,269250,270728,285426
120281,121721,129610,131163,135435,143438,146059,154554,163837,179298,179504,180169,181293,186334,191774,192450,216426,236369
120281,121608,121721,129610,135435,154554,162082,163837,166128,179298,179504,181293,186334,191774,192450,216426,236369,256049,269250
125600,149315,160955,161533,170764,186218,196987,202814,202918,204484,207768,214895,221365,226562,229552,232621,233379,233553,235795,241634,248440,264860,288872
121951,133323,153343,159682,186431,197689,204316,224327,224779,228874,237316,242993
135105,146295,167854,172269,183597,186935,188815,200496,212808,229791,266041,266767,281871
147008,181206,201699,203870,209994,213808,216004,223120,230338,231222,233379,235795,237960,241634
125600,160955,161533,170764,196987,202814,202918,229552,232621,233553,236954,248440,264860
126571,136825,158021,164099,167197,167893,177297,178149,186729,192435,194231,204192,218752,223164,231699,241374,254605,258121,287404,288479
170612,177448,188166,192080,197650,211022,216003,220253,233442,237802,260013,273107
118219,149513,160989,163048,165182,172559,186598,191913,201891,205395,208121,209220,213104,220910,227384,234761,293422
121608,135435,146587,154554,162082,163837,166128,179298,179504,182715,186334,186827,191774,192450,193831,202866,216426,232890,235370,241812,256049,269250,270728
160989,163048,165182,166228,172559,186598,200953,205395,208121,209220,220910,227384,293422
147008,149315,181206,181388,186218,201699,203870,204484,207768,209994,213808,214895,215340,216004,221365,230338,231222,233379,235795,236585,237960,241634
118905,120211,121608,130269,135435,146587,151523,154141,162082,163837,166128,179298,179504,182715,186334,186827,187634,188622,188722,189967,191774,192450,193831,194078,202866,219093,232890,235370,241812,246044,250743,256049,267335,269250,270728,285426
119990,123924,126571,136825,158021,164099,167197,177297,178149,192435,194231,204192,231699,241374,254605,258121,287404
117698,141789,158326,162878,165680,176244,202693,219639,231413,242777,247384,259564,273218,278912
120089,121441,122954,129593,135761,138128,147876,156417,159509,167176,168385,169374,182856,198405,198756,219593,223519,237185,238042
119895,124953,146608,157879,162925,164007,165033,165472,172023,178362,188723,194420,194878,206357,207732,228265,229193,229425,231457,237675,274066
122915,135105,146295,161184,172269,183597,186935,188815,200496,230501,251637,254433,266041,266767
125600,149315,161533,170764,181206,186218,201699,202814,203870,204484,207768,209994,213808,214895,216004,221365,226562,229552,230338,233379,233553,235795,241634,248440,288872
147008,149315,181206,186218,201699,203870,204484,207768,209994,213808,214895,216004,221365,226562,230338,231222,233379,235795,236585,237960,241634,288872
147008,181206,201699,203870,209994,213808,215340,216004,223120,230338,231222,233379,237960
125600,149315,160955,161533,170764,181206,186218,196987,202814,202918,203870,204484,207768,209994,213808,214895,216004,221365,223120,226562,229552,230338,233379,233553,235795,237960,241634,248440,264860,288872
121608,146587,151523,162082,163837,166128,182715,186334,186827,189967,191774,192450,193831,194078,202866,232890,235370,241812,246044,256049,269250,270728,285426
121608,135435,146587,162082,163837,166128,179298,179504,186334,186827,189967,191774,192450,193831,194078,202866,232890,256049,269250,270728
119895,124953,127943,164007,165033,165472,185904,194878,228265,229193,229425,231457,237675,274066
120211,130269,146587,151523,154141,182715,186827,187634,188622,189967,193831,194078,195569,202866,232890,235370,241812,246044,250743,267335,270728,285426
117627,130255,156362,173856,184024,196771,206651,208090,209108,213990,223839,228118,238067,248568,263014
124953,146608,157879,165033,165472,165992,172023,178362,188723,194420,194878,206357,207732,229425,274066
118905,120211,130269,146587,151523,154141,182715,183815,186827,187634,188622,189967,193831,194078,195569,202866,219093,232890,235370,241812,246044,250743,267335,270728,285426
123288,163973,188072,193677,196521,216885,225486,233464,240895,248885,250088,256103,257446,258611,275092
120281,121608,121721,129610,135435,146059,162082,163837,166128,179298,179504,181293,186334,191774,192450,216426,236369,256049,269250,290201
119990,123924,129270,136825,154470,155362,158021,158316,164099,167197,177297,177783,192435,194231,204192,231699,241374,254605,258121,287404
118905,120211,130269,139102,146587,151523,162082,163837,166128,182715,186334,186827,187634,188622,188722,189967,191774,192450,193831,194078,202866,213828,219093,232890,235370,241812,246044,250743,256049,267335,269250,270728,285426
119990,123924,126571,136825,158021,164099,167197,177297,178149,186729,192435,194231,204192,218752,223164,231699,241374,254605,258121,287404,288479
119990,123924,126571,136825,158021,164099,167197,177297,178149,186729,192435,194231,204192,218752,223164,231699,241374,254605,258121,287404
121608,121721,129610,135435,154554,162082,163837,166128,179298,179504,181293,186334,186827,191774,192450,216426,232890,236369,256049,269250
119990,123924,126571,136825,155362,158021,158316,164099,167197,177297,178149,192435,194231,204192,231699,241374,254605,258121,287404
146587,151523,162082,182715,186827,189967,193831,202866,232890,235370,241812,246044,270728,285426
119990,123924,129270,136825,154470,155362,158021,158316,159515,167197,177297,177783,192435,194231,231699,241374,254605,258121,287404
121608,135435,162082,163837,166128,179298,179504,186334,186827,191774,192450,193831,232890,256049,269250
120281,121608,121721,129610,131163,135435,143438,146059,154554,162082,163837,166128,179298,179504,181293,186334,191774,192450,216426,236369,256049,269250,290201
149513,160989,163048,165182,166228,172559,186598,191913,200953,205395,208121,209220,220910,227384,293422
120105,130000,145704,157001,161695,166324,206811,221573,243647,246141,251294,266291,269170
119734,128098,128705,128921,134232,136221,141203,141763,152147,172976,202514,234834
119895,162925,165033,165472,172023,185904,188723,194878,207732,228265,229193,229425,231457,237675,274066
126884,142292,143081,151692,153133,167032,168461,176066,177758,191711,197467,198375,201909,207504,228759
125600,149315,160955,161533,170764,186218,196987,202814,202918,204484,207768,214895,221365,226562,229552,232621,233553,235795,248440,264860,288872
119990,123924,126571,129270,136825,154470,155362,158021,158316,164099,167197,177297,177783,178149,192435,194231,204192,231699,241374,254605,258121,287404
121334,149486,152785,164277,188009,205889,210413,210940,212160,214033,231859,233365,243656,258637
121608,146587,151523,162082,163837,166128,182715,186334,186827,191774,192450,193831,232890,235370,241812,256049,269250,270728,285426
120089,121441,122954,129593,135761,156417,159509,167176,168385,169374,182856,198405,198756,219593,223519,237185,238042
119990,123924,128133,129270,131555,132884,136825,143493,154470,155362,156245,157908,158021,158316,159515,165685,167197,177297,177783,192435,194231,204283,221011,231699,241374,254605,287404
125600,149315,160955,161533,170764,186218,196987,202814,202918,203870,204484,207768,214895,221365,226562,229552,232621,233379,233553,235795,241634,248440,264860,288872
117965,130570,139195,143789,145372,179986,189428,191281,192913,194944,199433,202426,215332
132084,133314,138600,144442,149247,157121,157140,177157,213913,253923,265560,275579
120089,122954,129593,135761,147876,150442,156417,159509,167176,168385,169374,198405,198756,223519,237185
119895,124953,146608,157879,162925,165033,165472,165992,172023,178362,188723,194420,194878,206357,207732,228265,229193,229425,231457,237675,274066
125600,149315,160955,161533,170764,181206,186218,196987,202814,202918,203870,204484,207768,214895,221365,226562,229552,230338,233379,233553,235795,241634,248440,264860,288872
120281,121608,121721,129610,131163,135435,143438,146059,154554,162082,163837,166128,179298,179504,180169,181293,186334,191774,192450,216426,236369,269250,290201
118905,120211,130269,139102,146587,151523,154141,162082,163837,166128,182715,183815,186827,187634,188622,188722,189967,192450,193831,194078,195569,202866,213828,219093,232890,235370,241812,246044,250743,256049,267335,269250,270728,285426
147008,181206,181388,201699,207768,209994,213808,214895,215340,216004,221365,230338,231222,233379,235795,236585
119990,123924,128133,129270,131555,132884,136825,143493,154470,155362,156245,157908,158021,158316,159515,164099,165685,167197,177297,177783,178149,192435,194231,204283,221011,231699,241374,254605,258121,287404
119895,124953,146608,162925,164007,165033,165472,178362,188723,194420,194878,207732,228265,229193,229425,231457,237675,274066
149315,161533,181206,186218,201699,203870,204484,207768,209994,213808,214895,216004,221365,223120,226562,230338,233379,235795,237960,241634,288872
121608,135435,146587,154554,162082,163837,166128,179298,179504,186334,186827,191774,192450,193831,202866,216426,232890,256049,269250,270728
125600,149315,160955,161533,170764,181206,186218,196987,202814,202918,203870,204484,207768,213808,214895,216004,221365,226562,229552,230338,233379,233553,235795,241634,248440,264860,288872
121608,146587,151523,162082,163837,166128,182715,186827,192450,193831,202866,232890,235370,241812,246044,256049,270728,285426
147008,181206,181388,201699,203870,207768,209994,213808,215340,216004,221365,230338,231222,233379,235795,236585,237960,241634
118219,149513,158552,160989,163048,165182,172559,191913,201891,205395,208121,209220,213104,220910,227384,274473,293422
120260,129715,169163,175593,183721,199966,202941,205081,222859,242682,267585,280612
147008,149315,181206,181388,186218,201699,203870,204484,207768,209994,213808,214895,215340,216004,221365,230338,231222,233379,235795,236585,237960,241634,268639
122954,129593,135761,138128,147876,150442,156417,159509,167176,169374,198405,198756,219593,223519
125600,149315,160955,161533,170764,181206,186218,196987,202814,202918,203870,204484,207768,213808,214895,216004,221365,226562,229552,230338,232621,233379,233553,235795,241634,248440,264860,288872
120211,121608,146587,151523,154141,162082,163837,166128,182715,186334,186827,188622,189967,191774,192450,193831,194078,202866,232890,235370,241812,246044,256049,269250,270728,285426
132736,147971,165751,213037,221265,221374,229776,232757,235361,236356,237555,268571
119990,126571,136825,158021,164099,167197,177297,178149,192435,194231,204192,231699,241374,254605,258121,287404
123288,163973,193677,196521,196794,199224,214044,216885,225486,257446,258611,275092
149315,161533,181206,186218,196987,202814,203870,204484,207768,216004,221365,223120,226562,233379,235795,237960,241634,288872
119895,124953,127943,164007,165033,165472,194420,194878,228265,229193,229425,231457,237675,274066
118905,120211,130269,139102,146587,151523,154141,182715,186827,187634,188622,188722,189967,193831,194078,202866,213828,219093,232890,235370,241812,246044,250743,267335,270728,285426
126168,170612,177448,188166,192080,197650,211022,216003,220253,233442,260013,273107
120211,130269,146587,151523,154141,182715,186827,187634,188622,189967,193831,194078,202866,232890,235370,241812,246044,250743,256049,267335,270728,285426
119895,127943,162925,165033,165472,172023,185904,207732,228265,229193,229425,231457,237675,274066
128133,131555,132884,143493,156245,157908,159515,165685,167191,204283,204736,221011
149315,161533,181206,186218,201699,202814,203870,204484,207768,209994,213808,214895,216004,221365,223120,226562,230338,233379,235795,237960,241634,288872
125600,149315,160955,161533,181206,186218,196987,202814,203870,204484,207768,214895,216004,221365,223120,226562,233379,233553,235795,237960,241634,248440,264860,288872
119895,124953,127943,146608,162925,164007,165033,165472,172023,178362,185904,188723,194420,194878,206357,207732,228265,229193,229425,231457,237675,274066
121334,149486,152785,164277,188009,205889,210413,210940,212160,214033,231859,243656,258637
118219,149513,158552,160989,165182,166228,172559,191913,200953,201891,205395,208121,209220,213104,220910,274473,293422
118905,120211,130269,139102,146587,151523,154141,182715,183815,187634,188622,188722,189967,194078,195569,202866,213828,219093,232890,235370,241812,246044,250743,267335,270728,285426
147008,149315,181206,186218,201699,203870,204484,207768,209994,213808,214895,215340,216004,221365,230338,231222,233379,235795,236585,237960,241634
119990,123924,128133,129270,136825,154470,155362,158021,158316,159515,167197,177297,177783,192435,231699,241374,254605,258121,287404
120281,121721,125911,129610,131163,135435,143438,146059,154554,179298,179504,180169,181293,216426,236369,290201
125600,149315,160955,161533,170764,181206,186218,196987,202814,202918,203870,204484,207768,214895,216004,221365,223120,226562,229552,233379,233553,235795,237960,241634,248440,264860,288872
118219,149513,158552,160989,163048,165182,186598,191913,201891,205395,208121,209220,213104,220910,227384,234761,274473,293422
125600,149315,160955,161533,170764,181206,186218,196987,202814,202918,203870,204484,207768,214895,216004,221365,226562,229552,232621,233379,233553,235795,236954,237960,241634,248440,264860,288872
119895,124953,146608,162925,164007,165033,165472,172023,178362,188723,194420,194878,207732,228265,229193,229425,231457,237675,274066
118905,120211,121608,130269,139102,146587,151523,162082,163837,166128,179504,182715,186334,186827,187634,188622,188722,189967,191774,192450,193831,194078,202866,219093,232890,235370,241812,246044,256049,267335,269250,270728,285426
125600,160955,161533,170764,202814,202918,204484,214895,226562,229552,232621,233553,248440,264860,288872
119990,123924,128133,129270,136825,154470,155362,157908,158021,158316,164099,167197,177297,177783,178149,194231,221011,231699,241374,254605
118219,149513,165182,166228,172559,191913,200953,205395,208121,209220,213104,220910,281897,293422
149513,160989,163048,165182,166228,172559,191913,200953,205395,208121,209220,220910,227384,281897,293422
125600,149315,160955,161533,170764,186218,196987,202814,202918,203870,204484,221365,226562,229552,233379,233553,235795,236954,237960,241634,248440,264860,288872
118219,149513,165182,166228,172559,191913,200953,208121,209220,213104,220910,281897,293422
121608,135435,146587,151523,162082,163837,166128,179298,179504,182715,186334,186827,188622,189967,191774,192450,193831,194078,202866,232890,235370,241812,246044,256049,269250,270728,285426
120211,121608,146587,151523,154141,162082,166128,182715,186827,187634,188622,189967,193831,194078,202866,232890,235370,241812,246044,250743,256049,267335,270728,285426
118905,120211,130269,139102,154141,183815,187634,188622,188722,195569,213828,219093,246044,250743,267335
118905,120211,130269,139102,146587,151523,154141,162082,163837,166128,182715,186334,186827,187634,188622,188722,189967,191774,192450,193831,194078,202866,213828,219093,232890,235370,241812,246044,250743,256049,267335,269250,270728,285426
136419,144235,147056,158463,161425,165102,178664,187307,193138,201646,210033,225545,227067,245432,255324,262288
120211,130269,146587,182715,188622,189967,193831,194078,202866,219093,232890,270728,285426
125600,149315,160955,161533,170764,181206,186218,196987,202814,202918,203870,204484,207768,213808,214895,221365,226562,229552,230338,233379,233553,235795,241634,248440,264860,288872
121608,135435,146587,154554,162082,163837,166128,179298,179504,182715,186334,186827,191774,192450,193831,194078,202866,216426,232890,241812,256049,269250,270728
120260,129715,164101,169163,175593,183721,199966,205081,222859,242682,267585,280612
119990,123924,126571,128133,129270,131555,132884,136825,143493,154470,155362,157908,158021,158316,159515,164099,165685,167197,177297,177783,178149,192435,194231,204192,221011,231699,241374,254605,258121,287404
149513,160989,163048,165182,172559,186598,191913,205395,208121,209220,220910,227384,234761,293422
119990,123924,128133,129270,132884,136825,143493,154470,155362,157908,158021,158316,159515,164099,165685,167197,177297,177783,178149,194231,221011,231699,241374,254605,287404
119990,123924,128133,129270,131555,132884,136825,143493,154470,155362,156245,157908,158021,158316,159515,164099,165685,177297,177783,204283,221011,231699,241374,254605
120211,121608,130269,135435,146587,151523,162082,163837,166128,179504,182715,186334,186827,188622,189967,191774,192450,193831,194078,202866,232890,235370,241812,246044,256049,269250,270728,285426
122915,135105,146295,161184,167854,172269,183597,186935,187899,188815,200496,212808,229791,230501,251637,254433,266041,266767,281871
117627,130255,156362,173856,184024,185077,196771,206651,208090,209108,213990,228118
149513,160989,163048,165182,172559,186598,205395,208121,209220,220910,227384,234761,293422
120089,122954,129593,135761,138128,156417,159509,167176,168385,169374,182856,198405,198756,219593,223519,237185,238042
123288,163973,188072,193677,196521,199224,214044,216885,225486,233464,240895,248885,250088,256103,257446,258611,275092
125600,149315,160955,161533,181206,186218,196987,202814,203870,204484,207768,209994,213808,214895,216004,221365,223120,226562,229552,230338,233379,233553,235795,237960,241634,248440,264860,288872
126884,142292,143081,167032,176066,177758,191711,192684,198375,208037,225574,232845,241507,255267
124953,146608,157879,162925,165033,165472,165992,172023,178362,188723,194420,194878,206357,207732,228265,229193,229425,237675
120089,122954,129593,135761,138128,147876,150442,156417,159509,167176,168385,169374,182856,198405,198756,219593,223519,237185,238042
122915,135105,146295,161184,167854,172269,183597,186935,188815,200496,212808,229791,230501,254433,266041,266767,281871
149513,160989,163048,165182,186598,191913,201891,205395,208121,209220,227384,234761,293422
126571,136825,164099,167197,167893,178149,186729,192435,194231,204192,218752,223164,254605,258121,287404,288479
125600,149315,161533,181206,186218,196987,202814,203870,204484,207768,209994,213808,214895,216004,221365,223120,226562,230338,233379,233553,235795,237960,241634,248440,288872
124953,146608,157879,162925,164007,165033,165472,165992,172023,178362,188723,194420,194878,206357,207732,228265,229193,229425,231457,237675,274066
121608,146587,162082,163837,166128,179298,182715,186334,186827,191774,192450,193831,232890,235370,241812,256049,269250
120211,121608,146587,151523,154141,162082,163837,166128,182715,186827,187634,188622,189967,192450,193831,194078,202866,232890,235370,241812,246044,250743,256049,267335,270728,285426
118219,149513,160989,163048,165182,172559,191913,200953,201891,205395,208121,209220,213104,220910,227384,274473,293422
119990,123924,128133,129270,136825,143493,154470,155362,157908,158021,158316,159515,164099,167197,177297,177783,178149,192435,194231,204192,231699,241374,254605,287404
133081,135747,144461,188166,192080,218757,223099,226373,236086,237802,253419,276591
122954,129593,135761,138128,147876,150442,156417,159509,167446,168385,169374,198405,223519,237185
119990,123924,126571,129270,136825,154470,155362,157908,158021,158316,164099,167197,177297,177783,178149,192435,194231,204192,231699,241374,254605,258121,287404
123288,163973,188072,193677,196521,216885,225486,233464,240895,250088,257446,275092
120211,130269,146587,151523,162082,163837,166128,182715,186334,186827,188622,189967,191774,192450,193831,194078,202866,232890,235370,241812,246044,256049,269250,270728,285426
119990,123924,128133,129270,131555,132884,136825,143493,154470,155362,156245,157908,158021,158316,159515,164099,165685,167197,177297,177783,192435,194231,204283,221011,231699,241374,254605,258121,287404
125600,149315,160955,161533,170764,181206,186218,196987,202814,202918,203870,204484,207768,209994,213808,214895,216004,221365,226562,229552,230338,233379,233553,235795,241634,248440,264860,288872
126884,142292,143081,151692,153133,167032,168461,177758,191711,197467,198375,198609,201909,207504,213306,224986,228759
119990,123924,128133,129270,132884,136825,143493,154470,155362,157908,158021,158316,159515,165685,167197,177297,177783,192435,194231,231699,241374,254605,258121,287404
119895,124953,127943,146608,162925,164007,165033,165472,172023,188723,194420,194878,207732,228265,229193,229425,231457,237675,274066
120089,121441,129593,135761,156417,159509,167176,168385,182856,198405,198756,219593,223519,237185,238042,242641
183897,199176,204030,204265,215967,216680,218488,227658,233021,246629,260128,270412
146587,151523,154141,182715,186827,187634,189967,193831,194078,195569,202866,232890,235370,241812,246044,250743,267335,270728,285426
118905,120211,130269,139102,151523,154141,183815,187634,188622,188722,189967,194078,195569,202866,213828,219093,246044,250743,267335,285426
132337,158799,161210,166811,181904,199123,205239,243618,248319,254633,260304,260695,262571,263801
120281,121608,121721,129610,131163,135435,143438,146059,154554,162082,163837,179298,179504,181293,186334,191774,192450,216426,236369,269250
122954,129593,135761,138128,147876,156417,159509,167176,168385,169374,198405,198756,219593,223519
147008,170308,181206,181388,201699,203870,207768,209994,213808,215340,216004,230338,231222,233379,236585,237960,268639
120281,121608,121721,129610,131163,135435,143438,146059,154554,162082,163837,179298,179504,181293,186334,191774,192450,216426,236369
123288,163973,188072,193677,199224,214044,216885,225486,240895,248885,257446,275092
118219,149513,160989,163048,165182,166228,172559,186598,191913,200953,201891,205395,208121,209220,213104,220910,227384,293422
136419,147056,158463,165102,178664,187307,201646,210033,225545,227067,245432,255324,262288
120281,121721,129610,131163,135435,143438,146059,154554,163837,166128,179298,179504,180169,181293,186334,191774,192450,216426,236369,269250,290201
118905,120211,121608,130269,139102,146587,151523,154141,162082,163837,166128,182715,183815,186827,187634,188622,188722,189967,192450,193831,194078,195569,202866,213828,219093,232890,235370,241812,246044,250743,256049,267335,269250,270728,285426
121608,135435,146587,162082,163837,166128,179298,179504,182715,186334,186827,189967,191774,192450,193831,194078,202866,232890,241812,256049,269250,270728,285426
126884,142292,143081,151692,153133,167032,168461,176066,177758,191711,192684,197467,198375,198609,201909,207504,213306,224986,225574,228759
125600,149315,161533,181206,186218,196987,202814,203870,204484,207768,214895,216004,221365,223120,226562,230338,233379,233553,235795,237960,241634,288872
119895,124953,127943,162925,164007,165033,165472,185904,194420,194878,228265,229193,229425,231457,237675,274066
133081,170612,177448,188166,192080,197650,216003,220253,226373,233442,237802,260013,273107
120281,121608,121721,129610,135435,143438,146059,154554,162082,163837,166128,179298,179504,181293,186334,191774,192450,216426,236369,256049,269250
121608,135435,146587,154554,162082,163837,166128,179298,179504,181293,186334,186827,191774,192450,193831,216426,232890,256049,269250,270728
118905,120211,121608,130269,139102,146587,151523,154141,162082,163837,166128,182715,183815,186334,186827,187634,188622,188722,189967,191774,192450,193831,194078,202866,213828,219093,232890,235370,241812,246044,250743,256049,267335,269250,270728,285426
120089,121441,129593,135761,156417,159509,167176,168385,169374,182856,198405,198756,223519,237185,238042
147008,181206,201699,203870,207768,209994,213808,215340,216004,230338,231222,233379,235795,237960,241634
124953,146608,157879,162925,165033,165472,165992,172023,178362,188723,194420,194878,206357,207732,229425,237675,274066
118905,120211,130269,139102,146587,151523,154141,182715,183815,187634,188622,188722,189967,194078,202866,213828,219093,232890,235370,246044,250743,267335,270728,285426
121608,135435,146587,151523,162082,163837,166128,179298,179504,182715,186334,186827,189967,191774,192450,193831,194078,202866,232890,235370,241812,256049,269250,270728,285426
122654,132084,133314,137363,138600,144442,149247,157121,157140,177157,195197,213913,221445,253923
123288,193677,196521,196794,211940,225486,229836,233464,250088,256103,257446,258611
121608,146587,151523,162082,163837,166128,179504,182715,186334,186827,188622,189967,191774,192450,193831,194078,202866,232890,235370,241812,246044,256049,269250,270728,285426
122136,132337,158799,161210,166811,181904,243618,248319,260304,260695,262571,263801
118219,149513,158552,165182,166228,172559,191913,200953,201891,205395,208121,209220,213104,220910,274473,293422
123288,163973,193677,196521,196794,199224,211940,214044,225486,256103,257446,258611,275092
125650,126370,126638,148174,153718,156032,157796,166182,169826,175214,207731,221656
120281,121608,121721,129610,131163,135435,143438,146059,154554,163837,166128,179298,179504,180169,181293,186334,191774,192450,216426,236369,269250,290201
121608,135435,146587,151523,154554,162082,163837,166128,179298,179504,182715,186334,186827,189967,191774,192450,193831,194078,202866,216426,232890,235370,241812,256049,269250,270728,285426
147008,170308,181206,181388,201699,209994,213808,215340,216004,230338,231222,236585,268639
125650,126370,126638,148174,153718,156032,157796,166182,169826,175214,193205,207731,221656
120211,121608,130269,135435,146587,151523,154141,162082,163837,166128,179298,179504,182715,186334,186827,187634,188622,189967,191774,192450,193831,194078,202866,219093,232890,235370,241812,246044,250743,256049,267335,269250,270728,285426
123288,163973,193677,196521,196794,211940,214044,225486,229836,233464,250088,256103,257446,258611,275092
118905,120211,130269,139102,151523,154141,183815,187634,188622,188722,189967,195569,213828,219093,235370,246044,250743,267335,285426
118905,120211,130269,139102,146587,151523,154141,182715,183815,187634,188622,188722,189967,193831,194078,195569,202866,213828,219093,232890,235370,241812,246044,250743,267335,270728,285426
118905,120211,121608,130269,139102,146587,151523,162082,163837,166128,182715,186334,186827,187634,188622,188722,189967,191774,192450,193831,194078,202866,219093,232890,235370,241812,246044,256049,267335,269250,270728,285426
123288,163973,188072,196521,199224,216885,225486,240895,248885,250088,257446,275092
126571,164099,167197,167893,178149,186729,192435,194231,204192,218752,223164,231699,254605,258121,287404,288479
119990,123924,126571,136825,158021,164099,167197,167893,177297,178149,186729,192435,194231,204192,218752,223164,231699,241374,254605,258121,287404,288479
119895,124953,127943,162925,164007,165033,165472,188723,194420,194878,207732,228265,229193,229425,231457,237675,274066
119990,123924,128133,129270,131555,132884,136825,143493,154470,155362,157908,158021,158316,159515,164099,165685,167197,177297,177783,178149,194231,221011,231699,241374,254605,287404
121608,129610,135435,146587,154554,162082,163837,166128,179298,179504,181293,186334,186827,191774,192450,216426,232890,256049,269250,270728
126884,142292,143081,151692,153133,167032,168461,197467,198375,198609,201909,207504,213306,224986,228759
121608,129610,135435,154554,162082,163837,166128,179298,179504,181293,186334,186827,191774,192450,216426,232890,236369,256049,269250
118219,149513,160989,163048,165182,172559,186598,191913,201891,205395,208121,209220,213104,220910,227384,274473,293422
119990,123924,126571,129270,136825,154470,155362,158021,158316,164099,167197,177297,178149,192435,194231,204192,231699,241374,254605,258121,287404
147008,149315,181206,201699,203870,207768,209994,213808,215340,216004,221365,230338,231222,233379,235795,237960,241634
120089,121441,129593,135761,156417,159509,167176,168385,169374,182856,198405,198756,219593,223519,237185,238042,242641
147008,170308,181206,181388,201699,203870,207768,209994,213808,214895,215340,216004,221365,230338,231222,233379,235795,236585,241634,268639
118905,120211,121608,130269,139102,146587,151523,154141,162082,163837,166128,182715,186334,186827,187634,188622,188722,189967,191774,192450,193831,194078,202866,213828,219093,232890,235370,241812,246044,250743,256049,267335,269250,270728,285426
121608,135435,146587,151523,162082,163837,166128,179298,179504,182715,186334,186827,189967,191774,192450,193831,194078,202866,232890,235370,241812,246044,256049,269250,270728,285426
119990,123924,128133,129270,136825,143493,154470,155362,157908,158021,158316,159515,164099,167197,177297,177783,178149,192435,194231,204192,221011,231699,241374,254605,287404
117627,156362,173856,196771,208090,209108,213990,223839,228118,238067,248568,263014
122654,132084,133314,137363,138600,144442,149247,157121,157140,177157,195197,213913,221445,253923,265560
122915,135105,167854,172269,183597,186935,187899,188815,200496,212808,229791,230501,251637,254433,266041,266767,281871
118905,120211,130269,139102,146587,151523,154141,182715,183815,186827,187634,188622,188722,189967,193831,194078,195569,202866,213828,219093,235370,241812,246044,250743,267335,285426
149513,160989,163048,165182,166228,172559,186598,191913,200953,201891,205395,208121,209220,220910,227384,293422
118905,120211,130269,139102,146587,151523,154141,182715,183815,186827,187634,188622,188722,189967,193831,194078,195569,202866,213828,219093,232890,235370,241812,246044,250743,267335,270728,285426
125650,126370,126638,138277,148174,153718,156032,157796,166182,169826,175214,221656
123288,163973,188072,193677,196521,196794,199224,211940,216885,225486,229836,233464,240895,248885,250088,256103,257446,258611,275092
118905,120211,130269,139102,146587,151523,182715,187634,188622,188722,189967,193831,194078,202866,213828,219093,232890,235370,241812,246044,270728,285426
149315,181206,186218,201699,203870,204484,207768,209994,213808,214895,216004,221365,230338,231222,233379,235795,241634,288872
118905,120211,121608,130269,139102,146587,151523,154141,162082,163837,166128,179504,182715,186334,186827,187634,188622,188722,189967,191774,192450,193831,194078,202866,213828,219093,232890,235370,241812,246044,250743,256049,267335,269250,270728,285426
118905,120211,130269,146587,151523,154141,182715,183815,186827,187634,188622,189967,193831,194078,195569,235370,241812,246044,250743,267335,285426
118905,120211,130269,139102,146587,151523,154141,162082,166128,182715,183815,186827,187634,188622,188722,189967,193831,194078,195569,202866,213828,219093,232890,235370,241812,246044,250743,256049,267335,270728,285426
122915,135105,146295,161184,167854,172269,183597,186935,188815,200496,212808,222231,229791,230501,251637,254433,266041,266767,281871
147008,170308,181206,181388,201699,209994,213808,215340,216004,230338,231222,236585,237960,268639
125600,149315,160955,161533,170764,181206,186218,196987,202814,202918,203870,204484,207768,214895,221365,226562,229552,232621,233379,233553,235795,236954,241634,248440,264860,288872
121608,135435,146587,154554,162082,163837,166128,179298,179504,181293,186334,186827,191774,192450,216426,232890,256049,269250,270728
141435,152030,152785,183639,190381,205889,206179,210413,210940,211793,231859,232567,233365,242493,243656,258637
118219,149513,158552,166228,172559,191913,200953,208121,209220,213104,220910,274473,293422
120211,121608,146587,151523,154141,162082,163837,166128,182715,186827,187634,188622,189967,191774,192450,193831,194078,202866,232890,235370,241812,246044,256049,267335,269250,270728,285426
189399,190673,202845,203568,206989,244074,244387,258423,259540,260256,265772,270371,274192,283109
118905,120211,130269,139102,151523,154141,182715,183815,187634,188622,188722,189967,195569,213828,219093,235370,241812,246044,250743,267335,285426
120089,129593,135761,150442,156417,159509,167176,168385,169374,198405,198756,223519,237185
120281,121608,121721,129610,131163,135435,143438,146059,154554,162082,163837,166128,179298,179504,180169,181293,186334,191774,192450,216426,236369,256049,269250,290201
125600,149315,160955,161533,170764,181206,186218,196987,201699,202814,202918,203870,204484,207768,209994,213808,214895,216004,221365,223120,226562,229552,230338,233379,233553,235795,237960,241634,248440,264860,288872
118219,149513,160989,163048,165182,166228,172559,186598,191913,200953,201891,205395,208121,209220,213104,220910,227384,274473,293422
147008,181206,181388,201699,209994,213808,215340,216004,230338,231222,236585,237960
118905,120211,121608,130269,135435,146587,151523,162082,163837,166128,179298,179504,182715,186334,186827,187634,188622,188722,189967,191774,192450,193831,194078,202866,219093,232890,235370,241812,246044,256049,267335,269250,270728,285426
118905,120211,130269,139102,146587,151523,154141,182715,183815,187634,188622,188722,189967,194078,202866,213828,219093,232890,246044,250743,267335,270728,285426
120281,121721,125911,129610,131163,143438,146059,154554,180169,181293,216426,236369
117627,130255,156362,173856,184024,196771,206651,208090,209108,213990,228118,238067,263014
133081,135747,170612,188166,192080,216003,223099,226373,233442,237802,253419,260013
119895,124953,127943,146608,162925,164007,165033,165472,172023,185904,188723,194420,194878,207732,228265,229193,229425,231457,237675,274066
149315,181206,186218,201699,203870,204484,207768,209994,213808,214895,216004,221365,223120,226562,230338,233379,235795,237960,241634
125600,149315,161533,170764,181206,186218,201699,202814,203870,204484,207768,209994,213808,214895,216004,221365,226562,230338,233379,233553,235795,237960,241634,248440,288872
128133,129270,131555,132884,143493,154470,155362,156245,157908,158316,159515,165685,177783,204283,221011
118905,120211,130269,146587,151523,162082,163837,166128,182715,186334,186827,187634,188622,188722,189967,191774,192450,193831,194078,202866,219093,232890,235370,241812,246044,256049,269250,270728,285426
122654,132084,133314,137363,138600,144442,149247,157121,157140,177157,195197,213913,221445,253923,265560,275579
118219,149513,158552,172559,191913,200953,201891,208121,209220,213104,220910,274473,293422
118219,149513,158552,160989,163048,165182,172559,186598,191913,201891,205395,208121,209220,213104,220910,227384,274473,293422
122915,135105,146295,161184,167854,172269,183597,186935,187899,188815,200496,212808,222231,229791,230501,251637,254433,266041,266767,281871
117965,130570,139195,143789,145372,179986,189428,191281,192913,194944,199433,215332
119895,124953,127943,146608,162925,164007,165033,165472,172023,178362,188723,194420,194878,207732,228265,229193,229425,231457,237675,274066
126884,142292,151692,153133,167032,168461,191711,197467,198375,198609,201909,207504,213306,224986,228759
118905,120211,130269,139102,146587,151523,182715,188622,188722,189967,193831,194078,202866,219093,232890,235370,241812,246044,270728,285426
128133,129270,131555,132884,143493,155362,156245,157908,159515,165685,167191,177783,204283,221011
119990,123924,128133,129270,131555,132884,136825,143493,154470,155362,156245,157908,158021,158316,159515,165685,177297,177783,204283,221011,231699,241374,254605,287404
119990,123924,128133,129270,131555,132884,136825,143493,154470,155362,156245,157908,158021,158316,159515,164099,165685,167197,177297,177783,178149,192435,194231,204192,204283,221011,231699,241374,254605,258121,287404
119990,123924,128133,129270,131555,132884,136825,143493,154470,155362,157908,158021,158316,159515,164099,165685,167197,177297,177783,178149,192435,194231,204192,221011,231699,241374,254605,258121,287404
123288,163973,188072,193677,196521,216885,225486,240895,248885,250088,257446,275092
123924,126571,136825,158021,164099,167197,167893,177297,178149,186729,192435,194231,204192,218752,223164,231699,241374,254605,258121,287404,288479
119990,123924,128133,129270,131555,132884,136825,143493,154470,155362,157908,158021,158316,159515,164099,165685,177297,177783,178149,194231,204283,221011,231699,241374,254605,287404
147056,158463,161425,165102,178664,187307,193138,201646,210033,225545,227067,231668,245432,262288
117627,130255,156362,173856,196771,208090,209108,213990,223839,228118,238067,248568,263014
119990,123924,128133,129270,131555,132884,136825,143493,154470,155362,156245,157908,158021,158316,159515,165685,177297,177783,204283,221011,241374,254605
120281,121608,121721,129610,135435,146059,154554,162082,163837,166128,179298,179504,181293,186334,191774,192450,216426,236369,256049,269250
120281,121608,121721,129610,131163,135435,143438,146059,162082,163837,166128,179298,179504,180169,181293,186334,191774,192450,216426,236369,256049,269250,290201
120211,121608,146587,151523,154141,162082,163837,166128,182715,186827,187634,188622,189967,192450,193831,194078,202866,232890,235370,241812,246044,256049,267335,269250,270728,285426
152163,166027,172868,193891,230162,244719,245228,254087,259849,269928,270325,285040
122136,132337,158799,161210,166811,181904,199123,205239,243618,254633,260304,260695,262571,263801
125600,149315,160955,161533,181206,186218,196987,202814,203870,204484,207768,216004,221365,223120,226562,229552,233379,233553,235795,237960,241634,248440,264860,288872
123288,163973,188072,193677,196521,216885,225486,233464,250088,256103,257446,258611,275092
149513,160989,163048,165182,166228,172559,186598,200953,205395,208121,209220,220910,227384,293422
141435,149486,152030,152785,183639,190381,205889,206179,210413,210940,211793,214033,231859,232567,233365,242493,243656,258637
147008,181206,181388,201699,203870,209994,213808,215340,216004,230338,231222,233379,236585,237960
120089,121441,122954,129593,135761,138128,147876,150442,156417,159509,167176,168385,169374,182856,198405,198756,219593,223519,237185,238042
122654,132084,133314,137363,138600,144442,149247,157121,157140,177157,195197,213913,253923,259930,265560,275579
119895,124953,146608,157879,162925,164007,165033,165472,165992,172023,178362,188723,194420,194878,206357,207732,228265,229193,229425,231457,237675,274066
136419,144235,147056,158463,161425,165102,178664,187307,193138,210033,225545,227067,231668
120281,121608,121721,129610,135435,146059,162082,163837,166128,179298,179504,180169,181293,186334,191774,192450,256049,269250,290201
157196,170445,171497,187340,189622,196874,201983,207744,214441,214893,215500,235005,260540
119990,123924,128133,129270,131555,132884,143493,154470,155362,156245,157908,158021,158316,159515,165685,177783,204283,221011,241374
120211,121608,130269,146587,151523,162082,163837,166128,179504,182715,186334,186827,188622,189967,191774,192450,193831,194078,202866,219093,232890,235370,241812,246044,256049,269250,270728,285426
123288,163973,193677,196521,196794,211940,229836,250088,256103,257446,258611,275092
120089,121441,122954,129593,135761,150442,156417,159509,167176,168385,169374,182856,198405,198756,223519,237185,238042
135105,172269,183597,186935,187899,188815,200496,212808,230501,254433,266041,281871
122915,135105,146295,172269,183597,186935,188815,200496,212808,222231,230501,251637,254433,266041,266767,281871
120089,122954,129593,135761,138128,147876,156417,159509,167176,168385,169374,198405,198756,219593,223519,237185
149513,160989,165182,166228,172559,191913,200953,205395,208121,209220,220910,227384,281897,293422
118905,120211,121608,130269,139102,146587,151523,154141,162082,163837,166128,179298,179504,182715,186334,186827,187634,188622,188722,189967,191774,192450,193831,194078,202866,219093,232890,235370,241812,246044,250743,256049,267335,269250,270728,285426
123288,163973,188072,193677,196521,196794,199224,211940,214044,216885,225486,233464,240895,250088,256103,257446,258611,275092
119895,124953,127943,146608,162925,164007,165033,165472,172023,178362,185904,188723,194420,194878,207732,228265,229193,229425,231457,237675,274066
118219,149513,158552,160989,165182,166228,172559,191913,200953,201891,205395,208121,209220,213104,220910,227384,274473,293422
119990,123924,126571,136825,158021,164099,167197,167893,177297,178149,186729,192435,194231,204192,218752,223164,231699,241374,254605,258121,287404
188443,196687,203568,205317,206989,258423,259540,260256,265772,270371,271720,274192
118905,120211,121608,130269,146587,151523,162082,163837,166128,179504,182715,186334,186827,187634,188622,188722,189967,191774,192450,193831,194078,202866,219093,232890,235370,241812,246044,256049,269250,270728,285426
118905,120211,130269,139102,146587,151523,154141,182715,183815,186827,187634,188622,188722,189967,193831,194078,202866,213828,219093,232890,235370,241812,246044,250743,267335,270728,285426
122136,132337,158799,161210,166811,181904,199123,205239,243618,248319,254633,260304,260695,262571,263801
146295,161184,167854,172269,183597,186935,188815,200496,212808,229791,254433,266041,266767,281871
119990,123924,126571,128133,129270,136825,154470,155362,157908,158021,158316,164099,167197,177297,177783,178149,192435,194231,204192,231699,241374,254605,287404
147008,181206,181388,201699,203870,207768,209994,213808,215340,216004,230338,231222,233379,235795,236585,237960,241634,268639
119990,123924,128133,129270,131555,132884,136825,143493,154470,155362,156245,157908,158021,158316,159515,165685,177297,177783,192435,204283,221011,231699,241374,254605,287404
121951,133323,153343,159682,159753,186431,197689,204316,224327,224779,228874,237316
125600,149315,161533,181206,186218,196987,201699,202814,203870,204484,207768,209994,213808,214895,216004,221365,223120,226562,230338,233379,233553,235795,237960,241634,288872
122654,132084,133314,137363,138600,144442,149247,157121,157140,177157,195197,213913,221445,253923,259930,275579
119895,124953,146608,157879,164007,165033,165472,178362,188723,194420,194878,206357,207732,228265,229193,229425,231457,237675,274066
120281,121721,125911,129610,131163,135435,143438,146059,154554,179298,179504,181293,216426,236369
126884,142292,143081,167032,176066,177758,191711,192684,198375,201909,208037,225574,232845,241507
136419,147056,158463,161425,165102,178664,187307,193138,201646,210033,225545,227067,245432,262288
118219,149513,158552,160989,163048,165182,186598,191913,201891,205395,208121,209220,213104,227384,234761,274473,293422
122654,132084,133314,137363,138600,144442,157140,177157,213913,221445,253923,275579
121608,135435,146587,162082,163837,166128,179298,179504,186334,186827,191774,192450,202866,232890,256049,269250,270728
119895,124953,146608,162925,164007,165033,165472,172023,178362,188723,194420,194878,206357,207732,228265,229193,229425,231457,237675,274066
122915,135105,172269,183597,187899,188815,200496,212808,222231,230501,251637,254433,266041
122915,135105,146295,172269,183597,186935,187899,188815,200496,212808,222231,230501,251637,254433,266041,266767,281871
122654,132084,133314,137363,138600,144442,157121,177157,213913,253923,259930,265560,275579
147008,170308,181206,181388,201699,203870,207768,209994,213808,215340,216004,221365,230338,231222,233379,235795,236585,237960,241634,268639
147008,181206,181388,201699,203870,207768,209994,213808,214895,215340,216004,221365,230338,231222,233379,235795,236585,268639
147008,170308,181206,181388,201699,203870,207768,209994,213808,214895,215340,216004,221365,230338,231222,233379,235795,236585,237960,241634,268639
121608,135435,146587,151523,154554,162082,163837,166128,179298,179504,182715,186334,186827,191774,192450,193831,194078,202866,216426,232890,235370,241812,256049,269250,270728,285426
125600,149315,160955,161533,170764,186218,196987,202814,202918,204484,207768,214895,221365,226562,229552,232621,233553,248440,264860,288872
118905,120211,130269,139102,146587,151523,154141,182715,186827,187634,188622,188722,189967,193831,194078,202866,213828,219093,232890,235370,241812,246044,250743,267335,269250,270728,285426
119895,124953,127943,162925,164007,165033,165472,172023,185904,188723,194420,194878,207732,228265,229193,229425,231457,237675,274066
122654,132084,133314,138600,144442,157121,157140,177157,213913,253923,259930,265560,275579
118905,120211,121608,130269,139102,146587,151523,154141,162082,166128,182715,186827,187634,188622,188722,189967,193831,194078,195569,202866,213828,219093,232890,235370,241812,246044,250743,256049,267335,269250,270728,285426
122915,135105,172269,183597,186935,188815,212808,222231,230501,251637,254433,266041,266767
126884,142292,143081,151692,167032,168461,176066,177758,191711,197467,198375,201909,207504
124953,146608,157879,162925,165033,165472,165992,172023,178362,188723,194420,194878,206357,207732,228265,229193,229425,237675,274066
120281,121608,121721,129610,135435,154554,162082,163837,166128,179298,179504,181293,186334,191774,192450,216426,236369,256049
149315,181206,186218,201699,203870,204484,207768,209994,213808,214895,216004,221365,230338,233379,235795,241634,288872
122136,132337,161210,166811,181904,199123,205239,243618,248319,254633,260304,260695,262571,263801
120089,122954,129593,135761,150442,156417,159509,167176,167446,168385,169374,198405,223519,237185
122915,135105,172269,183597,187899,188815,212808,222231,230501,251637,254433,266041
121608,135435,146587,154554,162082,163837,166128,179298,179504,181293,186334,186827,191774,192450,193831,216426,232890,256049,269250
125600,149315,160955,161533,170764,181206,186218,196987,201699,202814,202918,203870,204484,207768,209994,213808,214895,216004,221365,226562,229552,230338,232621,233379,233553,235795,236954,237960,241634,248440,264860,288872
149513,158552,160989,163048,165182,186598,191913,201891,205395,227384,234761,274473,293422
122915,135105,146295,161184,167854,172269,183597,186935,188815,200496,212808,229791,230501,251637,254433,266041,266767,281871
123288,163973,188072,193677,196521,196794,216885,225486,229836,233464,240895,250088,256103,257446,258611,275092
133081,135747,144461,170612,188166,192080,216003,218757,223099,226373,233442,237802,253419,276591
126884,142292,143081,151692,153133,167032,168461,177758,191711,192684,197467,198375,198609,201909,207504,213306,224986,228759
118219,149513,158552,160989,163048,165182,186598,191913,201891,205395,213104,227384,234761,274473
181206,186218,201699,203870,207768,209994,213808,214895,216004,221365,230338,231222,233379,235795
147008,149315,181206,186218,201699,203870,204484,207768,209994,213808,214895,215340,216004,221365,230338,231222,233379,235795,237960,241634
119990,123924,128133,129270,154470,155362,157908,158021,158316,159515,165685,177783,231699,241374
149513,160989,163048,165182,166228,172559,200953,205395,208121,209220,220910,227384,281897,293422
119990,123924,126571,128133,129270,131555,132884,136825,143493,154470,155362,157908,158021,158316,159515,164099,165685,167197,177297,177783,178149,192435,194231,204192,204283,221011,231699,241374,254605,258121,287404
125600,149315,160955,161533,170764,181206,186218,196987,201699,202814,203870,204484,207768,209994,213808,214895,216004,221365,226562,229552,230338,233379,233553,235795,237960,241634,248440,288872
123288,163973,188072,193677,196521,196794,199224,211940,214044,216885,225486,233464,240895,248885,250088,256103,257446,258611,275092
125600,149315,160955,161533,170764,186218,196987,202814,202918,204484,214895,221365,226562,229552,232621,233553,235795,236954,248440,264860,288872
149486,152785,164277,188009,205889,210413,210940,214033,231859,233365,243656,258637
147008,149315,181206,181388,186218,201699,203870,207768,209994,213808,214895,215340,216004,221365,230338,231222,233379,235795,236585,237960,241634,268639
146587,151523,162082,163837,166128,179504,182715,186334,186827,188622,189967,191774,192450,193831,194078,202866,232890,235370,241812,246044,256049,269250,270728,285426
125600,160955,161533,170764,196987,202814,202918,204484,226562,229552,232621,233553,236954,248440,264860,288872
126884,142292,143081,151692,167032,168461,176066,177758,191711,192684,197467,198375,201909,207504,225574,228759
141435,149486,152030,152785,183639,190381,205889,206179,210413,210940,214033,231859,233365,243656,258637
123288,163973,188072,193677,196521,196794,199224,211940,214044,216885,225486,240895,248885,250088,256103,257446,258611,275092
122915,135105,146295,161184,167854,172269,183597,186935,188815,200496,222231,230501,251637,254433,266041,266767,281871
188443,196687,203568,205317,206989,244387,258423,259540,260256,265772,270371,274192,283109
121608,129610,135435,146587,154554,162082,163837,166128,179298,179504,181293,186334,186827,191774,192450,216426,232890,236369,256049,269250
120089,122954,129593,135761,147876,150442,156417,159509,167176,168385,169374,182856,198405,198756,223519,237185,238042
119990,123924,128133,129270,154470,155362,157908,158021,158316,159515,165685,177783,231699,241374,287404
131319,137375,144005,150193,166419,170889,171650,175605,183359,199510,200917,209813
118905,120211,130269,139102,146587,151523,154141,182715,183815,186827,187634,188622,188722,189967,193831,194078,195569,202866,213828,219093,232890,235370,241812,246044,250743,256049,267335,270728,285426
118905,120211,121608,130269,139102,146587,151523,154141,162082,163837,166128,182715,186827,187634,188622,188722,189967,192450,193831,194078,202866,213828,219093,232890,235370,241812,246044,250743,256049,267335,269250,270728,285426
147008,149315,181206,186218,201699,203870,207768,209994,213808,216004,221365,223120,230338,233379,235795,237960,241634
120089,121441,129593,135761,156417,159509,167176,168385,169374,182856,198405,198756,223519,237185
121608,135435,146587,162082,163837,166128,179298,179504,182715,186334,186827,189967,191774,192450,193831,194078,202866,232890,235370,241812,256049,269250,270728,285426
133081,135747,144461,170612,188166,192080,216003,218757,223099,226373,233442,237802,253419
120281,121721,129610,131163,135435,143438,146059,154554,179298,179504,180169,181293,186334,191774,216426,236369,290201
147008,181206,181388,186218,201699,203870,207768,209994,213808,214895,215340,216004,221365,230338,231222,233379,235795,236585,237960,241634,268639
147008,149315,181206,186218,201699,203870,204484,207768,209994,213808,214895,216004,221365,226562,230338,233379,235795,237960,241634
132084,133314,138600,149247,157121,157140,177157,195197,213913,253923,265560,275579
