122602,128117,128704,137348,149535,176309,183857,183978,191765,204659,210673,230569,236565
121581,133531,163908,165669,173114,182121,187150,191133,201586,201758,206106,206790,210726,213734,214136,216720,217317,223498,226099,244414,246790,248006,249602,257070,289851
133531,159907,165669,167960,171699,173114,186306,187150,191133,194095,195264,197362,201586,201758,202077,206106,208445,210726,213734,214136,217317,222697,231840,235198,242856,246790,249217,249602,289851
130415,141596,141693,147291,158382,164910,172110,175597,177011,185362,201799,238112,238729,240461,240706,240996,241973,242607
121581,133531,163908,165669,173114,182121,187150,191133,201586,201758,206106,206790,210726,213734,214136,216720,217317,223498,226099,227491,244414,246790,248006,249602,257070,289851
133531,163908,165669,173114,182121,187150,191133,201586,201758,206106,206790,210726,210837,213734,214136,216720,217317,223498,226099,227491,244414,246790,248006,249602,257070,289851
123750,161354,161479,164748,168692,172645,181225,198759,221941,258241,258732,262699
120411,125287,131659,151300,155692,156044,157951,166038,169936,172341,172393,176314,176475,187694,189120,201021,212760,217452,219765,230652,250916
120411,122302,125287,131659,145519,151300,152827,169936,172393,176314,176475,187694,189120,217452,219632,219765,230652,250916,260438
140191,147516,152854,198544,208563,227702,233437,245529,254078,256757,263869,264438
120411,122302,125287,151300,155692,156044,157951,166038,169936,172341,172393,176475,187694,189120,212760,217452,219765,230652,250916
121345,134548,135774,136618,138900,147345,150346,158973,160901,162005,169871,185292,199462,205495,256234,268599,275809,285999
117812,126327,134285,158533,160522,166706,166906,176365,179246,180763,189140,190631,192623,203138,219424,228625,253443,283725,291760
144492,148457,190972,204163,221293,233605,234042,237098,237298,239064,285792,290971
121248,148581,151007,162104,162184,167177,173734,175736,178820,195108,228803,236910,253703,262841
133531,159907,165669,167960,171699,173114,186306,186408,187150,194095,195264,197362,201758,202077,206106,208445,210726,213734,214136,217454,222697,231840,235198,242856,249217,289851
145867,148581,149533,165413,173734,175736,228803,236910,250049,253703,268979,269943,284442
121394,136326,140947,143524,161387,163039,167656,168095,178900,180051,180910,192305,205980,226699,232594
132462,132809,144234,146390,151551,154678,167255,175055,186450,187606,192189,193322,209525,226449,228493,234016,239880,279393
124176,139621,156927,169674,185694,186684,198054,202544,203374,203664,227463,232460,234431,236366,241902,257826
121581,133531,165669,173114,182121,191133,201586,201758,206790,210837,213734,217317,223498,226099,227491,242807,244195,244414,246790,248006,249602,251923,257070
133531,159907,165669,167960,171699,173114,186306,186408,187150,191133,194095,195264,197362,201586,201758,202077,206106,208445,210726,210837,213734,214136,217454,222697,226099,231840,235198,242856,244414,248006,249217,249602,289851
133531,159907,165669,167960,171699,173114,182121,183714,186306,187150,191133,194095,195264,197362,201586,201758,202077,206106,206790,208445,210726,210837,213734,214136,217454,222697,226099,227491,228872,231840,235198,242807,242856,244195,244414,246790,248006,249602,257070,289851
122602,128117,128704,137348,149535,176309,183978,191765,204659,209653,210673,236565
117929,126653,148091,162401,169122,214956,216619,240323,249063,254806,255756,272984
133531,165669,173114,182121,183714,187150,191133,197362,201586,201758,206106,206790,210837,213734,214136,217317,222697,223498,226099,227491,228872,242807,244195,244414,246790,248006,249602,257070
117929,127361,134261,136067,148383,151872,157567,162401,169122,178143,179742,187461,191638,200916,216619,224507,239214,240323,249063,258273,262155,272984
121581,133531,163908,165669,173114,191133,201586,201758,206106,210726,213734,214136,216720,217317,223498,244414,246790,249602,289851
118175,120470,133634,146706,163090,165097,170164,171770,172677,200132,219972,223284,232497,240758,265194,280764,287236
120411,122302,125287,151300,157951,169936,172341,172393,176475,177723,187694,189120,217452,230652,250916,260438
118167,144526,177602,186260,240391,242328,246757,249958,264660,269492,269675,274498,290126
121581,133531,163908,165669,173114,182121,191133,201586,201758,206106,206790,210726,213734,214136,216720,217317,223498,226099,244414,246790,248006,249602,251923,257070,289851
119568,138261,153923,168742,183180,191110,193276,195424,198846,210912,233946,244242,260668,275969,279970
118498,134548,135774,138900,144679,150346,158973,162005,169871,172833,185292,205495,220230,275809
133531,173114,182121,191133,201586,201758,206790,210837,213734,226099,227491,228872,242807,244195,244414,246790,248006,249602,257070
118422,118498,126191,134548,135774,138900,144679,158973,162005,172833,185292,211454,220230,291271
132526,132809,146390,151551,175055,186450,187606,192189,193322,209525,226449,228493,234016,239880
134285,158533,160522,166906,176365,179246,180763,190631,203138,219424,253443,283725
121248,148581,162104,167177,173734,175736,178820,194475,195108,228803,233333,236910,253703,275262
120791,135276,140579,142838,143066,157106,172965,175662,177945,180546,192232,199770,206347,212871,214789,219314,225453,229644,230464,270162
120411,122302,125287,131659,151300,157951,169936,172341,172393,176314,176475,177723,187694,189120,217452,219632,230652,250916,260438
130415,141596,147291,158382,172110,175597,177011,184566,185362,238729,240461,240706,240996,241973
129653,131722,135163,138795,145556,147292,148440,148854,152499,164417,183318,187645,191160,192736,196267,197835,200507,209696,210473,216150,219737,226510,226630,233423,237384,240583,248685,262421
120411,122302,125287,131659,145519,151300,157951,169936,172341,172393,176314,176475,187694,189120,212760,217452,219632,219765,230652,250916,260438
133531,163908,165669,173114,187150,191133,201586,201758,206106,210726,213734,214136,216720,217317,223498,246790,249602,289851
117929,126653,134261,136067,148091,148383,157567,162401,169122,178143,187461,214956,216619,240323,249063,254806,272984
118498,134548,135774,136618,138900,150346,158973,162005,169871,185292,199462,205495,268599,275809,285999
134336,146245,152266,170499,173489,175188,177638,208598,221733,234325,257741,268928,272039,285084
144492,148457,190972,204163,221293,233605,234042,239064,240961,269716,276627,285792,287456,292112
132462,132809,144234,146390,151551,154678,167255,175055,186450,187606,192189,193322,209525,226449,228493,234016,239880,272166,279393
121248,129994,151007,162104,162184,165413,178820,190925,198683,228803,236910,253703,262841
117812,126327,134285,160522,166706,166906,179246,180763,189140,190631,192623,203138,219424,228625,253443,263519,283725,290501,291760
120411,125287,131659,145519,151300,152827,169936,172393,176314,176475,187694,189120,217452,219632,219765,250916,260438
127361,134261,136067,151872,162401,178143,187461,191638,200916,224507,249063,258273,262155,272984
159907,165669,167960,171699,173114,186306,186408,187150,194095,195264,197362,202077,206106,208445,210726,214136,217454,222697,231840,235198,242856,249217
144492,148457,190972,204163,221293,233605,234042,237098,237298,239064,276627,285792,287456,292112
135163,145502,147292,147528,148854,150688,157748,164417,182103,183318,184181,188090,200507,208825,210473,213669,213906,216150,226630,242310,248685,262421
133531,165669,173114,182121,187150,191133,197362,201586,201758,206106,206790,210837,213734,214136,216720,217317,223498,226099,227491,242807,244414,246790,248006,249602,257070
119114,127461,136385,142390,145610,154928,157256,165295,185206,186891,190044,191319,203972,227507,231761,237010,252631,264075
120411,122302,125287,131659,145519,151300,152827,155692,156044,157951,166038,169936,172341,172393,176314,176475,187694,189120,212760,217452,219632,219765,230652,250916,260438
133531,165669,173114,182121,187150,191133,197362,201586,201758,206106,206790,210726,210837,213734,214136,216720,217317,223498,226099,227491,244414,246790,248006,249602,257070,289851
133531,137626,159907,165669,167960,173114,182121,183714,186306,187150,191133,195264,197362,201586,201758,206106,206790,208445,210837,213734,214136,217317,222697,226099,227491,228872,231840,235198,242807,244195,244414,246790,248006,249602,257070
120411,125287,131659,151300,155692,156044,157951,166038,169936,172341,172393,176475,187694,189120,201021,212760,217452,219765,230652,250916,261062
138795,145502,145556,147292,150688,152499,157748,169732,182103,183318,184181,192736,197835,200507,209696,210473,216150,226510,226630,233423,237384,242310,262421
121581,133531,163908,182121,191133,201586,201758,206790,213734,216720,217317,223498,244414,246790,249602,251923,257070
121581,133531,163908,165669,201586,213734,216720,217317,223498,246790,249602,251923,289851
117929,127361,134261,136067,148383,151872,157567,162401,169122,178143,179742,187461,191638,200916,214956,216619,224507,239214,240323,249063,272984
159907,165669,167960,171699,186408,187150,194095,195264,197362,202077,204175,206106,208445,210726,214136,217454,222697,231840,235198,242856,249217
117929,134261,136067,148091,162401,169122,178143,187461,191638,200916,214956,216619,224507,240323,249063,254806,272984
127361,134261,136067,148091,162401,178143,187461,191638,200916,214956,224507,249063,272984
138795,145502,145556,147292,148440,152499,157748,183318,184181,187645,192736,197835,200507,209696,210473,219737,225741,226510,226630,233423,237384,262421
133531,159907,165669,167960,171699,173114,183714,186306,187150,191133,195264,197362,201586,201758,202077,206106,206790,208445,210726,210837,213734,214136,217317,222697,226099,227491,231840,235198,242807,242856,244414,246790,248006,249602,257070,289851
120411,122302,125287,131659,145519,151300,152827,169936,172393,176314,176475,187694,189120,217452,219632,219765,250916,260438
120791,125035,135099,135276,140579,142838,143066,145837,152680,157106,157293,172965,175662,177945,180546,186540,192232,199770,205077,206347,212871,214789,219314,225453,229644,230464,270162
121581,133531,163908,165669,173114,182121,191133,201586,201758,206790,213734,216720,217317,223498,226099,227491,244414,246790,248006,249602,251923,257070
119568,136736,138261,153923,168742,183180,190558,191110,192731,193276,195424,195790,198846,202599,203007,210912,233946,244242,260668,275969,279970,283929
133531,165669,173114,187150,191133,197362,201586,201758,206106,206790,210726,213734,214136,216720,217317,223498,226099,244414,246790,248006,249602,257070,289851
133531,159907,165669,167960,171699,173114,182121,183714,186306,186408,187150,191133,194095,195264,197362,201586,201758,202077,206106,206790,208445,210837,213734,214136,217454,222697,226099,227491,228872,231840,235198,242807,242856,244195,244414,246790,248006,249602,257070
120791,125035,135099,135276,140579,142162,142838,143066,145837,157106,157293,172965,175662,177945,180546,192232,199770,205077,206347,212871,214789,219314,225453,229644,230464,270162
138795,145502,145556,147292,148440,152499,157748,169732,183318,184181,187645,192736,197835,200507,209696,210473,216150,219737,225741,226510,226630,233423,237384,262421
117812,126327,129662,134285,166706,166906,179246,180763,189140,190631,192623,203138,219424,228625,253443,263519,283725,290501,291760
121581,133531,163908,165669,173114,191133,201586,201758,206790,210726,213734,214136,216720,217317,223498,244414,246790,249602,251923,289851
129653,131722,135163,138795,145502,145556,147292,148440,148854,152499,164417,182103,183318,187645,191160,192736,196267,197835,200507,209696,210473,213669,216150,219737,226510,226630,233423,237384,240583,248685,262421
133531,159907,165669,167960,171699,173114,186306,186408,187150,191133,194095,195264,197362,201758,202077,206106,208445,210726,210837,213734,214136,217454,222697,226099,231840,235198,242856,244414,248006,249217,289851
119568,136736,138261,153923,183180,190558,192731,193276,195790,202599,203007,281516,283929
133531,165669,173114,182121,183714,191133,197362,201586,201758,206790,210837,213734,214136,217317,226099,227491,228872,242807,244195,244414,246790,248006,249602,257070
133531,159907,165669,167960,171699,173114,182121,183714,186306,186408,187150,191133,194095,195264,197362,201586,201758,202077,206106,206790,208445,210726,210837,213734,214136,217454,222697,226099,227491,228872,231840,235198,242807,242856,244195,244414,246790,248006,249602,257070
129653,131722,138795,148440,152499,152874,187645,191160,196267,197835,219209,219737,240583
130415,141596,141693,146068,147291,158382,164910,172110,175597,189499,201799,213598,228431,238112,238729,240706,240996,241973,242909
120791,135099,135276,142162,152680,157293,175662,177945,186080,186540,205077,267989
120791,125035,135099,135276,140579,142838,145837,152680,157293,175662,177945,186080,186540,192232,206347,230464,267989
129653,131722,138795,145556,148440,152499,187645,191160,192736,196267,197835,209696,219737,226510,237384,240583
135163,145502,145556,147292,147528,148854,150688,157748,164417,169732,182103,183318,184181,188090,200507,208825,210473,213669,213906,216150,226510,226630,233423,237384,242310,248685,262421
129653,131722,135163,138795,145502,145556,147292,148440,148854,152499,164417,182103,183318,184181,187645,188090,191160,192736,197835,200507,208825,209696,210473,213669,213906,216150,219737,226510,226630,233423,237384,240583,242310,248685,262421
130415,141596,147291,158382,164910,172110,175597,177011,185362,201799,238112,238729,240461,240706,240996,241973
129653,131722,135163,138795,145556,148440,148854,152499,164417,187645,191160,192736,196267,200507,208825,209696,210473,213906,219737,226510,226630,237384,248685
132462,132659,132809,134515,144234,146390,151288,154678,167255,186450,192189,193322,209525,226449,228493,234016,272166,279393
118167,127295,144526,177602,186260,240391,242328,246757,249958,269492,269675,274498,290126
127361,134261,136067,151872,162401,169122,178143,187461,191638,200916,214956,224507,239214,249063,258273,262155,272984
133531,165669,173114,182121,191133,201586,201758,206106,206790,210837,213734,214136,216720,217317,223498,226099,227491,228872,242807,244195,244414,246790,248006,249602,257070
129653,131722,135163,138795,145502,145556,147292,148440,148854,152499,157748,164417,182103,183318,184181,187645,192736,197835,200507,209696,210473,213669,216150,219737,226510,226630,233423,237384,240583,242310,248685,262421
121581,133531,165669,173114,182121,183714,191133,201586,201758,206790,210837,213734,214136,217317,223498,226099,227491,228872,242807,244195,244414,246790,248006,249602,251923,257070
133531,159907,165669,173114,182121,183714,186306,187150,191133,195264,197362,201586,201758,206106,206790,210726,210837,213734,214136,217317,222697,223498,226099,227491,228872,231840,235198,242807,244195,244414,246790,248006,249602,257070,289851
133531,159907,165669,167960,171699,173114,183714,186306,186408,187150,191133,194095,195264,197362,201758,202077,206106,206790,208445,210837,213734,214136,217454,222697,226099,227491,228872,231840,235198,242807,242856,244414,248006
133531,173114,182121,183714,191133,201586,201758,206790,210837,213734,217317,223498,226099,227491,228872,242807,244195,244414,246790,248006,249602,257070
135163,145502,147292,147528,148854,150688,157748,169732,182103,183318,184181,188090,208825,210473,213669,213906,216150,233423,242310,262421
117929,126653,134261,136067,148091,162401,169122,178143,187461,191638,214956,216619,249063,254806,272984
122602,128117,128704,133101,149535,176309,181779,183857,191765,200757,204659,209653,210673,236565
133531,159907,165669,173114,182121,183714,187150,191133,197362,201586,201758,206106,206790,210726,210837,213734,214136,217317,222697,223498,226099,227491,228872,231840,242807,244195,244414,246790,248006,249602,257070
121581,133531,163908,165669,173114,182121,191133,201586,201758,206790,213734,214136,216720,217317,223498,226099,227491,244414,246790,248006,249602,251923,257070
135163,138795,145502,145556,147292,147528,148854,150688,152499,157748,164417,169732,182103,183318,184181,188090,192736,200507,208825,209696,210473,213669,213906,216150,226510,226630,233423,237384,242310,248685,262421
120411,121283,131659,145519,151300,152827,169936,172393,176314,176475,189120,217452,219632,219765,230652,250916
135774,136618,147345,150346,158973,162005,169871,185292,199462,205495,268599,275809,285999
135163,138795,145502,145556,147292,147528,148440,148854,150688,152499,157748,164417,169732,182103,183318,184181,187645,188090,192736,197835,200507,208825,209696,210473,213669,213906,216150,219737,226510,226630,233423,237384,240583,242310,248685,262421
138795,145502,145556,147292,152499,157748,169732,183318,184181,187645,192736,197835,200507,209696,210473,216150,219737,225741,226510,226630,233423,237384,262421
133531,159907,165669,167960,173114,182121,183714,186306,187150,191133,195264,197362,201586,201758,206106,206790,208445,210726,210837,213734,214136,217317,222697,223498,226099,227491,231840,235198,242807,242856,244414,246790,248006,249602,257070,289851
133531,165669,173114,182121,187150,191133,197362,201586,201758,206106,206790,210726,210837,213734,214136,217317,222697,223498,226099,227491,231840,242807,244414,246790,248006,249602,257070,289851
118167,144526,177602,186260,230152,240391,242328,264660,269492,274498,282499,290126
119114,134336,146245,152266,170499,175188,186018,208598,221733,227507,233931,234325,257741,264075,268928,272039
120411,131659,145519,152827,166038,176314,201021,212760,217452,219632,219765,230652,261062
119568,138261,153923,168742,183180,191110,192731,193276,195424,198846,203007,210912,233946,244242,260668,275969
133531,159907,165669,167960,171699,186306,186408,187150,194095,195264,197362,201758,202077,204175,206106,208445,210726,213734,214136,217454,222697,231840,235198,242856,249217,249602,289851
119568,138261,168742,191110,193276,195424,198846,210912,233946,244242,260668,275969,279970,283929
133531,137626,159907,167960,171699,173114,183714,186306,186408,187150,191133,194095,195264,197362,201758,202077,206106,206790,208445,210837,214136,217454,222697,226099,227491,228872,231840,235198,242807,242856,244195,244414,248006,257070
117812,126327,129662,134285,160522,166706,166906,179246,180763,189140,190631,192623,203138,219424,253443,263519,283725,290501
144492,148457,190972,204163,221293,233605,234042,237098,237298,239064,240961,269716,276627,285792,287456,292112
118422,118498,126191,134548,135774,138900,158973,162005,169871,185292,275809,291271
129994,145867,148581,149533,165413,173734,190925,198683,228803,250049,262841,268979,269943,284442
121581,133531,163908,165669,173114,182121,191133,201586,201758,206106,206790,210837,213734,214136,216720,217317,223498,226099,227491,242807,244414,246790,248006,249602,257070
134548,135774,136618,138900,144679,150346,158973,162005,169871,185292,199462,205495,268599,275809
118167,144526,177602,186260,230152,240391,242328,264660,269492,269675,274498,290126
129653,135163,138795,145502,145556,147292,147528,148440,148854,150688,152499,157748,164417,182103,183318,184181,187645,188090,192736,197835,200507,208825,209696,210473,213669,213906,216150,219737,226510,226630,233423,237384,240583,242310,248685,262421
125030,135414,140611,143891,145334,173250,203728,226284,226860,229200,229901,233040,234458
133531,159907,165669,167960,171699,186408,187150,194095,195264,197362,202077,204175,206106,208445,210726,213734,214136,217454,222697,231840,235198,242856,249217,289851
130415,141596,141693,147291,158382,164910,172110,175597,177011,185362,201799,225695,238112,238729,240461,240706,240996,242607
117929,127361,134261,136067,148383,151872,157567,162401,169122,178143,179742,187461,191638,200916,216481,216619,224507,239214,240323,249063,272984
130415,141596,141693,146068,147291,158382,164910,172110,175597,189499,201799,213598,225695,228431,238112,238729,240706,240996,241973,242607,242909
121581,133531,163908,165669,173114,182121,187150,191133,201586,201758,206106,206790,210726,210837,213734,214136,216720,217317,223498,226099,227491,244414,246790,248006,249602,257070
119568,136736,138261,153923,168742,183180,190558,191110,192731,193276,195790,202599,203007,210912,233946,244242,275969,279970,281516,283929
121248,162104,162184,167177,175736,178820,194475,195108,233333,236910,253703,275262
130415,141596,147291,158382,164910,172110,175597,185362,201799,238729,240706,240996,241973,242909
120791,125035,135099,135276,140579,142162,142838,143066,145837,152680,157106,157293,172965,175662,177945,180546,186080,186540,192232,199770,205077,206347,212871,214789,219314,225453,229644,230464,267989
120411,122302,125287,131659,151300,169936,172393,176314,176475,177723,187694,189120,217452,219632,230652,250916,260438
128019,135218,141293,144334,147155,163720,164486,177569,183257,205622,233212,239682
138795,145556,148440,152499,187645,188910,192736,197835,209696,219737,225741,226510,233423
135163,138795,145502,145556,147292,147528,148854,150688,152499,157748,164417,169732,182103,183318,184181,188090,192736,197835,200507,208825,209696,210473,213669,213906,216150,219737,226510,226630,233423,237384,242310,248685,262421
121345,134548,135774,136618,138900,144175,147345,150346,158973,160901,162005,169871,185292,199462,202154,205495,256234,268599,275809
118498,126191,134548,135774,136618,138900,144679,150346,158973,162005,169871,185292,199462,205495,211454,220230,275809,291271
119114,127461,136385,142390,145610,154928,157256,165295,185206,186891,190044,191319,203972,227507,231761,237010,252631
129653,131722,135163,138795,145502,145556,147292,148854,152499,164417,182103,187645,188090,191160,200507,208825,209696,210473,213669,213906,216150,219737,226510,226630,237384,248685,262421
133531,159907,165669,167960,171699,187150,194095,195264,197362,201758,202077,204175,206106,208445,210726,213734,214136,217454,222697,231840,235198,242856,249217,249602,289851
120989,127992,128236,129577,136874,137738,142121,155565,171788,174843,176303,185738,187619,191754,192653,203769
133531,173114,182121,191133,201586,201758,206790,213734,217317,226099,227491,244195,244414,246790,248006,249602,257070
120791,135099,135276,140579,142162,145837,152680,157106,157293,175662,177945,186080,186540,205077,206347,267989
118422,118498,126191,134548,135774,138900,144679,150346,158973,162005,185292,205495,211454,220230,275809,291271
132462,132809,134515,144234,146390,154678,157469,167255,175055,186450,187606,192189,193322,209525,226449,228493,234016,272166,279393
133531,159907,165669,167960,171699,187150,191133,195264,197362,201586,201758,202077,206106,208445,210726,213734,214136,222697,231840,235198,242856,249217,249602,289851
120411,125287,131659,145519,151300,152827,155692,156044,157951,166038,169936,172341,172393,176314,176475,187694,189120,201021,212760,217452,219632,219765,230652,250916,261062
120411,122302,125287,131659,145519,151300,155692,156044,157951,169936,172341,172393,176314,176475,187694,189120,212760,217452,219632,219765,230652,250916,260438
121581,133531,163908,165669,210726,213734,214136,216720,217317,223498,246790,249217,249602,289851
129653,131722,138795,152499,164417,191160,196267,200507,226510,226630,237384,248685
135163,145502,147292,147528,148854,150688,157748,164417,182103,183318,184181,188090,200507,208825,210473,213669,213906,216150,226630,237384,242310,248685,262421
137626,182121,191133,201586,206790,226099,227491,228872,242807,244195,244414,248006,257070
120791,125035,135099,135276,140579,142162,142838,143066,145837,152680,157106,157293,172965,175662,177945,180546,186080,186540,192232,199770,205077,206347,212871,214789,219314,225453,230464,267989
121248,148581,151007,162104,162184,167177,173734,175736,178820,195108,198683,228803,236910,253703,262841
119568,138261,168742,191110,193276,195424,198846,210912,233946,244242,260668,275969,279970,281516,283929
140191,147516,152854,196509,198544,200331,208563,227702,233437,245529,254078,263869,264438,284927
133531,159907,165669,167960,171699,173114,183714,186306,186408,187150,191133,194095,195264,197362,201758,202077,206106,206790,208445,210726,210837,213734,214136,217454,222697,226099,227491,231840,235198,242807,242856,244414,248006
121581,133531,163908,165669,173114,182121,191133,201586,201758,206106,206790,210837,213734,214136,216720,217317,223498,226099,227491,242807,244195,244414,246790,248006,249602,257070
125035,140579,142838,143066,145837,172965,180546,192232,199770,206347,214789,219314,225453,229644,230464,270162
135163,138795,145502,145556,147292,147528,148854,150688,152499,157748,164417,169732,182103,183318,184181,188090,192736,200507,208825,209696,210473,213669,213906,216150,219737,226510,226630,233423,237384,242310,248685,262421
148413,150277,185658,216761,239232,247590,249531,257345,258199,261811,266061,276184,279687
129653,131722,135163,138795,145502,145556,147292,148440,148854,152499,164417,182103,183318,187645,191160,192736,196267,197835,200507,208825,209696,210473,213669,213906,216150,219737,226510,226630,233423,237384,240583,248685,262421
137626,159907,167960,171699,186306,186408,187150,194095,195264,197362,202077,206106,208445,217454,222697,231840,235198,242856
148581,149533,165413,167177,173734,175736,178820,228803,236910,250049,253703,268979
120791,135099,135276,140579,142162,145837,152680,157106,157293,172965,175662,177945,186080,186540,192232,205077,206347,212871,230464,267989
133531,137626,173114,182121,183714,186306,187150,191133,197362,201586,201758,206106,206790,208445,210837,213734,217317,222697,226099,227491,228872,231840,235198,242807,244195,244414,246790,248006,249602,257070
129653,131722,135163,138795,145502,145556,147292,148440,148854,152499,164417,182103,183318,187645,188090,192736,200507,208825,209696,210473,213669,213906,216150,219737,226510,226630,233423,237384,242310,248685,262421
124176,139396,139621,156927,169674,185694,203664,225155,227463,229526,234431,236366,243925,257826,265583
130415,141596,146068,147291,158382,164910,172110,175597,189499,213598,228431,241973,242909,263759
120411,121283,131659,145519,152827,166038,176314,201021,217452,219632,219765,230652,261062
159907,165669,167960,171699,173114,183714,186306,186408,187150,194095,195264,197362,201758,202077,206106,208445,210837,214136,217454,222697,226099,227491,228872,231840,235198,242807,242856,244414,248006
133531,159907,165669,173114,187150,191133,195264,197362,201586,201758,206106,210726,213734,214136,217317,222697,231840,235198,242856,246790,249217,249602,289851
120411,122302,125287,131659,151300,155692,156044,157951,166038,169936,172341,172393,176314,176475,187694,189120,212760,217452,219632,219765,230652,250916,260438
133531,137626,159907,167960,173114,182121,183714,186306,187150,191133,195264,197362,201586,201758,206106,206790,208445,210837,213734,214136,217317,222697,226099,227491,228872,231840,235198,242807,244195,244414,246790,248006,249602,257070
121248,148581,151007,162104,162184,167177,173734,175736,178820,195108,228803,236910,253703,275262
120791,135099,135276,140579,142162,142838,143066,145837,152680,157106,157293,172965,175662,177945,180546,186080,186540,192232,199770,205077,206347,212871,219314,225453,230464
145867,148581,149533,165413,173734,175736,178820,228803,236910,250049,253703,268979,269943,284442
133531,159907,165669,167960,171699,173114,183714,186306,186408,187150,191133,194095,195264,197362,201758,202077,206106,208445,210726,210837,213734,214136,217454,222697,226099,231840,235198,242856,244414,248006,249217
148413,150277,177662,185658,216761,247590,249531,258199,261811,266061,276184,279687
133531,159907,165669,167960,171699,187150,194095,195264,197362,201586,201758,202077,206106,208445,210726,213734,214136,217454,222697,231840,235198,242856,249217,249602,289851
121248,129994,148581,149533,151007,162104,162184,165413,167177,173734,175736,178820,190925,198683,228803,236910,250049,253703,262841,268979
133531,159907,165669,167960,171699,173114,182121,183714,186306,186408,187150,191133,194095,195264,197362,201586,201758,202077,206106,206790,208445,210726,210837,213734,214136,217454,222697,226099,227491,228872,231840,235198,242807,242856,244195,244414,248006,249602,257070
132462,132809,144234,146390,154678,157469,167255,175055,186450,187606,192189,193322,209525,226449,228493,234016,239880,272166,279393
129653,131722,135163,138795,145556,147292,148440,152499,164417,187645,191160,192736,196267,197835,200507,209696,210473,219737,226510,226630,233423,237384,240583,248685,262421
130415,141596,141693,147291,158382,164910,172110,175597,185362,189499,201799,228431,238112,238729,240706,240996,241973,242607,242909
130415,141596,141693,147291,158382,164910,172110,175597,185362,189499,201799,225695,228431,238112,238729,240706,240996,242607,242909
129653,131722,135163,138795,148854,152499,164417,191160,200507,208825,210473,213906,226510,226630,237384,248685
133531,165669,173114,182121,183714,187150,191133,197362,201586,201758,206106,206790,210837,213734,214136,217317,223498,226099,227491,228872,242807,244195,244414,246790,248006,249602,257070
134261,136067,148091,162401,178143,187461,191638,214956,224507,249063,254806,272984
138795,145502,145556,147292,152499,157748,169732,183318,184181,187645,192736,197835,200507,209696,210473,216150,219737,226510,226630,233423,237384,262421
117812,126327,134285,158533,160522,166706,166906,176365,179246,180763,189140,190631,192623,203138,219424,253443,283725
129653,131722,135163,138795,145502,145556,147292,148440,148854,152499,157748,164417,182103,183318,184181,187645,188090,191160,192736,197835,200507,208825,209696,210473,213669,213906,216150,219737,226510,226630,233423,237384,240583,242310,248685,262421
117929,127361,134261,136067,148383,151872,157567,169122,178143,179742,187461,191638,200916,216481,216619,224507,239214,240323,258273,262155,272984
132462,132659,134515,144234,151288,154678,157469,167255,192189,193322,209525,228493,234016,272166,279393
118422,118498,134548,138900,144679,158973,162005,172833,185292,211454,220230,291271
120791,125035,135099,135276,140579,142162,142838,143066,145837,152680,157106,157293,172965,175662,177945,180546,186080,186540,192232,199770,205077,206347,212871,214789,219314,225453,229644,230464
130415,141596,141693,147291,158382,172110,177011,184566,185362,201799,225695,238112,238729,240461,240706,240996,242607
130415,141596,147291,158382,164910,172110,175597,177011,185362,238729,240461,240706,240996,241973
134548,135774,136618,138900,150346,158973,162005,169871,185292,199462,205495,268599,275809
137626,167960,173114,182121,183714,186306,197362,206790,208445,210837,222697,226099,227491,228872,235198,242807,244195,244414,248006,257070
117743,119214,153773,154974,155050,166453,170233,187170,204993,205248,205804,206510
130415,141596,141693,146068,147291,158382,164910,172110,175597,189499,201799,213598,228431,238112,238729,240706,240996,241973,242607,242909
133531,159907,165669,167960,171699,173114,183714,186306,186408,187150,191133,194095,195264,197362,201758,202077,206106,206790,208445,210837,214136,217454,222697,226099,227491,228872,231840,235198,242807,242856,244195,244414,248006,257070
134261,136067,148091,162401,178143,187461,191638,214956,249063,249691,254806,272984
145502,145556,147292,150688,157748,169732,182103,183318,184181,192736,197835,200507,209696,210473,216150,226510,226630,233423,237384,242310,262421
140191,140258,147516,150218,152854,196509,198544,200331,208563,254078,264438,284927
135774,136618,147345,150346,158973,160901,169871,185292,199462,205495,268599,275809,285999
133531,137626,159907,165669,167960,171699,173114,182121,183714,186306,187150,191133,194095,195264,197362,201586,201758,202077,206106,206790,208445,210837,213734,214136,217317,222697,226099,227491,228872,231840,235198,242807,242856,244195,244414,246790,248006,249602,257070
129653,131722,135163,138795,145502,145556,147292,148440,148854,152499,164417,182103,183318,184181,187645,188090,191160,192736,197835,200507,208825,209696,210473,213669,213906,216150,219737,226510,226630,233423,237384,242310,248685,262421
118498,126191,134548,135774,136618,138900,150346,158973,162005,169871,185292,199462,205495,275809,285999,291271
117812,126327,129662,134285,166706,166906,179246,180763,189140,190631,192623,203138,219424,263519,283725,290501,291760
120411,122302,125287,131659,145519,151300,169936,172393,176314,176475,177723,187694,189120,217452,219632,250916,260438
135099,135276,140579,145837,152680,157293,177945,186540,192232,206347,230464,267989
133531,159907,165669,167960,171699,173114,183714,186306,186408,187150,191133,194095,195264,197362,201758,202077,206106,206790,208445,210837,213734,214136,217454,222697,226099,227491,228872,231840,235198,242807,242856,244195,244414,248006,257070
133531,163908,165669,173114,182121,187150,191133,201586,201758,206106,206790,210726,213734,214136,216720,217317,223498,226099,227491,244414,246790,248006,249602,257070,289851
122300,127417,129074,135383,152948,157066,176842,178202,197827,198004,221010,234526,241846,251192,258165,272909,273615
120791,135099,135276,140579,142838,143066,157106,157293,172965,175662,177945,180546,192232,199770,205077,212871,214789,219314,225453,229644,230464,270162
120411,131659,145519,151300,152827,156044,157951,166038,169936,172393,176314,189120,201021,212760,217452,219632,219765,230652,261062
123301,124249,141918,148812,152363,155175,168944,172124,186255,198569,215120,243166,278951
133531,173114,182121,191133,201586,201758,206790,210837,213734,217317,226099,227491,228872,242807,244195,244414,246790,248006,249602,257070
123750,161354,161479,164748,168692,172645,181225,198759,221941,258241,258732,262699,265273
132462,132659,132809,134515,144234,146390,154678,167255,175055,186450,192189,193322,209525,226449,228493,234016,272166,279393
140191,140258,147516,150218,151627,152854,196509,198544,200331,208563,254078,284927
159907,165669,167960,171699,173114,183714,186306,186408,187150,194095,195264,197362,201758,202077,206106,206790,208445,210837,214136,217454,222697,226099,227491,228872,231840,235198,242807,242856,244195,244414,248006,257070
136736,138261,153923,168742,183180,190558,191110,192731,193276,195424,195790,198846,202599,203007,210912,260668,275969
121248,148581,162104,162184,167177,173734,175736,178820,194475,195108,228803,233333,236910,253703,275262
135163,145502,145556,147292,147528,150688,157748,169732,182103,183318,184181,209696,210473,216150,226510,233423,242310,262421
121248,129994,145867,148581,149533,162104,162184,165413,167177,173734,175736,178820,190925,198683,228803,236910,250049,253703,262841,268979,284442
135163,138795,145502,145556,147292,147528,148440,148854,150688,152499,157748,164417,169732,182103,183318,184181,187645,188090,192736,197835,200507,208825,209696,210473,213669,213906,216150,219737,226510,226630,233423,237384,242310,248685,262421
133531,159907,165669,167960,171699,173114,183714,186306,186408,187150,191133,194095,195264,197362,201586,201758,202077,206106,206790,208445,210726,210837,213734,214136,217454,222697,226099,227491,228872,231840,235198,242807,242856,244414,248006,249602
129653,131722,138795,145556,148440,152499,187645,192736,197835,200507,209696,219737,226510,226630,233423,237384,240583,248685
119315,123388,125186,127095,143926,150695,173039,181450,203558,208574,278115,283773
133531,165669,201586,206106,210726,213734,214136,217317,223498,246790,249217,249602,289851
118498,126191,134548,135774,136618,138900,144679,150346,158973,162005,169871,172833,185292,199462,205495,220230,275809,291271
133531,163908,165669,173114,187150,191133,201586,201758,206106,210726,213734,214136,216720,217317,223498,244414,246790,249602,289851
117812,123975,158533,160522,166706,166906,176365,179246,180763,189140,190631,203138,219424,228625,253443,283725,291760
133531,159907,165669,167960,171699,173114,186306,187150,191133,194095,195264,197362,201586,201758,202077,206106,206790,208445,210726,210837,213734,214136,217317,217454,222697,226099,231840,235198,242856,244414,246790,248006,249217,249602,289851
140579,142838,143066,172965,175662,180546,192232,199770,206347,212871,214789,219314,225453,229644,230464,270162
119114,127461,136385,142390,145610,154928,157256,165295,185206,186018,186891,190044,191319,203972,227507,231761,237010,252631,264075
133588,167874,192651,197908,215889,216557,219258,220169,221722,221737,229514,249626
120791,135099,135276,140579,145837,152680,157293,175662,177945,186080,186540,192232,205077,206347,267989
124176,139621,156927,169674,185694,186684,198054,202544,203374,203664,225155,227463,232460,236366,241902,243925,257826,263124
118422,118498,126191,134548,135774,136618,138900,150346,158973,162005,169871,185292,199462,205495,211454,275809,291271
130415,141596,146068,147291,158382,164910,172110,175597,189499,213598,228431,241973,242909,277130
129653,135163,138795,145502,145556,147292,147528,148440,148854,150688,152499,157748,164417,182103,183318,184181,187645,188090,192736,197835,200507,208825,209696,210473,213669,213906,216150,219737,226510,226630,233423,237384,242310,248685,262421
133531,159907,165669,167960,171699,173114,183714,186306,186408,187150,191133,194095,195264,197362,201758,202077,206106,206790,208445,210837,214136,217454,222697,226099,227491,228872,231840,235198,242807,242856,244414,248006
121581,133531,163908,165669,191133,201586,201758,213734,214136,216720,217317,223498,246790,249602,251923
137626,159907,167960,173114,183714,186306,187150,195264,197362,208445,210837,222697,226099,227491,228872,231840,235198,242807,244195,244414,248006
133531,165669,187150,191133,201586,201758,206106,210726,213734,214136,216720,217317,223498,246790,249602,289851
117929,134261,136067,148091,148383,157567,162401,169122,178143,179742,187461,216481,216619,240323,249063,254806,272984
118498,126191,135774,136618,162005,169871,185292,199462,205495,275809,285999,291271
129653,131722,138795,145556,148440,152499,187645,191160,192736,196267,197835,209696,219209,219737,226510,226630,237384,240583,248685
120411,125287,131659,145519,151300,152827,169936,172393,176314,176475,189120,217452,219632,250916,260438
123674,127152,138232,146745,171428,175397,176178,182655,216699,224847,228639,235016,264737,265087,273367
118498,134548,135774,136618,138900,144679,150346,158973,162005,169871,172833,185292,199462,205495,220230,275809
133531,159907,165669,167960,171699,173114,186306,186408,187150,191133,194095,195264,197362,201586,201758,202077,206106,208445,210726,213734,214136,217454,222697,231840,235198,242856,249217,249602,289851
120337,123719,140842,144723,160736,176853,186091,191273,205707,208679,230897,249495,258189
133531,165669,173114,187150,191133,197362,201586,201758,206106,210726,213734,214136,216720,217317,223498,244414,246790,249602,289851
117767,127390,134944,137348,137469,140625,162987,175539,183978,204364,206921,230569
140191,140258,150218,151627,152854,196509,198544,200331,208563,263869,264438,284927
121248,148581,149533,162104,162184,165413,167177,173734,175736,178820,228803,236910,250049,253703,268979
120791,135099,135276,140579,142162,142838,143066,145837,157106,157293,172965,175662,177945,180546,186080,192232,199770,205077,206347,212871,214789,219314,225453,229644,230464,270162
121248,129994,148581,151007,162104,162184,165413,167177,178820,190925,198683,228803,236910,253703,262841,268979
119114,127461,136385,142390,145610,154928,157256,165295,185206,186018,186891,190044,191319,203972,227507,231761,233931,237010,264075
133531,159907,165669,167960,171699,173114,186306,186408,187150,191133,194095,195264,197362,201758,202077,206106,208445,210726,213734,214136,217454,222697,231840,235198,242856,244414,249217,249602,289851
120411,122302,125287,131659,145519,151300,152827,157951,169936,172341,172393,176314,176475,187694,189120,212760,217452,219632,219765,230652,250916,260438
119568,136736,138261,153923,168742,183180,190558,191110,192731,193276,195424,195790,202599,203007,210912,233946,275969,281516,283929
130415,141596,141693,158382,172110,177011,184566,185362,201799,225695,238112,238729,240461,240706,240996,242607
121248,148581,162104,162184,167177,173734,175736,178820,194475,195108,228803,233333,236910,253703
129994,145867,148581,149533,165413,173734,175736,228803,250049,262841,268979,284442
126653,134261,136067,148091,162401,169122,178143,214956,216619,249063,254806,255756,272984
133531,165669,201586,201758,210726,213734,214136,216720,217317,223498,246790,249217,249602,289851
120337,123719,140842,160736,176853,186091,191273,205707,208679,230897,249495,253067,258189
117812,123975,126327,134285,158533,160522,166706,166906,179246,180763,189140,190631,203138,219424,228625,253443,283725,291760
120791,125035,135099,135276,140579,142162,142838,143066,145837,152680,157106,157293,172965,175662,177945,180546,186080,186540,192232,199770,205077,206347,212871,214789,225453,229644,230464,267989,270162
118362,121738,141649,143143,144317,166037,174484,179974,180730,201433,208294,219938
129994,148581,149533,151007,162104,162184,165413,173734,178820,190925,198683,228803,236910,250049,253703,262841,268979,284442
126653,134261,136067,148091,162401,178143,187461,214956,249063,249691,254806,272984
133531,137626,159907,165669,167960,171699,173114,182121,183714,186306,187150,191133,194095,195264,197362,201586,201758,206106,206790,208445,210837,213734,214136,222697,226099,227491,228872,231840,235198,242807,242856,244195,244414,246790,248006,249602,257070
129653,131722,135163,138795,145502,145556,147292,148440,148854,152499,164417,182103,187645,191160,192736,196267,197835,200507,208825,209696,210473,213669,213906,216150,219737,226510,226630,233423,237384,240583,248685,262421
124176,139621,156927,169674,185694,186684,198054,202544,203374,203664,225155,227463,229526,232460,234431,236366,241902,243925,257826,263124
133531,165669,191133,201586,201758,206106,210726,213734,214136,216720,217317,223498,246790,249217,249602,289851
121581,133531,165669,173114,182121,183714,191133,201586,201758,206790,210837,213734,214136,216720,217317,223498,226099,227491,228872,242807,244195,244414,246790,248006,249602,257070
120791,125035,135099,135276,140579,142162,142838,143066,145837,152680,157106,157293,172965,175662,177945,180546,186080,186540,192232,199770,205077,206347,212871,214789,219314,225453,229644,230464,270162
133531,165669,187150,191133,197362,201586,201758,206106,210726,213734,214136,217317,222697,223498,231840,246790,249217,249602,289851
121248,129994,148581,151007,162104,162184,165413,167177,173734,178820,190925,198683,228803,236910,250049,253703,262841,268979
120791,125035,135099,135276,140579,142162,142838,143066,145837,152680,157106,157293,172965,175662,177945,180546,186080,186540,192232,205077,206347,212871,219314,230464,267989
121248,145867,148581,149533,162104,165413,167177,173734,175736,178820,228803,236910,250049,253703,268979,284442
135163,145502,147292,147528,148854,152499,164417,182103,188090,200507,208825,210473,213669,213906,216150,226510,226630,237384,242310,248685,262421
129994,145867,148581,149533,151007,162104,162184,165413,173734,178820,190925,198683,228803,236910,250049,253703,262841,268979,284442
129653,131722,135163,138795,145502,145556,147292,147528,148440,148854,152499,157748,164417,182103,183318,184181,187645,188090,192736,197835,200507,208825,209696,210473,213669,213906,216150,219737,226510,226630,233423,237384,240583,242310,248685,262421
121394,136326,140947,161387,163039,167656,168095,178900,180051,192305,205980,230098,232594
119568,136736,138261,153923,168742,183180,190558,191110,192731,193276,195424,195790,198846,202599,203007,210912,281516,283929
120411,125287,131659,145519,151300,152827,169936,172393,176314,176475,187694,189120,212760,217452,219632,219765,230652,250916
133531,163908,165669,191133,201586,201758,206106,210726,213734,214136,216720,217317,223498,246790,249602,289851
133531,165669,173114,182121,183714,186306,187150,191133,197362,201586,201758,206106,206790,210837,213734,214136,217317,222697,223498,226099,227491,228872,231840,242807,244195,244414,246790,248006,249602,257070
136326,140947,143524,161387,163039,168095,178900,180051,180910,192305,230098,232594
119584,125829,134626,142562,161260,177180,181418,196484,213615,214231,247925,259200,291899
133531,159907,165669,167960,173114,182121,183714,186306,187150,191133,195264,197362,201586,201758,206106,206790,208445,210726,210837,213734,214136,217317,222697,223498,226099,227491,228872,231840,235198,242807,242856,244195,244414,246790,248006,249602,257070,289851
120791,135099,135276,140579,142838,143066,157106,157293,172965,175662,177945,180546,192232,199770,206347,212871,214789,219314,225453,229644,230464,270162
117812,126327,129662,134285,160522,166706,166906,179246,180763,189140,190631,192623,203138,219424,228625,253443,263519,283725,290501,291760
117929,127361,134261,136067,148383,151872,157567,169122,178143,179742,187461,191638,200916,216481,216619,224507,239214,240323,262155,272984
129653,135163,148854,152499,164417,182103,188090,200507,208825,210473,213669,213906,216150,226510,226630,237384,248685,262421
117929,134261,136067,148383,151872,157567,162401,169122,178143,179742,187461,191638,200916,216481,216619,224507,239214,240323,249063,272984
127361,134261,136067,162401,178143,187461,191638,200916,214956,249063,258273,262155,272984
120411,131659,145519,151300,152827,157951,166038,169936,172393,176314,176475,189120,212760,217452,219632,219765,230652,261062
130415,141596,141693,158382,172110,175597,177011,185362,201799,225695,238112,238729,240461,240706,240996,242607
118422,118498,126191,134548,135774,138900,144679,150346,158973,162005,169871,185292,199462,205495,211454,220230,275809,291271
159907,167960,171699,186306,186408,187150,194095,195264,197362,202077,204175,206106,208445,214136,217454,222697,231840,235198,242856,249217
129994,145867,148581,149533,162104,165413,173734,175736,178820,198683,228803,236910,250049,253703,262841,268979,284442
132809,146390,151551,154678,167255,175055,186450,187606,192189,193322,209525,228493,239880,279393
120411,151300,155692,156044,157951,166038,172341,172393,201021,202029,212760,217452,219765,230652
133531,173114,182121,191133,201586,201758,206790,213734,217317,223498,226099,227491,242807,244195,244414,246790,248006,249602,251923,257070
138795,145556,147292,148440,152499,183318,184181,187645,192736,197835,200507,209696,219737,225741,226510,226630,233423,237384,240583
133531,159907,165669,167960,171699,173114,186306,186408,187150,194095,195264,197362,201758,202077,206106,208445,210726,214136,217454,222697,231840,235198,242856,249217
126653,134261,136067,148091,162401,178143,187461,191638,214956,249063,249691,254806,272984
137626,159907,167960,171699,173114,183714,186306,186408,187150,194095,195264,197362,202077,206106,208445,210837,217454,222697,226099,228872,231840,235198,242807,242856,244414,248006
121345,135774,136618,144175,147345,150346,158973,160901,169871,199462,202154,205495,256234,268599,275809,285999
133531,159907,165669,167960,171699,187150,194095,195264,197362,202077,204175,206106,208445,210726,213734,214136,217454,222697,231840,235198,242856,249217,249602,289851
133531,165669,173114,182121,187150,191133,197362,201586,201758,206106,206790,210726,210837,213734,214136,216720,217317,223498,226099,227491,242807,244414,246790,248006,249602,257070,289851
130415,141596,141693,147291,158382,172110,175597,177011,184566,185362,201799,238112,238729,240461,240706,240996,241973,242607
153503,158066,163986,191510,196153,203563,231967,257158,257410,273894,280486,294072
137626,159907,167960,183714,186306,194095,195264,197362,208445,210837,222697,228872,231840,235198
129653,131722,135163,138795,145502,145556,147292,148440,148854,152499,164417,182103,183318,187645,191160,192736,197835,200507,209696,210473,216150,219737,226510,226630,233423,237384,240583,248685,262421
117812,123975,126327,134285,158533,160522,166706,166906,176365,179246,180763,189140,190631,203138,219424,228625,253443,283725,291760
118422,118498,126191,134548,135774,138900,144679,158973,162005,172833,185292,205495,211454,220230,291271
135163,138795,145502,145556,147292,147528,148854,150688,152499,157748,164417,169732,182103,183318,184181,188090,192736,197835,200507,208825,209696,210473,213669,213906,216150,226510,226630,233423,237384,242310,248685,262421
145502,145556,147292,157748,169732,183318,184181,192736,197835,209696,225741,226510,233423
130415,141596,141693,158382,164910,172110,175597,189499,201799,213598,225695,228431,238112,238729,240706,240996,242607,242909
117929,127361,134261,136067,151872,157567,162401,169122,178143,187461,191638,200916,214956,216619,224507,239214,240323,249063,262155,272984
121160,129308,130348,136891,139272,140211,145615,156800,157893,177385,181656,182972,189017,193756,236753,247063
153503,163986,191510,196153,231967,250155,257158,257410,273894,280486,290277,294072
126299,127549,161170,206936,207694,237422,247930,259270,272937,282508,285784,292339
121248,148581,167177,173734,175736,178820,194475,195108,228803,233333,236910,253703
119114,134336,152266,157256,165295,170499,186018,208598,227507,233931,257741,264075,272039
129653,131722,135163,138795,145502,145556,147292,148440,148854,152499,164417,182103,183318,184181,187645,192736,197835,200507,209696,210473,216150,219737,226510,226630,233423,237384,240583,248685,262421
130415,141596,141693,147291,158382,164910,172110,175597,185362,201799,225695,238112,238729,240461,240706,240996,242607,242909
148413,150277,177662,216761,247590,249531,258199,261811,266061,267295,276184,279687
126653,134261,136067,139096,148091,162401,178143,214956,249063,249691,254806,272984
129653,131722,138795,152499,191160,196267,200507,219209,219737,226510,226630,237384,248685
120337,123719,140842,144723,160736,176853,186091,191273,205707,208679,230897,249495,253067,258189,291503
125030,135414,140611,143891,179390,203728,226284,226860,229200,229901,233040,234458
138795,145556,148440,152499,187645,192736,197835,200507,209696,219737,225741,226510,226630,233423,237384,240583
121248,148581,151007,162104,162184,167177,175736,178820,195108,228803,233333,236910,253703,275262
133531,165669,173114,187150,191133,197362,201586,201758,206106,210726,213734,214136,217317,223498,246790,249602,289851
117929,126653,134261,136067,148091,162401,169122,178143,187461,191638,214956,216619,240323,249063,254806,272984
120411,125287,131659,145519,151300,152827,156044,157951,166038,169936,172341,172393,176314,176475,187694,189120,212760,217452,219632,219765,230652,250916
121160,129308,130348,136891,139272,140211,145615,155700,156800,157893,176749,177385,181656,182972,189017,193756,199667,236753,247063
155692,156044,157951,166038,172341,201021,202029,212760,217452,219765,230652,261062
134336,152266,170499,173489,175188,177638,208598,221733,233931,234325,257741,272039
133531,163908,165669,191133,201586,201758,210726,213734,214136,216720,217317,223498,246790,249217,249602,289851
135163,145502,145556,147292,150688,157748,169732,182103,183318,184181,192736,197835,209696,210473,216150,226510,233423,242310,262421
134261,136067,148091,162401,178143,187461,191638,200916,214956,224507,249063,254806,272984
137626,159907,167960,173114,183714,186306,187150,195264,197362,208445,210837,222697,226099,227491,228872,231840,235198,242807,244195,248006
117929,127361,134261,136067,151872,162401,169122,178143,187461,191638,200916,214956,216619,224507,239214,240323,249063,262155,272984
129653,131722,138795,148440,152499,152874,187645,191160,196267,200507,219209,219737,226510,226630,237384,240583,248685
130415,141596,141693,147291,158382,164910,172110,175597,185362,201799,225695,238112,238729,240461,240706,240996,241973,242607
120411,121283,131659,145519,151300,152827,166038,176314,189120,217452,219632,219765,230652,261062
118175,120470,146706,163090,165097,170164,171770,172677,200132,219972,223284,232497,240758,265194,287236
118175,120470,163090,165097,170164,171770,172677,200132,219972,223284,232497,265194,280764,287236
120411,125287,131659,145519,151300,152827,169936,172393,176314,176475,187694,189120,217452,219632,219765,230652,250916
125035,140579,142838,143066,172965,180546,192232,199770,206347,212871,214789,219314,225453,229644,230464,270162
117929,134261,136067,148091,148383,157567,162401,169122,178143,179742,187461,191638,216481,216619,240323,249063,254806,272984
129994,145867,148581,149533,165413,173734,190925,198683,228803,236910,250049,253703,262841,268979,284442
121581,133531,182121,191133,201586,201758,206790,213734,217317,223498,246790,249602,251923,257070
120791,125035,135099,135276,140579,142162,142838,143066,145837,152680,157106,157293,172965,175662,177945,180546,186080,186540,192232,205077,206347,212871,230464,267989
120791,135099,135276,140579,142162,142838,143066,145837,152680,157106,157293,172965,175662,177945,180546,186080,186540,192232,205077,206347,212871,230464,267989
119568,136736,138261,153923,168742,183180,190558,191110,192731,193276,195424,195790,198846,202599,203007,210912,260668,275969,283929
133531,159907,165669,167960,171699,173114,186306,186408,187150,194095,195264,197362,201758,202077,206106,208445,210726,210837,213734,214136,217454,222697,231840,235198,242856,244414
121345,134548,135774,136618,144175,147345,150346,158973,160901,169871,199462,202154,205495,256234,268599,275809,285999
121248,129994,148581,151007,162104,162184,165413,167177,173734,175736,178820,190925,198683,228803,236910,253703,262841,268979
153503,163986,191510,196153,203563,231967,250155,257158,257410,273894,280486,290277,294072
130415,141596,141693,147291,158382,164910,172110,175597,185362,201799,238112,238729,240461,240706,240996,241973
145502,145556,147292,152499,157748,169732,183318,184181,192736,197835,209696,225741,226510,226630,233423,237384,262421
121248,148581,162104,162184,167177,173734,175736,178820,194475,228803,236910,253703
145867,148581,149533,165413,173734,175736,228803,250049,262841,268979,269943,284442
118498,135774,136618,150346,158973,162005,169871,185292,199462,205495,275809,285999
118498,126191,134548,135774,136618,138900,144679,150346,158973,162005,169871,185292,199462,205495,275809,291271
122300,127417,129074,135383,152948,157066,176842,178202,197827,198004,207529,221010,226127,234526,251192,258165,272909,273615
133531,159907,165669,167960,173114,186306,187150,191133,195264,197362,201586,201758,206106,206790,208445,210726,213734,214136,217317,222697,223498,226099,231840,235198,242856,244414,246790,248006,249602,289851
120411,122302,125287,131659,145519,151300,152827,157951,169936,172341,172393,176314,176475,187694,189120,217452,219632,219765,230652,250916,260438
118498,134548,135774,136618,150346,158973,162005,169871,185292,199462,205495,268599,275809,285999
130415,141596,141693,146068,147291,158382,164910,172110,175597,189499,201799,213598,228431,238729,240996,241973,242909
119114,127461,136385,142390,154928,157256,165295,186018,186891,190044,203972,227507,231761,233931,264075
130415,141596,141693,147291,158382,164910,172110,175597,185362,189499,201799,225695,228431,238112,238729,240706,240996,241973,242607,242909
134336,146245,152266,170499,173489,175188,208598,221733,233931,234325,257741,272039
117929,134261,136067,148383,151872,157567,169122,178143,179742,187461,191638,200916,202767,216481,216619,224507,239214,240323,272984
134261,136067,148091,151872,162401,169122,178143,187461,191638,200916,214956,224507,239214,249063,272984
121581,133531,163908,165669,173114,182121,191133,201586,201758,206790,210837,213734,214136,216720,217317,223498,226099,227491,228872,242807,244195,244414,246790,248006,249602,251923,257070
122602,128117,128704,133101,137348,149535,176309,191765,204659,209653,210673,236565
130415,141596,146068,147291,158382,164910,172110,209794,213598,241973,263759,277130
121345,134548,135774,136618,138900,144175,150346,158973,160901,162005,169871,185292,199462,202154,205495,256234,268599,275809
132526,132809,146390,151551,167255,175055,186450,187606,192189,193322,209525,226449,228493,239880,279393
137626,167960,173114,183714,186306,195264,197362,206790,208445,210837,222697,226099,227491,228872,235198,242807,244195,244414,248006,257070
117929,134261,136067,148383,151872,157567,169122,173524,178143,179742,187461,191638,200916,216481,216619,224507,239214,240323
148413,150277,177662,185658,216761,239232,247590,249531,258199,261811,266061,267295,276184,279687
121581,133531,173114,182121,191133,201586,201758,206790,213734,217317,223498,226099,227491,244414,246790,248006,249602,251923,257070
120791,125035,135099,135276,140579,142162,142838,143066,145837,152680,157106,157293,172965,175662,177945,180546,186080,186540,192232,199770,205077,206347,212871,214789,219314,225453,229644,230464,267989,270162
129653,131722,138795,145556,148440,152499,164417,187645,191160,192736,196267,197835,200507,209696,219737,226510,226630,237384,240583,248685
159907,165669,167960,171699,173114,183714,186306,186408,187150,191133,194095,195264,197362,201758,202077,206106,206790,208445,210837,214136,217454,222697,226099,227491,228872,231840,235198,242807,242856,244195,244414,248006,257070
117929,134261,136067,148383,151872,157567,169122,178143,179742,187461,191638,200916,202767,216481,216619,224507,239214,240323
133531,182121,191133,201586,201758,206790,213734,217317,226099,227491,244195,244414,246790,248006,249602,257070
133531,165669,173114,182121,183714,187150,191133,201586,201758,206106,206790,210837,213734,214136,217317,223498,226099,227491,228872,242807,244195,244414,246790,248006,249602,257070
120411,125287,151300,155692,156044,157951,166038,169936,172341,172393,176475,187694,189120,201021,212760,217452,219765,230652,250916
118422,118498,126191,134548,138900,144679,162005,172833,185292,211454,220230,291271
119568,136736,138261,153923,168742,183180,191110,192731,193276,195424,198846,203007,210912,260668,275969
132462,132526,132809,146390,151551,154678,167255,175055,186450,187606,192189,193322,209525,226449,228493,234016,239880,272166,279393
129653,131722,135163,138795,145502,145556,147292,147528,148440,148854,150688,152499,157748,164417,182103,183318,184181,187645,188090,192736,197835,200507,208825,209696,210473,213669,213906,216150,219737,226510,226630,233423,237384,240583,242310,248685,262421
129653,135163,138795,145502,145556,147292,147528,148440,148854,150688,152499,157748,164417,169732,182103,183318,184181,187645,188090,192736,197835,200507,208825,209696,210473,213669,213906,216150,219737,226510,226630,233423,237384,242310,248685,262421
121581,133531,163908,165669,173114,182121,191133,201586,201758,206790,213734,217317,223498,226099,227491,242807,244195,244414,246790,248006,249602,251923,257070
119568,136736,138261,153923,168742,183180,190558,191110,192731,193276,195424,195790,198846,202599,203007,210912,260668,275969
121345,134548,135774,136618,144175,147345,150346,158973,160901,162005,169871,185292,199462,205495,256234,268599,275809,285999
120411,122302,125287,131659,145519,151300,152827,156044,157951,169936,172341,172393,176314,176475,187694,189120,212760,217452,219632,219765,230652,250916,260438
133531,137626,173114,182121,183714,187150,191133,197362,201586,201758,206790,210837,213734,217317,226099,227491,228872,242807,244195,244414,246790,248006,249602,257070
133531,159907,165669,167960,171699,173114,186306,187150,191133,194095,195264,197362,201586,201758,202077,206106,208445,210726,210837,213734,214136,217454,222697,226099,231840,235198,242856,244414,246790,248006,249217,249602,289851
127837,153503,163986,191510,196153,231967,250155,257158,257410,266391,273894,275142,290277,294072
124176,139621,156927,169674,185694,186684,198054,202544,203664,225155,227463,229526,232460,234431,236366,243925,257826,265583
120411,125287,131659,151300,152827,155692,156044,157951,166038,169936,172341,172393,176314,176475,187694,189120,201021,212760,217452,219632,219765,230652,250916,261062
121581,133531,163908,182121,191133,201586,201758,213734,216720,217317,223498,246790,249602,251923
138795,145556,148440,152499,187645,188910,192736,197835,209696,219737,225741,226510,233423,237384
119114,134336,146245,152266,165295,170499,175188,186018,208598,221733,227507,233931,234325,257741,264075,268928,272039
117812,160522,166706,179246,180763,189140,203138,219424,228625,253443,263519,283725,285748,290501,291760
159907,165669,167960,171699,173114,183714,186306,186408,187150,194095,195264,197362,202077,206106,206790,208445,210837,214136,217454,222697,226099,227491,228872,231840,235198,242807,242856,244195,244414,248006
132462,132659,134515,144234,151288,154678,157469,167255,192189,193322,209525,226449,228493,234016,272166
118498,126191,134548,135774,138900,144679,158973,162005,172833,185292,205495,211454,220230,291271
129653,131722,138795,145556,148440,152499,187645,191160,192736,196267,197835,200507,209696,219209,219737,226510,226630,237384,240583,248685
134336,146245,152266,170499,173489,175188,177638,208598,221733,233931,234325,257741,272039
117929,127361,134261,136067,148383,151872,157567,162401,169122,178143,179742,187461,191638,200916,214956,216481,216619,224507,239214,240323,249063,272984
121248,148581,151007,162104,162184,167177,178820,195108,198683,228803,236910,253703,262841
121581,133531,163908,165669,173114,182121,191133,201586,201758,206790,210726,213734,214136,216720,217317,223498,244414,246790,248006,249602,251923,257070
133531,159907,165669,167960,171699,173114,183714,186306,186408,187150,191133,194095,195264,197362,201586,201758,202077,206106,208445,210726,210837,213734,214136,217454,222697,226099,231840,235198,242856,244414,248006,249217,249602,289851
134336,146245,152266,170499,173489,175188,208598,221733,233931,234325,257741,268928,272039
121394,136326,140947,161387,163039,167656,168095,178900,180051,192305,205980,226699,232594
134336,146245,152266,170499,175188,186018,208598,221733,234325,257741,268928,272039
141596,141693,164910,172110,175597,185362,189499,201799,225695,228431,238112,238729,240706,240996,242607,242909
120606,129698,159405,164781,170114,174646,182024,228467,269277,271679,281638,292605
134261,136067,148091,162401,169122,178143,187461,191638,200916,214956,216619,224507,249063,254806,272984
119114,127461,136385,142390,145610,154928,157256,165295,186018,186891,190044,203972,227507,231761,264075
129653,131722,135163,138795,145556,147292,148440,152499,164417,183318,187645,192736,197835,200507,209696,210473,219737,226510,226630,233423,237384,240583,248685,262421
134548,135774,138900,144679,158649,158973,162005,172833,185292,205495,211454,220230
133531,137626,159907,165669,167960,173114,182121,183714,186306,187150,191133,195264,197362,201586,201758,206106,206790,208445,210837,213734,214136,217317,222697,226099,227491,228872,231840,235198,242807,242856,244195,244414,246790,248006,249602,257070
129653,131722,138795,148440,152499,187645,191160,192736,196267,197835,219209,219737,240583
121581,133531,163908,165669,173114,182121,191133,201586,201758,206106,206790,210726,213734,214136,216720,217317,223498,226099,227491,244414,246790,248006,249602,251923,257070
117929,134261,136067,148091,151872,162401,169122,178143,187461,191638,200916,214956,216619,224507,239214,249063,272984
121248,148581,162104,162184,167177,173734,175736,178820,194475,195108,228803,236910,253703
133531,137626,159907,165669,167960,171699,173114,182121,183714,186306,186408,187150,191133,194095,195264,197362,201758,202077,206106,206790,208445,210837,213734,214136,217454,222697,226099,227491,228872,231840,235198,242807,242856,244195,244414,248006,257070
117929,134261,136067,148383,157567,169122,178143,179742,187461,191638,202767,216481,216619,224507,240323
120791,135099,135276,142162,152680,157106,157293,175662,177945,186080,186540,205077
121581,133531,163908,165669,201586,201758,210726,213734,214136,216720,217317,223498,246790,249602,289851
121581,133531,163908,165669,173114,191133,201586,201758,206106,210726,213734,214136,216720,217317,223498,246790,249602,289851
133531,159907,165669,167960,171699,186306,186408,187150,194095,195264,197362,202077,206106,208445,210726,214136,217454,222697,231840,235198,242856,249217,289851
119568,136736,138261,153923,168742,183180,190558,191110,192731,193276,195424,195790,198846,202599,203007,210912,275969,281516,283929
119315,123388,125186,127095,143926,150695,173039,181450,190120,203558,208574,283773
124176,139621,156927,169674,185694,186684,198054,202544,203664,225155,227463,229526,234431,236366,243925,257826,265583
130415,141596,141693,147291,158382,164910,172110,175597,185362,201799,225695,228431,238112,238729,240706,240996,241973,242607,242909
134285,158533,160522,166706,166906,176365,179246,180763,189140,190631,203138,219424,228625,253443,283725
133531,165669,173114,182121,187150,191133,197362,201586,201758,206106,206790,210726,210837,213734,214136,217317,222697,223498,226099,227491,242807,244195,244414,246790,248006,249602,257070
138795,145502,145556,147292,148440,152499,157748,183318,184181,187645,192736,197835,200507,209696,210473,219737,225741,226510,226630,233423,237384,240583,262421
117929,127361,134261,136067,148383,151872,157567,169122,178143,179742,187461,191638,200916,216481,216619,224507,239214,240323,272984
133531,173114,182121,191133,201586,201758,206790,213734,217317,226099,227491,228872,242807,244195,244414,246790,248006,249602,257070
137626,159907,167960,173114,183714,186306,195264,197362,206790,208445,210837,222697,226099,227491,228872,231840,235198,242807,244195,244414,248006,257070
129653,135163,138795,145502,145556,147292,147528,148440,148854,150688,152499,157748,164417,169732,182103,183318,184181,187645,188090,192736,197835,200507,208825,209696,210473,213669,213906,216150,219737,226510,226630,233423,237384,240583,242310,248685,262421
129653,131722,135163,138795,145502,145556,147292,148440,148854,152499,164417,182103,183318,184181,187645,191160,192736,197835,200507,208825,209696,210473,213669,216150,219737,226510,226630,233423,237384,240583,248685,262421
138795,145502,145556,147292,152499,157748,169732,183318,184181,187645,192736,197835,200507,209696,210473,219737,225741,226510,226630,233423,237384,262421
119114,127461,136385,142390,145610,154928,157256,165295,185206,186891,190044,191319,203972,227507,231761,233931,237010,252631,264075
130415,141596,141693,147291,158382,172110,175597,177011,184566,185362,201799,225695,238112,238729,240461,240706,240996,242607
135163,145502,145556,147292,150688,157748,169732,182103,183318,184181,192736,209696,210473,216150,226510,233423,242310,262421
119568,136736,138261,153923,168742,183180,190558,191110,192731,193276,195424,195790,198846,202599,203007,210912,233946,244242,260668,275969,281516,283929
119568,136736,138261,153923,168742,183180,190558,192731,193276,195790,202599,203007,233946,244242,281516,283929
117812,126327,129662,134285,166706,166906,179246,180763,189140,190631,192623,203138,219424,253443
133531,137626,159907,165669,167960,171699,173114,182121,183714,186306,187150,191133,194095,195264,197362,201586,201758,202077,206106,206790,208445,210837,213734,214136,217454,222697,226099,227491,228872,231840,235198,242807,242856,244195,244414,246790,248006,249602,257070
120791,125035,135099,135276,140579,142162,142838,143066,145837,152680,157106,157293,172965,175662,177945,180546,186540,192232,199770,205077,206347,212871,214789,219314,225453,229644,230464,270162
127361,134261,136067,151872,162401,178143,187461,191638,200916,214956,224507,239214,249063,258273,262155,272984
120411,122302,125287,151300,155692,156044,157951,169936,172341,172393,176475,187694,189120,212760,217452,230652,250916,260438
123674,138232,146745,171428,175397,176178,182655,216699,224847,228639,235016,264737,265087,273367
117929,134261,136067,148091,148383,151872,157567,162401,169122,178143,179742,187461,191638,200916,214956,216481,216619,224507,239214,240323,249063,272984
133531,159907,165669,173114,187150,191133,197362,201586,201758,206106,210726,213734,214136,217317,222697,223498,231840,246790,249602,289851
120411,131659,145519,151300,152827,156044,157951,166038,169936,172341,172393,176314,176475,189120,201021,212760,217452,219632,219765,230652,261062
136097,180592,189866,189901,201888,206787,207190,208544,212593,219690,222622,223676
119568,136736,138261,153923,168742,183180,190558,191110,192731,193276,195424,195790,198846,202599,203007,210912,260668,275969,281516,283929
133531,159907,165669,171699,187150,191133,195264,197362,201586,201758,206106,210726,213734,214136,217317,222697,231840,235198,242856,246790,249217,249602,289851
129994,145867,148581,149533,162104,162184,165413,173734,175736,178820,228803,236910,250049,253703,262841,268979,284442
132462,132659,134515,144234,146390,151288,154678,157469,167255,186450,192189,193322,209525,226449,228493,234016,272166,279393
117929,134261,136067,148091,151872,157567,162401,169122,178143,187461,191638,200916,214956,216619,224507,239214,240323,249063,272984
129653,135163,138795,148854,152499,164417,182103,191160,200507,208825,210473,213669,213906,216150,226510,226630,237384,248685,262421
159907,165669,171699,186408,187150,194095,195264,197362,202077,204175,206106,210726,214136,217454,222697,231840,235198,242856,249217,289851
138795,145556,148440,152499,187645,188910,192736,197835,209696,219737,225741,226510,237384,240583
120791,135099,135276,142838,143066,157106,172965,175662,177945,180546,192232,199770,212871,214789,219314,225453,229644,230464,270162
121248,129994,148581,151007,162104,162184,167177,178820,190925,198683,228803,236910,253703,262841
134548,135774,136618,138900,144175,150346,158973,160901,162005,169871,185292,199462,202154,205495,256234,268599,275809
137626,167960,173114,182121,183714,186306,197362,206790,208445,210837,226099,227491,228872,242807,244195,244414,248006,257070
133531,159907,165669,167960,171699,173114,183714,186306,187150,191133,194095,195264,197362,201586,201758,202077,206106,206790,208445,210726,210837,213734,214136,217317,217454,222697,226099,227491,228872,231840,235198,242807,242856,244195,244414,246790,248006,249602,257070,289851
138795,145556,147292,148440,152499,183318,187645,192736,197835,200507,209696,219737,225741,226510,226630,233423,237384,240583
133531,159907,165669,187150,191133,195264,197362,201586,201758,206106,210726,213734,214136,217317,222697,223498,231840,235198,242856,246790,249217,249602,289851
120411,122302,125287,131659,145519,151300,152827,155692,156044,157951,169936,172341,172393,176314,176475,187694,189120,212760,217452,219632,219765,230652,250916,260438
118175,120470,133634,146706,165097,170164,171770,200132,219972,223284,232497,240758,265194,280764,287236
129994,145867,148581,149533,151007,162104,165413,173734,190925,198683,228803,250049,262841,268979,284442
121160,129308,130348,136891,139272,140211,145615,155700,156800,157893,176749,177385,181656,182972,189017,193756,199667,247063
140191,140258,147516,150218,151627,152854,196509,198544,200331,208563,254078,263869,264438,284927
117929,134261,136067,148091,148383,157567,162401,169122,178143,179742,187461,191638,200916,216481,216619,224507,240323,249063,272984
121248,129994,148581,151007,162104,162184,165413,167177,173734,178820,190925,198683,228803,236910,253703,262841
117929,126653,134261,148091,162401,169122,214956,216619,240323,249063,254806,255756,272984
122300,127417,129074,135383,152948,157066,176842,178202,197827,198004,207529,221010,226127,234526,241846,251192,258165,272909,273615
120411,122302,125287,131659,145519,151300,152827,155692,156044,157951,166038,169936,172341,172393,176314,176475,187694,189120,212760,217452,219632,219765,230652,250916
119114,127461,136385,142390,145610,154928,157256,165295,185206,186891,190044,191319,227507,231761,233931,237010,252631
117929,134261,136067,148091,148383,157567,162401,169122,178143,179742,187461,191638,200916,214956,216619,224507,240323,249063,254806,272984
118422,118498,126191,134548,135774,136618,138900,144679,150346,158973,162005,169871,185292,199462,205495,211454,275809,291271
138795,145502,145556,147292,150688,152499,157748,169732,183318,184181,192736,197835,200507,209696,210473,216150,219737,226510,226630,233423,237384,262421
135163,138795,145502,145556,147292,147528,148440,148854,150688,152499,157748,164417,169732,182103,183318,184181,187645,188090,192736,197835,200507,208825,209696,210473,213669,216150,219737,226510,226630,233423,237384,242310,248685,262421
135163,145502,147528,148854,150688,157748,164417,169732,182103,184181,188090,208825,210473,213669,213906,216150,242310,248685,262421
159907,167960,171699,173114,183714,186306,186408,187150,194095,195264,197362,202077,206106,208445,210837,214136,217454,222697,231840,235198,242856
122602,128117,133101,137348,149535,176309,183978,191765,204659,209653,210673,236565
133531,159907,165669,167960,171699,173114,186306,187150,191133,194095,195264,197362,201586,201758,202077,206106,206790,208445,210726,210837,213734,214136,217317,217454,222697,226099,227491,231840,235198,242807,242856,244414,246790,248006,249602,289851
129653,131722,138795,145556,148440,152499,152874,187645,191160,192736,196267,197835,200507,209696,219209,219737,226510,226630,237384,240583,248685
124176,139621,156927,169674,185694,186684,198054,202544,203374,203664,225155,227463,229526,232460,234431,236366,243925,257826,265583
144492,148457,190972,204163,221293,233605,234042,237298,239064,269716,276627,285792,287456,292112
122300,127417,129074,135383,152948,157066,176842,178202,197827,198004,207529,221010,226127,234526,241846,251192,258165,273615
144492,148457,190972,204163,221293,233605,234042,237098,237298,239064,240961,272322,276627,285792,292112
120791,125035,135099,135276,140579,142162,142838,143066,145837,152680,157106,157293,172965,175662,177945,180546,186080,186540,192232,205077,206347,212871,219314,225453,230464
133531,159907,165669,167960,171699,187150,191133,195264,197362,201586,201758,202077,206106,208445,210726,213734,214136,222697,231840,235198,242856,246790,249217,249602,289851
128019,135218,141293,144334,147155,163720,177569,183257,205622,233212,239682,244362,266766
133531,159907,165669,173114,182121,183714,187150,191133,197362,201586,201758,206106,206790,210726,210837,213734,214136,217317,222697,223498,226099,227491,228872,231840,235198,242807,244195,244414,246790,248006,249602,257070,289851
137626,159907,167960,171699,173114,183714,186306,186408,187150,194095,195264,197362,202077,206106,206790,208445,210837,217454,222697,226099,227491,228872,231840,235198,242807,242856,244195,244414,248006,257070
121248,145867,148581,149533,162104,162184,165413,167177,173734,175736,178820,228803,236910,250049,253703,262841,268979,284442
117929,127361,134261,136067,151872,157567,162401,169122,178143,187461,191638,200916,216619,224507,239214,240323,249063,258273,262155,272984
129653,131722,135163,138795,145502,145556,147292,148440,148854,152499,164417,182103,183318,187645,191160,192736,196267,197835,200507,208825,209696,210473,213669,216150,219737,226510,226630,233423,237384,240583,248685,262421
130415,141596,146068,147291,158382,164910,172110,175597,189499,213598,228431,241973,263759,277130
117812,123975,126327,160522,166706,166906,179246,180763,189140,190631,203138,219424,228625,253443,263519,283725,290501,291760
119110,130594,134148,146187,154149,168973,173368,182164,195420,205691,207507,293988
117812,166706,179246,180763,189140,203138,219424,228625,253443,263519,283725,285748,290501,291760
133531,159907,165669,167960,171699,173114,183714,186306,186408,187150,191133,194095,195264,197362,201586,201758,202077,206106,206790,208445,210726,210837,213734,214136,217454,222697,226099,231840,235198,242807,242856,244414,248006,249217,249602,289851
117812,126327,129662,134285,158533,160522,166706,166906,179246,180763,189140,190631,192623,203138,219424,228625,253443,283725,290501,291760
141596,141693,164910,175597,189499,201799,213598,225695,228431,238112,238729,240706,240996,242607,242909
129653,135163,138795,145502,145556,147292,147528,148440,148854,150688,152499,157748,164417,169732,182103,183318,184181,187645,188090,192736,197835,200507,208825,209696,210473,213669,216150,219737,226510,226630,233423,237384,240583,242310,248685,262421
118175,120470,163090,170164,171770,172677,200132,219972,223284,232497,265194,287236
117812,160522,166706,179246,189140,228625,253443,263519,283725,285748,290501,291760
144492,148457,190972,204163,208762,221293,233605,234042,237098,237298,239064,285792,290971
133531,159907,165669,187150,204175,206106,210726,213734,214136,222697,231840,242856,249217,249602,289851
129653,131722,135163,138795,145556,147292,148440,148854,152499,164417,182103,187645,191160,192736,197835,200507,208825,209696,210473,213669,213906,216150,219737,226510,226630,233423,237384,240583,248685,262421
118498,134548,135774,136618,138900,150346,158973,162005,169871,185292,199462,205495,268599,275809
121581,133531,163908,165669,173114,182121,191133,201586,201758,206790,210837,213734,214136,216720,217317,223498,226099,227491,242807,244195,244414,246790,248006,249602,251923,257070
133531,137626,159907,165669,167960,171699,173114,182121,183714,186306,187150,191133,194095,195264,197362,201586,201758,202077,206106,206790,208445,210837,213734,214136,222697,226099,227491,228872,231840,235198,242807,242856,244195,244414,246790,248006,249602,257070
140579,142838,143066,157106,172965,175662,180546,192232,199770,212871,214789,219314,225453,229644,230464,270162
145867,148581,149533,165413,173734,175736,178820,228803,236910,250049,253703,268979,284442
123674,127152,138232,146745,171428,175397,176178,182655,224847,228639,235016,264737,265087,273367
120791,125035,135099,135276,140579,145837,152680,157106,157293,175662,177945,186080,186540,192232,205077,206347,230464,267989
133531,137626,173114,182121,183714,191133,201586,201758,206790,210837,213734,217317,226099,227491,228872,242807,244195,244414,246790,248006,249602,257070
133531,163908,165669,210726,213734,214136,216720,217317,223498,246790,249217,249602,289851
134548,135774,136618,138900,144679,150346,158649,158973,162005,169871,172833,185292,199462,205495,220230,275809
132462,132659,132809,134515,144234,146390,151288,154678,157469,167255,175055,186450,192189,193322,209525,226449,228493,234016,272166,279393
132462,132659,132809,134515,144234,146390,154678,157469,167255,175055,186450,192189,193322,209525,226449,228493,234016,272166,279393
134548,135774,138900,144679,150346,158649,158973,162005,172833,185292,205495,211454,220230
121283,124085,129906,144283,150417,155931,166038,175863,176301,177105,201021,261062,264867
133531,159907,165669,167960,171699,173114,186306,187150,191133,195264,197362,201586,201758,202077,206106,208445,210726,213734,214136,217317,222697,231840,235198,242856,244414,246790,249217,249602,289851
127837,153503,191510,231967,250155,257158,257410,266391,272537,273894,275142,290277,294072
118498,134548,135774,138900,144679,150346,158973,162005,172833,185292,205495,211454,220230,275809
121701,123750,161354,161479,164748,168692,172645,181225,198759,221941,258241,258732,262699,292312
133531,159907,165669,167960,171699,173114,186306,186408,187150,191133,194095,195264,197362,201586,201758,202077,206106,206790,208445,210726,210837,213734,214136,217454,222697,226099,227491,231840,235198,242807,242856,244414,246790,248006,249602,289851
133531,159907,165669,167960,171699,173114,183714,186306,186408,187150,191133,194095,195264,197362,201586,201758,202077,206106,206790,208445,210837,213734,214136,217454,222697,226099,227491,228872,231840,235198,242807,242856,244195,244414,248006,257070
133531,182121,191133,201586,201758,206790,213734,217317,223498,244414,246790,249602,251923,257070
133531,159907,165669,167960,171699,173114,186306,186408,187150,191133,194095,195264,197362,201586,201758,202077,206106,206790,208445,210726,210837,213734,214136,217454,222697,226099,231840,235198,242856,244414,246790,248006,249217,249602,289851
117812,166706,179246,180763,189140,219424,228625,263519,283725,285748,290501,291760
117929,134261,136067,148091,148383,157567,162401,169122,178143,187461,191638,200916,214956,216619,224507,240323,249063,254806,272984
119114,134336,146245,152266,165295,170499,175188,186018,208598,221733,227507,233931,234325,257741,264075,272039
159907,167960,171699,173114,183714,186306,186408,187150,194095,195264,197362,202077,206106,206790,208445,210837,214136,217454,222697,226099,227491,228872,231840,235198,242807,242856,244195,244414,248006,257070
129653,131722,135163,138795,145502,145556,147292,148440,148854,152499,164417,182103,183318,184181,187645,192736,197835,200507,208825,209696,210473,213669,216150,219737,226510,226630,233423,237384,240583,242310,248685,262421
121581,133531,165669,173114,182121,183714,191133,201586,201758,206790,210837,213734,214136,216720,217317,223498,226099,227491,228872,242807,244195,244414,246790,248006,249602,251923,257070
138795,145502,145556,147292,148440,152499,183318,184181,187645,192736,197835,200507,209696,219737,225741,226510,226630,233423,237384
133531,137626,159907,165669,167960,171699,173114,182121,183714,186306,186408,187150,191133,194095,195264,197362,201586,201758,202077,206106,206790,208445,210837,213734,214136,217454,222697,226099,227491,228872,231840,235198,242807,242856,244195,244414,248006,249602,257070
120411,131659,145519,151300,152827,156044,157951,166038,169936,172341,172393,176314,176475,189120,212760,217452,219632,219765,230652,250916,261062
133531,159907,165669,167960,171699,173114,182121,183714,186306,187150,191133,194095,195264,197362,201586,201758,202077,206106,206790,208445,210726,210837,213734,214136,217317,217454,222697,226099,227491,228872,231840,235198,242807,242856,244195,244414,246790,248006,249602,257070,289851
121160,129308,130348,136891,139272,140211,145615,156800,157893,176749,177385,181656,189017,193756,236753,247063
121248,148581,151007,162104,162184,167177,173734,175736,178820,195108,228803,233333,236910,253703,275262
120411,122302,125287,131659,151300,155692,156044,157951,169936,172341,172393,176314,176475,187694,189120,212760,217452,219765,230652,250916,260438
133531,159907,165669,167960,171699,173114,183714,186306,186408,187150,191133,194095,195264,197362,201586,201758,202077,206106,206790,208445,210726,210837,213734,214136,217454,222697,226099,227491,228872,231840,235198,242807,242856,244195,244414,248006,249602,257070,289851
132526,132809,146390,151551,154678,167255,175055,186450,187606,192189,193322,209525,226449,228493,234016,239880,279393
119114,134336,146245,165295,170499,175188,186018,208598,221733,227507,233931,234325,257741,264075,268928,272039
120411,131659,145519,151300,152827,166038,169936,172393,176314,189120,212760,217452,219632,219765,230652,261062
133531,159907,165669,167960,171699,173114,183714,186306,187150,191133,194095,195264,197362,201586,201758,202077,206106,206790,208445,210726,210837,213734,214136,217317,222697,226099,227491,231840,235198,242807,242856,244414,246790,248006,249602,257070,289851
138795,145556,148440,152499,187645,192736,197835,209696,219737,225741,226510,226630,233423,237384,240583
133531,163908,165669,173114,182121,187150,191133,201586,201758,206106,206790,210726,210837,213734,214136,216720,217317,223498,226099,227491,242807,244414,246790,248006,249602,257070
120791,135099,135276,142162,142838,143066,157106,157293,172965,175662,177945,180546,192232,199770,205077,212871,214789,219314,225453,229644,270162
120791,135099,135276,140579,142162,142838,143066,152680,157106,157293,172965,175662,177945,180546,186080,192232,199770,205077,212871,214789,219314,225453,229644,230464,270162
123301,124249,141918,148812,152363,155175,168944,172124,186255,198569,215120,240514,243166
124176,139621,156927,169674,185694,186684,198054,202544,203374,203664,225155,227463,229526,232460,234431,236366,241902,243925,257826
117812,123975,160522,166706,179246,180763,189140,219424,228625,253443,263519,283725,285748,290501,291760
153503,163986,191510,196153,231967,250155,257158,257410,266391,273894,280486,290277,294072
159907,165669,167960,171699,186306,186408,187150,194095,195264,197362,202077,204175,206106,208445,210726,214136,217454,222697,231840,235198,242856,249217,289851
126653,134261,136067,148091,162401,169122,178143,187461,191638,214956,216619,249063,254806,272984
118498,126191,134548,135774,136618,150346,158973,162005,169871,185292,199462,205495,275809,285999
121160,129308,130348,136891,140211,145615,155700,156800,157893,176749,177385,182972,189017,193756,199667,247063
118175,120470,133634,146706,163090,165097,171770,200132,219972,232497,240758,265194,280764
133531,137626,165669,173114,182121,183714,186306,187150,191133,197362,201586,201758,206106,206790,210837,213734,214136,217317,222697,226099,227491,228872,231840,242807,244195,244414,246790,248006,249602,257070
127361,134261,136067,148091,162401,178143,187461,191638,214956,249063,249691,272984
117812,123975,160522,166706,179246,180763,189140,203138,219424,228625,253443,263519,283725,290501,291760
120606,129698,159405,164781,170114,174646,179460,182024,228467,269277,279367,281638,292605
117929,134261,148383,151872,157567,169122,173524,178143,179742,187461,191638,200916,202767,216481,216619,224507,239214,240323
140191,147516,152854,198544,208563,227702,233437,245529,254078,256757,263869,264438,284927
119114,134336,152266,157256,165295,170499,186018,227507,233931,257741,264075,272039
120791,125035,135099,135276,140579,142838,143066,145837,152680,157106,157293,172965,175662,177945,180546,186540,192232,206347,212871,214789,230464,267989,270162
120411,125287,131659,145519,151300,152827,166038,169936,172393,176314,176475,189120,212760,217452,219632,219765,230652,250916
121248,129994,148581,151007,162104,162184,167177,173734,175736,178820,198683,228803,236910,253703,262841
129653,135163,148854,152499,164417,191160,200507,208825,210473,213669,213906,226510,226630,237384,248685
129653,131722,138795,145556,148440,152499,152874,187645,191160,192736,196267,197835,209696,219209,219737,226510,226630,237384,240583,248685
130415,141596,141693,147291,158382,164910,172110,175597,185362,201799,225695,238112,238729,240461,240706,240996,241973,242607,242909
129653,131722,135163,148854,152499,164417,191160,200507,208825,210473,213906,226510,226630,237384,248685
133531,137626,159907,165669,167960,171699,173114,182121,183714,186306,186408,187150,191133,194095,195264,197362,201586,201758,202077,206106,206790,208445,210837,213734,214136,217454,222697,226099,227491,228872,231840,235198,242807,242856,244195,244414,248006,257070
130415,141596,141693,147291,158382,164910,172110,175597,177011,185362,201799,225695,238112,238729,240461,240706,240996,241973,242607
133531,165669,173114,182121,187150,191133,201586,201758,206106,206790,210837,213734,214136,216720,217317,223498,226099,227491,242807,244195,244414,246790,248006,249602,257070
159907,165669,171699,186408,194095,195264,202077,204175,206106,210726,214136,217454,231840,242856,249217,289851
121160,129308,130348,136891,139272,140211,145615,155700,156800,157893,176749,177385,181656,193756,236753,247063
121248,129994,148581,149533,151007,162104,162184,165413,167177,173734,175736,178820,190925,198683,228803,236910,250049,253703,262841,268979,284442
126327,134285,158533,160522,166706,166906,176365,179246,180763,189140,190631,192623,203138,219424,253443
121581,133531,163908,165669,173114,191133,201586,201758,210726,213734,214136,216720,217317,223498,246790,249602,251923,289851
137626,159907,167960,171699,173114,183714,186306,186408,187150,194095,195264,197362,201758,202077,206106,206790,208445,210837,214136,217454,222697,226099,227491,228872,231840,235198,242807,242856,244195,244414,248006,257070
117929,134261,136067,148091,148383,157567,162401,169122,178143,179742,187461,191638,214956,216481,216619,224507,240323,249063,254806,272984
117929,127998,134261,148383,157567,169122,179742,187461,202767,216481,216619,224507,239214,240323
118498,126191,134548,135774,138900,144679,150346,158973,162005,169871,172833,185292,199462,205495,211454,220230,275809,291271
130415,141596,146068,147291,158382,164910,172110,175597,189499,201799,228431,238729,240706,240996,241973,242909
120411,121283,131659,145519,151300,152827,166038,169936,172393,176314,176475,189120,217452,219632,219765,230652,250916
123674,138232,176178,182655,216699,224847,228639,235016,241469,264737,265087,273367
121581,133531,163908,165669,173114,191133,201586,201758,210726,213734,214136,216720,217317,223498,244414,246790,249602,251923,289851
117929,126653,134261,148091,148383,157567,162401,169122,178143,214956,216619,240323,249063,254806,272984
159907,167960,171699,173114,183714,186306,186408,187150,194095,195264,197362,202077,206106,208445,210837,217454,222697,228872,231840,235198,242807,242856
120411,121283,131659,145519,151300,152827,166038,169936,172393,176314,189120,217452,219632,219765,230652,261062
159907,167960,171699,173114,183714,186306,186408,187150,194095,195264,197362,202077,206106,208445,210837,214136,217454,222697,226099,228872,231840,235198,242807,242856,244414,248006
145867,148581,149533,165413,173734,175736,228803,250049,253703,262841,268979,284442
119568,136736,138261,153923,168742,183180,190558,191110,192731,193276,195424,195790,198846,202599,203007,210912,233946,244242,260668,275969,279970,281516,283929
126653,134261,136067,139096,148091,162401,178143,214956,249063,249691,254806,255756,272984
120411,125287,131659,145519,151300,152827,155692,156044,157951,166038,169936,172341,172393,176314,176475,187694,189120,212760,217452,219632,219765,230652,250916,261062
129653,131722,138795,145556,148440,152499,187645,191160,192736,196267,197835,200507,209696,219737,226510,226630,237384,240583,248685
133531,163908,165669,173114,182121,187150,191133,201586,201758,206106,206790,210837,213734,214136,216720,217317,223498,226099,227491,242807,244195,244414,246790,248006,249602,257070
135163,145502,147292,147528,148854,150688,157748,164417,169732,182103,183318,184181,188090,200507,208825,210473,213669,213906,216150,242310,248685,262421
117929,134261,136067,148091,148383,157567,162401,169122,178143,187461,214956,216619,240323,249063,254806,272984
133531,159907,165669,167960,171699,186306,186408,187150,194095,195264,197362,202077,204175,206106,208445,210726,214136,217454,222697,231840,235198,242856,249217,289851
140191,147516,152854,196509,198544,208563,227702,233437,245529,254078,263869,264438,284927
120411,122302,125287,151300,155692,156044,157951,169936,172341,172393,176475,187694,189120,212760,217452,219765,230652,250916,260438
133531,159907,165669,167960,171699,173114,182121,183714,186306,187150,191133,195264,197362,201586,201758,206106,206790,208445,210726,210837,213734,214136,217317,222697,226099,227491,228872,231840,235198,242807,242856,244414,246790,248006,249602,257070,289851
133531,159907,165669,167960,171699,173114,183714,186306,186408,187150,191133,194095,195264,197362,201586,201758,202077,206106,206790,208445,210726,210837,213734,214136,217454,222697,226099,227491,228872,231840,235198,242807,242856,244195,244414,246790,248006,249602,257070,289851
133531,165669,173114,182121,191133,201586,201758,206790,210837,213734,217317,223498,226099,227491,228872,242807,244195,244414,246790,248006,249602,251923,257070
133531,163908,165669,173114,182121,187150,191133,201586,201758,206106,206790,210726,213734,214136,216720,217317,223498,226099,244414,246790,248006,249602,257070,289851
133531,165669,173114,182121,187150,191133,197362,201586,201758,206106,206790,210726,210837,213734,214136,216720,217317,223498,226099,227491,242807,244414,246790,248006,249602,257070
117812,123975,126327,160522,166706,166906,179246,180763,189140,190631,203138,219424,228625,253443,283725,290501,291760
117929,127361,134261,136067,148383,151872,157567,162401,169122,178143,179742,187461,191638,200916,216481,216619,224507,239214,240323,249063,262155,272984
118907,129156,130093,134619,139775,151450,166120,181365,189370,194401,194596,253751
118175,120470,133634,146706,163090,170164,171770,200132,219972,223284,232497,240758,287236
134548,135774,136618,138900,150346,158973,162005,169871,199462,202154,205495,268599,275809
121581,133531,163908,165669,173114,182121,191133,201586,201758,206790,213734,214136,216720,217317,223498,227491,244414,246790,248006,249602,251923,257070
133531,137626,173114,182121,183714,186306,187150,191133,197362,201586,201758,206106,206790,208445,210837,213734,214136,217317,222697,226099,227491,228872,231840,242807,244195,244414,246790,248006,249602,257070
132462,132809,134515,144234,146390,154678,167255,175055,186450,192189,193322,209525,226449,228493,234016,272166,279393
