0.970584795321637
0.970584795321637
0.970350877192982
0.970350877192982
0.970409356725146
0.970350877192982
0.970175438596491
0.969122807017544
0.96953216374269
0.96953216374269
0.968479532163743
0.968947368421053
0.968830409356725
0.968245614035088
0.968421052631579
0.969649122807018
0.967953216374269
0.968888888888889
0.967426900584795
0.967368421052632
0.965847953216374
0.966315789473684
0.967251461988304
0.96672514619883
0.965087719298246
0.967309941520468
0.966315789473684
0.965847953216374
0.965614035087719
0.965263157894737
0.963801169590643
0.966198830409357
0.964269005847953
0.963099415204678
0.961637426900585
0.961929824561404
0.963625730994152
0.962456140350877
0.961169590643275
0.960233918128655
0.962865497076023
0.962456140350877
0.962163742690058
0.95953216374269
0.96046783625731
0.961345029239766
0.959590643274854
0.956783625730994
0.95906432748538
0.959239766081871
0.958830409356725
0.957251461988304
0.956549707602339
0.956374269005848
0.95766081871345
0.954327485380117
0.954444444444444
0.955672514619883
0.954210526315789
0.954152046783626
0.952573099415205
0.952923976608187
0.951520467836257
0.951578947368421
0.949590643274854
0.95280701754386
0.950175438596491
0.949649122807018
0.948362573099415
0.948421052631579
0.946198830409357
0.945146198830409
0.94719298245614
0.945555555555555
0.944093567251462
0.945204678362573
0.942105263157895
0.939005847953216
0.940760233918129
0.940350877192982
0.937426900584795
0.935497076023392
0.937485380116959
0.934678362573099
0.933801169590643
0.93093567251462
0.931929824561403
0.927309941520468
0.925847953216374
0.922280701754386
0.922514619883041
0.918538011695906
0.914035087719298
0.911812865497076
0.903801169590643
0.895614035087719
0.884269005847953
0.856081871345029
0.770409356725146
0.536374269005848
