0.966666666666667
0.966222222222222
0.965111111111111
0.965777777777778
0.966222222222222
0.967333333333333
0.966666666666667
0.967555555555556
0.966888888888889
0.964888888888889
0.965111111111111
0.965333333333333
0.967333333333333
0.967777777777778
0.965333333333333
0.966222222222222
0.966444444444444
0.964444444444444
0.965333333333333
0.966444444444444
0.967111111111111
0.966222222222222
0.967111111111111
0.963777777777778
0.966
0.965111111111111
0.966444444444444
0.962666666666667
0.964666666666667
0.962666666666667
0.964222222222222
0.963777777777778
0.963555555555556
0.961555555555556
0.962444444444444
0.961333333333333
0.964
0.961333333333333
0.961111111111111
0.961333333333333
0.963111111111111
0.961333333333333
0.964222222222222
0.960888888888889
0.962
0.960222222222222
0.962888888888889
0.962888888888889
0.959777777777778
0.957777777777778
0.961333333333333
0.959555555555556
0.956222222222222
0.961111111111111
0.956888888888889
0.96
0.955555555555556
0.958444444444444
0.956444444444444
0.956666666666667
0.954888888888889
0.957111111111111
0.955111111111111
0.954666666666667
0.955555555555556
0.956222222222222
0.953333333333333
0.952
0.955111111111111
0.949111111111111
0.949555555555556
0.952
0.95
0.948666666666667
0.947111111111111
0.946666666666667
0.944666666666667
0.944666666666667
0.946888888888889
0.938222222222222
0.938888888888889
0.932888888888889
0.931111111111111
0.928666666666667
0.920666666666667
0.920666666666667
0.915333333333333
0.906444444444444
0.898666666666667
0.888222222222222
0.872444444444444
0.848222222222222
0.828888888888889
0.797111111111111
0.748666666666667
0.703333333333333
0.612666666666667
0.515777777777778
0.396666666666667
0.328888888888889
