120791,135099,135276,140579,142162,143066,145837,152680,157106,157293,172965,175662,177945,180546,186080,186540,205077,212871
135163,145502,147292,148854,164417,182103,200507,210473,213669,216150,226510,226630,233423,237384,248685,262421
120791,135099,135276,142162,143066,152680,157106,157293,172965,175662,177945,180546,186080,186540,205077,212871,219314
128133,129270,132884,143493,154470,155362,157908,158316,159515,165685,177783,221011
135163,145502,147292,148854,164417,182103,183318,184181,188090,200507,208825,210473,213669,213906,216150,226510,226630,233423,237384,242310,248685,262421
120791,135099,135276,140579,145837,152680,157293,172965,175662,177945,186540,192232,206347
117929,134261,148383,151872,157567,169122,178143,179742,187461,191638,200916,216481,216619,224507,239214,240323
181206,201699,203870,207768,209994,213808,216004,230338,233379,235795,237960,241634
135163,138795,145502,145556,147292,152499,164417,183318,184181,192736,197835,200507,209696,210473,216150,226510,226630,233423,237384,248685,262421
135163,145502,147292,148854,164417,182103,183318,200507,208825,210473,213669,216150,226510,226630,233423,237384,248685,262421
149315,170764,186218,203870,204484,207768,214895,221365,226562,233553,235795,241634,288872
135163,138795,145502,145556,147292,152499,182103,183318,184181,192736,200507,209696,210473,216150,226510,226630,233423,237384,248685,262421
133531,173114,183714,187150,191133,197362,201586,201758,206106,206790,210837,213734,226099,227491,228872,242807,244195,244414,248006,257070
135163,145502,147292,147528,148854,157748,164417,182103,183318,184181,188090,200507,208825,210473,213669,213906,216150,233423,242310,248685,262421
159907,167960,173114,183714,186306,187150,195264,197362,208445,210837,222697,226099,228872,231840,235198,242807
125035,135276,140579,142838,143066,145837,172965,175662,177945,180546,192232,206347,212871,214789,230464
117929,134261,136067,169122,178143,187461,191638,200916,216619,224507,239214,240323
135163,145502,145556,147292,148854,157748,169732,182103,183318,184181,200507,210473,216150,226510,226630,233423,242310,262421
120411,122302,125287,151300,155692,156044,157951,169936,172341,172393,176475,187694,212760,217452,230652
135163,138795,145502,145556,147292,152499,164417,183318,184181,192736,197835,200507,209696,210473,219737,226510,226630,233423,237384,248685,262421
125600,160955,161533,170764,196987,202814,204484,226562,229552,233553,248440,288872
121160,129308,130348,136891,140211,145615,155700,157893,176749,177385,181656,182972,189017,193756,247063
118905,120211,130269,139102,146587,151523,154141,182715,186827,187634,188622,188722,189967,193831,194078,202866,213828,219093,232890,235370,241812,246044,250743,267335,270728,285426
135163,145556,147292,148854,152499,164417,200507,210473,216150,226510,226630,233423,237384,248685,262421
181206,186218,201699,203870,207768,209994,213808,214895,216004,221365,230338,233379,235795,241634
149315,181206,186218,203870,204484,207768,216004,221365,226562,230338,233379,235795,237960,241634
120791,135099,135276,140579,145837,152680,157106,157293,172965,175662,177945,186540,205077,212871
173114,182121,183714,186306,187150,197362,206790,208445,210837,222697,226099,227491,228872,242807,244195,244414,248006,257070
159907,167960,173114,183714,186306,187150,197362,206106,206790,208445,210837,222697,226099,227491,228872,231840,235198,242807,244195,244414,248006,257070
120791,135099,135276,140579,142838,143066,157106,157293,172965,175662,177945,180546,186540,192232,199770,205077,212871
118905,120211,130269,139102,146587,151523,154141,182715,187634,188622,188722,189967,193831,194078,195569,202866,213828,219093,235370,241812,246044,250743,267335,285426
120411,151300,157951,169936,172393,176475,187694,189120,212760,217452,219765,230652
121608,135435,154554,162082,163837,179298,179504,181293,186334,191774,192450,216426
120211,151523,154141,182715,186827,187634,188622,189967,193831,235370,241812,246044,250743,267335,285426
120791,135099,135276,142162,152680,157106,157293,172965,175662,177945,180546,186080,205077,212871
137626,173114,183714,186306,197362,206790,208445,210837,226099,227491,228872,242807,244195,244414,248006,257070
120411,122302,125287,151300,169936,172341,172393,176475,187694,189120,217452,230652,250916,260438
135163,145502,147292,148854,152499,164417,182103,183318,184181,200507,210473,213669,216150,226510,226630,233423,237384,242310,248685,262421
121160,129308,130348,136891,140211,145615,155700,156800,157893,176749,177385,181656,182972,189017,193756,247063
124176,139621,156927,169674,185694,186684,198054,202544,203374,203664,227463,229526,232460,234431,236366,257826
118905,120211,130269,139102,154141,187634,188622,188722,189967,194078,202866,213828,219093,250743,267335
133531,173114,183714,187150,191133,197362,201586,201758,206790,210837,213734,226099,227491,242807,244414,248006,257070
120791,135099,135276,142162,143066,157106,157293,172965,175662,177945,180546,186080,199770,205077,212871,219314,225453
133531,173114,191133,201586,201758,206790,210837,213734,226099,227491,242807,244414,248006,249602,257070
120791,135099,135276,140579,142838,145837,152680,157293,172965,175662,177945,186540,192232,206347,230464
149315,161533,186218,203870,204484,221365,226562,233379,233553,235795,241634,288872
120791,135099,135276,145837,152680,157106,157293,172965,175662,177945,186080,186540,205077
121608,135435,162082,163837,166128,179298,179504,186334,191774,192450,256049,269250
125600,160955,161533,170764,196987,202814,226562,229552,233553,248440,264860,288872
118905,120211,130269,146587,151523,182715,187634,188622,188722,189967,194078,202866,219093,232890,235370,246044,270728,285426
125600,149315,161533,170764,186218,196987,202814,204484,226562,233553,241634,248440,288872
159907,167960,173114,183714,186306,187150,195264,197362,206106,208445,210837,222697,226099,231840,235198,242856,244414,248006
135163,138795,145502,145556,147292,152499,183318,184181,192736,197835,200507,209696,210473,226510,226630,233423,237384,248685,262421
173114,183714,186306,187150,191133,197362,201758,206106,206790,208445,210837,222697,226099,227491,228872,231840,235198,242807,244195,244414,248006,257070
119895,162925,165033,165472,172023,194878,228265,229193,229425,231457,237675,274066
124953,146608,162925,165033,165472,172023,178362,188723,194420,194878,206357,207732,228265,229193,229425,237675,274066
120211,130269,146587,151523,182715,188622,189967,194078,202866,219093,232890,235370,246044,270728,285426
145502,147292,150688,157748,169732,182103,183318,184181,210473,216150,233423,242310,262421
167960,173114,183714,186306,187150,197362,206790,208445,210837,222697,226099,227491,228872,231840,235198,242807,244195,244414,248006,257070
121160,129308,130348,136891,140211,145615,155700,157893,176749,177385,182972,189017,193756,247063
120791,135099,135276,142838,143066,157106,172965,175662,177945,180546,192232,199770,212871,214789,225453,229644
133531,159907,173114,186306,187150,191133,197362,201758,206106,208445,222697,231840,235198,244414
159907,167960,186306,187150,195264,197362,206106,208445,214136,222697,231840,235198,242856
137403,146145,146914,149864,168122,169071,176033,179404,194152,194546,256230,291184
120791,135099,135276,140579,142162,142838,143066,145837,152680,157106,157293,172965,175662,177945,180546,186080,186540,192232,205077,212871
135163,145502,147292,148854,152499,157748,164417,182103,183318,184181,200507,208825,210473,213669,216150,226510,226630,233423,237384,242310,248685,262421
133531,173114,182121,191133,201586,201758,206790,213734,244414,246790,249602,257070
118905,120211,130269,139102,146587,151523,154141,182715,187634,188622,188722,189967,193831,194078,195569,202866,213828,219093,235370,241812,246044,250743,267335,270728,285426
135163,145502,145556,147292,148854,150688,157748,164417,169732,182103,183318,184181,200507,210473,216150,226510,226630,233423,237384,242310,248685,262421
120791,135099,135276,142162,143066,145837,152680,157106,157293,172965,175662,177945,180546,186080,186540,205077,212871
125600,149315,161533,170764,186218,203870,204484,207768,214895,221365,226562,233553,235795,241634,288872
120211,146587,151523,182715,188622,189967,193831,194078,202866,232890,235370,241812,246044,270728,285426
124176,139621,156927,169674,185694,186684,198054,202544,203374,203664,227463,232460,236366,243925,257826
118905,120211,130269,146587,151523,182715,186827,187634,188622,188722,189967,193831,194078,202866,219093,232890,235370,241812,246044,267335,270728,285426
135163,138795,145502,145556,147292,148854,152499,164417,182103,183318,192736,200507,209696,210473,216150,226510,226630,233423,237384,248685,262421
118905,120211,130269,139102,154141,183815,187634,188622,195569,213828,219093,246044,250743,267335
120791,135099,135276,140579,142838,143066,145837,157106,157293,172965,175662,177945,180546,192232,212871,214789,230464
159907,167960,173114,186306,187150,195264,197362,206106,208445,222697,231840,235198,242856
135163,145502,145556,147292,147528,148854,152499,157748,164417,182103,183318,184181,188090,200507,208825,210473,213669,216150,226510,226630,233423,237384,242310,248685,262421
120791,135099,135276,140579,143066,145837,152680,157106,157293,172965,175662,177945,180546,186080,186540,205077,212871
117929,134261,136067,157567,169122,178143,187461,191638,200916,216619,224507,239214,240323
159907,167960,173114,183714,186306,187150,195264,197362,206106,208445,210837,222697,226099,228872,231840,235198,242807,244414,248006
118905,120211,130269,154141,183815,187634,188622,195569,213828,246044,250743,267335
159907,167960,171699,186306,187150,195264,197362,206106,208445,214136,222697,231840,235198,242856
125600,149315,161533,170764,186218,203870,204484,207768,214895,221365,226562,233379,233553,235795,241634,288872
128133,129270,131555,132884,143493,155362,156245,157908,159515,165685,177783,204283,221011
120089,129593,135761,156417,159509,167176,168385,169374,198405,198756,219593,223519,237185,238042
133531,159907,173114,186306,187150,191133,197362,201758,206106,210837,213734,222697,231840,235198,244414,248006
137947,144229,146145,146914,176033,176355,179404,179447,182945,194152,237400,255757,256230,291184
125600,160955,161533,170764,196987,202814,202918,229552,233553,236954,248440,264860
133531,182121,191133,201586,201758,206790,213734,226099,227491,244195,244414,248006,257070
123750,161354,161479,164748,168692,172645,181225,198759,221941,258241,258732,262699
124953,162925,165033,165472,172023,188723,194878,207732,228265,229193,229425,231457,237675,274066
135163,145502,145556,147292,147528,148854,150688,152499,157748,164417,169732,182103,183318,184181,188090,200507,210473,213669,216150,226510,226630,233423,237384,242310,248685,262421
120411,125287,151300,157951,169936,172341,172393,176475,187694,189120,217452,219765,230652,250916
118905,120211,130269,139102,154141,183815,187634,188622,188722,189967,195569,213828,219093,246044,250743,267335
120791,135099,135276,142162,143066,152680,157106,157293,172965,175662,177945,180546,186080,186540,205077,212871
119895,124953,162925,164007,165033,165472,194878,228265,229193,229425,231457,237675,274066
120411,122302,125287,151300,157951,169936,172341,172393,176475,187694,189120,217452,230652,250916,260438
135163,145502,147292,148854,164417,182103,183318,184181,200507,208825,210473,213669,216150,226510,226630,233423,237384,242310,248685,262421
122302,125287,151300,155692,157951,169936,172341,172393,176475,187694,217452,250916
137626,173114,183714,186306,197362,208445,210837,226099,227491,228872,242807,244195,244414,248006
135163,138795,145556,147292,152499,164417,192736,197835,200507,209696,210473,219737,226510,226630,233423,237384,248685
135163,145502,147292,147528,148854,150688,157748,164417,182103,183318,184181,188090,200507,208825,210473,213669,213906,216150,233423,242310,248685,262421
120411,122302,125287,151300,155692,157951,169936,172341,172393,176475,187694,217452,250916
173114,182121,191133,201758,206790,226099,227491,242807,244195,244414,248006,257070
181206,186218,201699,203870,204484,207768,209994,213808,214895,216004,221365,230338,233379,235795,241634
120791,135099,142162,143066,157106,157293,172965,175662,177945,180546,186080,205077,212871,219314,225453
124953,146608,157879,162925,165033,165472,172023,178362,188723,194420,194878,206357,207732,228265,229193,229425,237675,274066
120211,151523,154141,182715,186827,187634,188622,189967,193831,194078,235370,241812,246044,250743,267335,285426
159907,167960,173114,186306,187150,191133,195264,197362,201758,206106,208445,210837,222697,226099,231840,235198,244414,248006
120791,135099,135276,142162,143066,157106,157293,172965,175662,177945,180546,186080,199770,205077,212871,219314,225453,229644
121160,129308,136891,140211,145615,155700,157893,176749,177385,182972,189017,193756,247063
138261,153923,168742,183180,191110,192731,193276,195424,198846,203007,210912,260668,275969
138795,145556,148440,152499,187645,192736,197835,200507,209696,219737,226510,226630,233423,237384,248685
120211,130269,146587,151523,182715,187634,188622,189967,193831,194078,202866,219093,232890,235370,241812,246044,270728,285426
118905,120211,130269,151523,154141,182715,187634,188622,189967,195569,235370,246044,250743,267335,285426
133531,173114,182121,191133,201586,201758,206790,213734,226099,227491,242807,244195,244414,248006,257070
118905,120211,130269,139102,151523,154141,183815,187634,188622,195569,213828,219093,246044,250743,267335
118905,120211,130269,139102,146587,151523,182715,187634,188622,188722,189967,194078,202866,219093,232890,235370,246044,250743,267335,270728,285426
120791,135099,135276,140579,142162,142838,143066,152680,157106,157293,172965,175662,177945,180546,186540,192232,205077,212871,230464
123288,163973,193677,196521,196794,225486,233464,250088,256103,257446,258611,275092
137947,144229,146145,146914,176033,176355,179404,179447,182945,194152,194546,237400,255757,256230
159907,167960,173114,183714,186306,187150,195264,197362,206106,208445,210837,222697,231840,235198,242807,242856
135163,145502,145556,147292,147528,148854,150688,152499,157748,164417,182103,183318,184181,188090,200507,208825,210473,213669,216150,226510,226630,233423,237384,242310,248685,262421
118905,120211,130269,146587,151523,154141,182715,186827,187634,188622,189967,193831,194078,202866,232890,235370,241812,246044,250743,267335,270728,285426
120211,130269,151523,154141,182715,187634,188622,189967,193831,194078,235370,241812,246044,250743,267335,285426
135163,145502,147292,148854,164417,182103,200507,208825,210473,213669,216150,226630,248685,262421
124953,146608,165033,165472,178362,188723,194420,194878,206357,207732,228265,229425,237675,274066
125600,149315,161533,170764,186218,204484,214895,226562,233553,241634,248440,288872
135163,138795,145502,145556,147292,152499,164417,182103,183318,184181,192736,200507,209696,210473,216150,226510,226630,233423,237384,248685,262421
118905,120211,130269,139102,146587,151523,154141,182715,187634,188622,188722,189967,193831,194078,202866,219093,232890,235370,241812,246044,250743,267335,270728,285426
128133,129270,131555,132884,143493,154470,155362,156245,157908,158316,159515,165685,177783,204283,221011
118905,120211,130269,146587,151523,182715,188622,189967,194078,202866,219093,232890,235370,246044,270728,285426
123924,126571,136825,158021,164099,167197,178149,192435,194231,204192,231699,241374,254605,258121,287404
118905,120211,130269,139102,146587,151523,154141,182715,183815,187634,188622,188722,189967,193831,194078,195569,202866,213828,219093,235370,241812,246044,250743,267335,285426
122302,125287,151300,155692,156044,157951,169936,172341,172393,187694,212760,217452
149315,181206,186218,201699,203870,204484,207768,209994,213808,214895,216004,221365,226562,230338,233379,235795,241634,288872
167960,173114,183714,186306,187150,195264,197362,208445,210837,222697,226099,228872,231840,235198,242807,248006
135163,138795,145502,145556,147292,148854,152499,164417,182103,183318,184181,200507,209696,210473,216150,226510,226630,233423,237384,248685,262421
120791,135099,135276,143066,157106,157293,172965,175662,177945,180546,199770,212871,219314,225453,229644
121160,129308,130348,136891,145615,156800,157893,177385,181656,189017,193756,247063
133531,173114,182121,191133,201586,201758,206790,210837,213734,226099,227491,244414,248006,249602,257070
120791,135099,135276,140579,142838,143066,157106,172965,175662,177945,180546,192232,199770,212871,214789,230464
167960,173114,183714,186306,187150,195264,197362,206790,208445,210837,222697,226099,227491,228872,231840,235198,242807,244195,244414,248006
120791,135099,135276,145837,152680,157106,157293,172965,175662,177945,186080,186540,205077,212871
120791,135099,135276,140579,142162,142838,143066,145837,152680,157106,157293,172965,175662,177945,180546,186080,186540,192232,205077,206347,212871,230464
121608,135435,154554,162082,163837,166128,179298,179504,181293,186334,191774,192450,216426,269250
120791,135276,142838,143066,157106,172965,175662,177945,180546,192232,199770,212871,214789,225453,229644
159907,173114,183714,186306,187150,191133,195264,197362,201758,206106,206790,208445,210837,222697,226099,227491,228872,231840,235198,242807,244414,248006
137626,167960,173114,183714,186306,197362,208445,210837,222697,226099,227491,228872,242807,244195,244414,248006
135163,145502,145556,147292,147528,148854,150688,157748,164417,169732,182103,183318,184181,188090,200507,208825,210473,213669,216150,226510,226630,233423,237384,242310,248685,262421
146587,151523,182715,186827,189967,193831,194078,202866,232890,235370,241812,246044,270728,285426
120791,135099,135276,142838,143066,157106,157293,172965,175662,177945,180546,192232,199770,212871,214789,225453,229644
135163,145502,147292,147528,148854,150688,157748,164417,169732,182103,183318,184181,188090,208825,210473,213669,213906,216150,233423,242310,262421
117929,134261,136067,148383,157567,169122,178143,187461,191638,216619,224507,239214,240323
135163,145502,147292,147528,148854,150688,157748,164417,169732,182103,183318,184181,188090,200507,208825,210473,213669,216150,226510,226630,233423,237384,242310,248685,262421
133531,159907,173114,183714,186306,187150,191133,197362,201758,206106,206790,208445,210837,222697,226099,227491,231840,235198,242807,244414,248006,257070
181206,186218,201699,203870,204484,207768,209994,213808,214895,221365,230338,233379,235795,241634
135163,145502,147292,147528,148854,164417,182103,183318,184181,188090,200507,208825,210473,213669,213906,216150,233423,242310,248685,262421
125600,149315,161533,170764,186218,202814,204484,226562,233553,235795,241634,248440,288872
124953,146608,162925,165033,165472,178362,188723,194420,194878,207732,228265,229193,229425,237675,274066
120089,121441,129593,135761,156417,159509,167176,168385,169374,182856,198405,223519,237185,238042
133531,173114,182121,183714,187150,191133,197362,201586,201758,206790,210837,213734,226099,227491,228872,242807,244195,244414,248006,257070
118905,120211,130269,139102,151523,154141,182715,183815,187634,188622,188722,189967,194078,195569,202866,213828,219093,235370,241812,246044,250743,267335,285426
117929,134261,136067,148383,157567,169122,178143,179742,187461,191638,200916,216619,224507,239214,240323
120411,122302,125287,151300,155692,157951,169936,172341,172393,176475,187694,212760,217452,250916
135163,145502,147528,148854,150688,164417,182103,188090,208825,210473,213669,213906,216150,242310,248685,262421
118905,120211,130269,139102,151523,154141,182715,187634,188622,188722,189967,193831,194078,195569,202866,219093,235370,241812,246044,250743,267335,285426
120791,135099,135276,140579,145837,152680,157106,157293,172965,175662,177945,186540,192232,205077,212871
137626,167960,173114,183714,186306,197362,208445,210837,222697,226099,228872,235198,242807,244195,248006
135163,138795,145502,145556,147292,152499,164417,183318,192736,197835,200507,209696,210473,216150,226510,226630,233423,237384,248685,262421
119895,124953,162925,165033,165472,172023,188723,194420,194878,207732,228265,229193,229425,231457,237675,274066
121160,129308,130348,136891,140211,145615,156800,157893,176749,177385,181656,189017,193756,247063
124953,146608,157879,162925,165033,165472,165992,172023,178362,188723,194420,206357,207732,228265,229193,229425,237675
119568,138261,153923,168742,183180,191110,193276,195424,198846,210912,260668,275969
125035,135276,140579,142838,143066,145837,172965,175662,180546,192232,206347,212871,214789,230464
125600,149315,161533,186218,202814,203870,204484,214895,221365,226562,233553,235795,241634,288872
122302,125287,151300,155692,156044,157951,172341,172393,187694,212760,217452,230652
120411,125287,151300,157951,169936,172393,176475,187694,189120,217452,219765,230652,250916
159907,167960,173114,186306,187150,195264,197362,201758,206106,208445,222697,231840,235198,244414,248006
135163,145502,145556,147292,148854,150688,157748,169732,182103,183318,184181,200507,210473,216150,226510,226630,233423,242310,262421
120791,135099,135276,140579,142838,143066,145837,152680,157106,157293,172965,175662,177945,180546,186540,192232,205077,212871,230464
118905,120211,130269,139102,154141,183815,187634,188622,188722,195569,213828,219093,250743,267335
149315,181206,186218,201699,203870,204484,207768,209994,213808,214895,216004,221365,226562,230338,233379,235795,237960,241634
120089,121441,129593,135761,156417,167176,168385,169374,182856,198405,198756,223519,237185,238042
159907,173114,186306,187150,191133,195264,197362,201758,206106,208445,210837,222697,231840,235198,244414,248006
118905,120211,130269,139102,151523,154141,183815,187634,188622,188722,189967,195569,213828,219093,235370,246044,250743,267335
149315,181206,186218,201699,203870,204484,207768,209994,213808,216004,221365,230338,233379,235795,237960,241634
135276,142838,143066,157106,172965,175662,180546,192232,199770,212871,214789,225453,230464
120211,146587,151523,182715,186827,188622,189967,193831,194078,202866,232890,235370,241812,246044,270728,285426
125600,149315,170764,186218,203870,204484,207768,214895,221365,226562,233379,233553,235795,241634,288872
149315,181206,186218,203870,204484,207768,209994,213808,214895,216004,221365,226562,230338,233379,235795,241634,288872
149315,181206,186218,203870,204484,207768,214895,216004,221365,226562,233379,235795,241634,288872
117929,134261,148383,151872,157567,169122,179742,187461,191638,200916,216481,216619,224507,239214,240323
136419,144235,147056,158463,161425,165102,178664,187307,210033,225545,227067,231668,245432
124176,139621,156927,169674,185694,186684,198054,202544,203664,225155,227463,229526,234431,236366,243925,257826
120835,124809,137774,151645,154566,160030,169450,183386,184427,194772,231674,238497
159907,167960,173114,183714,186306,187150,195264,197362,206106,206790,208445,210837,222697,226099,227491,228872,231840,235198,242807,244195,244414,248006
120791,125035,135099,135276,140579,142838,143066,145837,157106,172965,175662,177945,180546,192232,206347,212871,230464
159907,167960,173114,183714,186306,187150,195264,197362,206106,206790,208445,210837,222697,226099,227491,228872,231840,235198,242807,244414,248006
124176,139621,156927,169674,185694,186684,198054,202544,203374,203664,227463,232460,234431,236366,257826
155109,162855,168990,171883,174474,192018,196040,199349,204524,215063,223712,241330,286770
133531,173114,182121,191133,201586,201758,206790,213734,226099,227491,244195,244414,248006,249602,257070
129653,138795,145556,148440,152499,187645,192736,197835,209696,219737,226510,226630,237384,240583
120791,125035,135099,135276,140579,142838,145837,152680,172965,175662,177945,186540,192232,206347,230464
133531,159907,173114,186306,187150,191133,197362,201758,206106,210837,213734,222697,226099,231840,235198,244414,248006
135163,145502,145556,147292,157748,182103,183318,184181,200507,210473,216150,226510,226630,233423,262421
121160,129308,130348,136891,140211,145615,155700,156800,157893,176749,177385,181656,189017,193756,247063
117698,141789,158326,162878,165680,176244,202693,219639,231413,242777,273218,278912
124176,139621,156927,169674,185694,186684,198054,202544,203374,203664,225155,227463,229526,232460,234431,236366,243925,257826
120089,121441,129593,135761,156417,159509,167176,168385,182856,198405,198756,223519,237185,238042
120791,135276,142838,143066,157106,172965,175662,180546,192232,199770,212871,214789,225453,230464
125600,149315,161533,186218,203870,204484,214895,221365,226562,233379,233553,235795,241634,288872
124953,146608,162925,165033,165472,172023,188723,194420,194878,207732,228265,229193,229425,231457,237675,274066
133531,159907,173114,183714,186306,187150,191133,197362,201758,206106,206790,208445,210837,222697,226099,227491,228872,231840,235198,242807,244414,248006,257070
133531,173114,182121,191133,201586,201758,206790,210837,213734,226099,227491,242807,244195,244414,248006,249602,257070
118905,120211,130269,139102,146587,151523,154141,182715,187634,188622,188722,189967,194078,202866,213828,219093,232890,235370,241812,246044,250743,267335,270728,285426
124176,139621,156927,169674,185694,198054,202544,203664,225155,227463,229526,234431,236366,243925,257826
125600,149315,161533,170764,196987,202814,204484,226562,229552,233553,248440,288872
124176,139621,156927,169674,185694,198054,202544,203664,225155,229526,234431,243925,257826
135163,145502,145556,147292,157748,169732,182103,183318,184181,200507,210473,216150,226510,226630,233423,242310,262421
136736,138261,153923,183180,190558,191110,192731,195424,195790,198846,202599,203007,210912
135163,145502,145556,147292,152499,157748,182103,183318,184181,200507,209696,210473,216150,226510,226630,233423,237384,262421
159907,167960,171699,186408,187150,194095,195264,197362,202077,206106,208445,217454,222697,231840,235198,242856
124953,146608,165033,165472,188723,194420,194878,228265,229193,229425,237675,274066
138795,145556,152499,187645,192736,197835,200507,209696,219737,226510,226630,233423,237384
159907,167960,173114,183714,186306,187150,191133,197362,201758,206106,206790,208445,210837,222697,226099,227491,228872,231840,235198,242807,244195,244414,248006,257070
120791,135099,135276,152680,157106,157293,172965,175662,177945,186080,186540,205077
120791,135099,135276,140579,142162,142838,143066,145837,152680,157106,157293,172965,175662,177945,180546,186080,186540,192232,205077,212871,230464
117929,134261,136067,148383,157567,169122,178143,179742,187461,191638,200916,216481,216619,224507,239214,240323
120791,135276,140579,142838,143066,157106,172965,175662,177945,180546,192232,199770,212871,214789,230464
135163,145556,147292,148854,152499,164417,182103,200507,210473,216150,226510,226630,233423,237384,248685,262421
117929,134261,136067,148383,151872,157567,169122,178143,179742,187461,191638,200916,216481,224507,239214,240323
149315,161533,181206,186218,203870,204484,207768,214895,221365,226562,233379,233553,235795,241634,288872
118905,120211,130269,146587,151523,182715,187634,188622,188722,189967,193831,194078,202866,219093,232890,235370,241812,246044,270728,285426
120791,135099,135276,143066,157106,172965,175662,177945,180546,199770,212871,214789,219314,225453,229644
137626,173114,183714,186306,206790,210837,226099,227491,228872,242807,244195,244414,248006,257070
120791,135099,135276,142838,143066,152680,157106,157293,172965,175662,177945,180546,192232,199770,205077,212871,225453
120791,135099,135276,142162,143066,152680,157106,157293,172965,175662,177945,180546,186080,186540,205077,212871,219314,225453
124953,146608,157879,162925,165033,165472,165992,172023,178362,188723,194420,206357,207732,228265,229193,237675
120791,135099,135276,140579,142838,145837,152680,157106,157293,172965,175662,177945,186540,192232,206347,212871
159907,167960,186306,187150,194095,195264,197362,206106,208445,222697,231840,235198,242856
146608,157879,162925,165033,165472,165992,172023,178362,188723,206357,207732,228265,229193,237675
145502,147292,147528,148854,150688,157748,169732,182103,183318,184181,188090,213669,216150,233423,242310,262421
120211,146587,151523,154141,182715,186827,187634,188622,189967,193831,194078,202866,232890,235370,241812,246044,267335,270728,285426
119895,124953,162925,165033,165472,172023,188723,194878,207732,228265,229193,229425,231457,237675,274066
173114,182121,183714,186306,187150,191133,197362,201758,206790,210837,226099,227491,228872,242807,244195,244414,248006,257070
118905,120211,130269,151523,154141,183815,187634,188622,195569,246044,250743,267335
120791,135099,135276,142162,142838,143066,152680,157106,157293,172965,175662,177945,180546,186540,192232,199770,205077,212871
120211,151523,154141,182715,187634,188622,189967,195569,235370,246044,250743,267335,285426
120089,129593,135761,156417,159509,167176,168385,169374,198405,198756,219593,223519
146587,151523,154141,182715,186827,188622,189967,193831,194078,202866,232890,235370,241812,246044,267335,270728,285426
135163,145502,147528,148854,150688,157748,164417,169732,182103,184181,188090,208825,213669,213906,216150,242310,262421
159907,171699,187150,195264,197362,202077,206106,214136,222697,231840,235198,242856
138795,145556,148440,152499,187645,192736,197835,209696,219737,226510,226630,237384,240583
138795,145556,148440,152499,187645,192736,197835,200507,209696,219737,226510,226630,237384,248685
167960,173114,183714,186306,187150,191133,197362,206106,206790,208445,210837,222697,226099,227491,228872,231840,235198,242807,244195,244414,248006,257070
118905,120211,130269,139102,154141,183815,187634,188622,188722,189967,194078,202866,213828,219093,246044,250743,267335
135163,138795,145556,147292,152499,164417,183318,192736,197835,200507,209696,210473,219737,226510,226630,233423,237384,248685,262421
123924,126571,136825,158021,164099,167197,177297,178149,192435,194231,204192,231699,241374,254605,258121,287404
146608,157879,162925,165033,165992,172023,178362,188723,206357,207732,229193,237675
118905,120211,130269,139102,151523,154141,182715,183815,187634,188622,188722,189967,194078,202866,213828,219093,235370,246044,250743,267335,270728,285426
135163,145502,147292,147528,148854,157748,164417,182103,183318,184181,188090,200507,208825,210473,213669,213906,216150,226510,226630,233423,237384,242310,248685,262421
159907,167960,171699,186306,187150,194095,195264,197362,206106,208445,222697,231840,235198,242856
120791,135099,135276,140579,142838,143066,145837,152680,157106,157293,172965,175662,177945,186540,192232,205077,206347,212871,230464
138795,145556,147292,152499,183318,187645,192736,197835,200507,209696,210473,219737,226510,226630,233423,237384,248685
117929,134261,136067,148383,151872,157567,169122,178143,179742,187461,191638,200916,216481,216619,224507,239214,240323
173114,182121,191133,201586,201758,206790,210837,226099,227491,228872,242807,244195,244414,248006,257070
181206,201699,203870,207768,209994,213808,216004,221365,230338,233379,235795,237960
119568,138261,153923,168742,183180,191110,193276,195424,198846,203007,210912,275969
160047,173635,176457,215956,226260,226796,228180,228588,231289,240612,242376,266191
120411,151300,156044,157951,169936,172341,172393,176475,187694,189120,212760,217452,219765,230652
119895,124953,162925,165033,165472,188723,194420,194878,228265,229193,229425,231457,237675,274066
135163,145502,147292,148854,157748,164417,182103,183318,184181,188090,200507,208825,210473,213669,213906,216150,226510,226630,233423,237384,242310,248685,262421
133531,173114,183714,186306,187150,191133,197362,201758,206106,206790,208445,210837,222697,226099,227491,228872,231840,235198,242807,244195,244414,248006,257070
120791,135099,135276,140579,143066,145837,152680,157106,157293,172965,175662,177945,186080,186540,205077,212871
118905,120211,130269,139102,151523,154141,182715,183815,187634,188622,188722,189967,193831,194078,195569,202866,213828,219093,235370,241812,246044,250743,267335,285426
133531,173114,182121,183714,191133,201586,201758,206790,210837,213734,226099,227491,228872,242807,244195,244414,248006,249602,257070
135163,145502,147292,147528,148854,150688,157748,164417,169732,182103,183318,184181,188090,200507,208825,210473,213669,216150,226510,226630,233423,242310,248685,262421
120411,151300,156044,157951,169936,172341,172393,187694,189120,212760,217452,219765,230652
120411,125287,151300,169936,172393,176475,187694,189120,217452,219765,230652,250916
120791,125035,135099,135276,140579,142838,143066,145837,172965,175662,177945,180546,192232,206347,212871,230464
119895,124953,146608,162925,165033,165472,172023,188723,194420,194878,207732,228265,229193,229425,231457,237675,274066
124953,146608,162925,165033,165472,172023,178362,188723,194420,194878,207732,228265,229193,229425,231457,237675,274066
118905,120211,130269,139102,151523,154141,182715,187634,188622,188722,189967,193831,194078,195569,202866,213828,219093,235370,241812,246044,250743,267335,285426
120791,135099,135276,142838,143066,157106,157293,172965,175662,177945,180546,192232,199770,212871,225453,229644
125600,149315,161533,170764,186218,202814,203870,204484,226562,233553,235795,241634,288872
120791,135099,135276,140579,145837,152680,157106,157293,172965,175662,177945,186540
135163,145502,145556,147292,152499,183318,184181,192736,200507,209696,210473,226510,226630,233423,237384,262421
120791,135099,135276,140579,142838,143066,145837,152680,157106,157293,172965,175662,177945,186540,192232,205077,212871
137626,173114,183714,186306,197362,208445,210837,226099,227491,228872,242807,244195,248006
149315,181206,186218,201699,203870,207768,209994,213808,214895,216004,221365,230338,233379,235795,237960,241634
120411,122302,125287,151300,169936,172393,176475,187694,189120,217452,250916,260438
118905,120211,130269,139102,187634,188622,188722,189967,194078,202866,213828,219093,246044,250743,267335,270728,285426
135163,138795,145556,147292,152499,164417,192736,200507,209696,210473,226510,226630,233423,237384,248685,262421
135276,140579,142838,143066,145837,172965,175662,180546,192232,206347,212871,214789,230464
119895,124953,162925,165033,165472,194878,228265,229193,229425,231457,237675,274066
119895,124953,146608,162925,165033,165472,188723,194420,194878,207732,228265,229193,229425,231457,237675,274066
120211,151523,154141,182715,187634,188622,189967,195569,235370,241812,246044,250743,267335,285426
133531,159907,173114,186306,187150,191133,197362,201758,206106,206790,210837,213734,222697,226099,231840,235198,244414,248006
137626,173114,182121,183714,186306,197362,206790,210837,226099,227491,228872,242807,244195,244414,248006,257070
121608,135435,154554,162082,163837,166128,179298,179504,186334,191774,192450,216426,269250
159907,167960,173114,183714,186306,187150,195264,197362,201758,206106,208445,210837,222697,226099,231840,235198,242807,244414,248006
120089,121441,129593,135761,156417,159509,167176,168385,169374,182856,198405,198756,223519,237185,238042
138795,145556,147292,152499,183318,192736,197835,200507,209696,210473,219737,226510,226630,233423,237384
124953,146608,157879,162925,165033,165472,165992,172023,178362,188723,194420,194878,206357,207732,229425,237675,274066
124176,139621,156927,169674,185694,186684,203374,203664,225155,227463,232460,236366,243925,257826
135163,145502,147292,147528,148854,150688,157748,169732,182103,183318,184181,200507,210473,213669,216150,233423,242310,262421
135163,145502,145556,147292,148854,157748,169732,182103,183318,184181,200507,210473,216150,226510,226630,233423,237384,242310,262421
145502,147528,148854,150688,157748,169732,182103,183318,184181,188090,208825,213669,213906,216150,242310,262421
135163,145502,145556,147292,148854,152499,157748,164417,182103,183318,184181,200507,209696,210473,213669,216150,226510,226630,233423,237384,242310,248685,262421
136736,138261,153923,183180,191110,192731,193276,195424,195790,198846,203007,210912
133531,159907,173114,183714,186306,187150,191133,197362,201758,206106,206790,208445,210837,222697,226099,227491,231840,235198,242807,244414,248006
146587,151523,154141,182715,186827,188622,189967,193831,194078,202866,232890,235370,241812,246044,270728,285426
120791,135099,135276,142838,143066,152680,157106,157293,172965,175662,177945,180546,186540,192232,199770,205077,212871,225453
118905,120211,130269,139102,146587,187634,188622,188722,189967,194078,202866,219093,246044,270728,285426
133531,173114,183714,187150,191133,197362,201586,201758,206106,206790,210837,213734,226099,227491,242807,244414,248006,257070
125600,149315,170764,186218,203870,204484,207768,214895,221365,226562,233553,235795,241634,288872
159907,167960,171699,186306,186408,187150,194095,195264,197362,202077,208445,217454,222697,231840,235198,242856
120791,135099,135276,142162,143066,152680,157106,157293,172965,175662,177945,180546,199770,205077,212871,219314,225453,229644
159907,167960,173114,183714,186306,187150,191133,195264,197362,201758,206106,208445,210837,222697,226099,227491,231840,235198,242807,244414,248006
135163,138795,145556,147292,152499,164417,200507,210473,226510,226630,233423,237384,248685,262421
159907,167960,173114,183714,186306,187150,191133,195264,197362,201758,206106,206790,208445,210837,222697,226099,227491,228872,231840,235198,242807,244195,244414,248006,257070
126571,136825,158021,164099,167197,177297,178149,192435,194231,204192,231699,241374,254605,287404
137947,144229,146145,146914,176033,176355,179404,179447,194152,194546,237400,255757,256230,291184
120211,146587,151523,154141,182715,186827,187634,188622,189967,193831,194078,202866,235370,241812,246044,250743,267335,270728,285426
135163,145502,147292,147528,148854,150688,157748,164417,169732,182103,183318,184181,188090,200507,208825,210473,213669,213906,216150,226510,226630,233423,242310,248685,262421
120211,130269,146587,151523,182715,186827,187634,188622,189967,193831,194078,202866,219093,232890,235370,241812,246044,270728,285426
126571,136825,158021,164099,167197,177297,178149,192435,194231,204192,231699,241374,254605,258121,287404
120791,135099,135276,140579,142838,143066,152680,157106,157293,172965,175662,177945,180546,186540,192232,205077,212871,230464
121160,129308,130348,136891,140211,145615,157893,176749,177385,181656,193756,247063
133531,182121,191133,201586,201758,206790,213734,227491,244414,248006,249602,257070
120411,125287,151300,156044,157951,169936,172341,172393,176475,187694,189120,212760,217452,219765,230652,250916
132462,134515,144234,154678,167255,192189,193322,209525,228493,234016,272166,279393
120211,146587,151523,154141,182715,186827,188622,189967,193831,194078,202866,232890,235370,241812,246044,267335,270728,285426
146608,157879,162925,165033,165472,165992,172023,178362,188723,206357,207732,229193,237675
149315,181206,186218,201699,203870,204484,207768,209994,213808,214895,216004,221365,226562,230338,233379,235795,237960,241634,288872
118905,120211,130269,139102,151523,154141,182715,183815,187634,188622,188722,189967,194078,195569,213828,219093,235370,241812,246044,250743,267335,285426
118905,120211,130269,139102,146587,151523,182715,187634,188622,188722,189967,194078,202866,213828,219093,235370,246044,250743,267335,270728,285426
135163,145502,145556,147292,147528,148854,150688,152499,157748,164417,169732,182103,183318,184181,200507,210473,213669,216150,226510,226630,233423,237384,242310,248685,262421
135163,145502,145556,147292,148854,152499,157748,164417,182103,183318,184181,200507,209696,210473,216150,226510,226630,233423,237384,242310,248685,262421
133531,173114,182121,191133,201586,201758,206790,210837,213734,226099,227491,228872,242807,244195,244414,248006,257070
136419,147056,158463,161425,165102,178664,187307,193138,210033,225545,227067,245432
117929,134261,136067,151872,157567,169122,178143,179742,187461,191638,200916,224507,239214
118905,130269,139102,154141,183815,187634,188722,195569,213828,219093,250743,267335
135163,138795,145502,145556,147292,148854,152499,164417,182103,183318,184181,192736,200507,209696,210473,216150,226510,226630,233423,237384,248685,262421
121160,129308,130348,136891,145615,155700,156800,157893,176749,177385,182972,189017,247063
120089,135761,159509,167176,168385,182856,198405,198756,219593,223519,237185,238042
118905,120211,130269,139102,151523,154141,183815,187634,188622,188722,189967,194078,202866,213828,219093,235370,246044,250743,267335,270728,285426
121608,135435,154554,162082,163837,166128,179298,179504,186334,191774,192450,256049,269250
123288,163973,193677,196521,196794,211940,225486,229836,250088,256103,257446,258611,275092
133531,173114,187150,191133,197362,201758,206106,213734,222697,231840,244414,248006
120411,125287,151300,155692,156044,157951,169936,172341,172393,187694,212760,217452,230652
135163,138795,145502,145556,147292,148854,152499,157748,164417,182103,183318,184181,192736,200507,209696,210473,216150,226510,226630,233423,237384,248685,262421
120791,135099,135276,140579,142838,143066,145837,157106,172965,175662,177945,180546,192232,206347,212871,214789,230464
120089,129593,135761,156417,159509,167176,168385,169374,182856,198405,198756,219593,223519,237185,238042
118905,120211,130269,146587,151523,182715,186827,187634,188622,188722,189967,193831,194078,202866,219093,232890,235370,241812,246044,250743,267335,270728,285426
135163,145502,145556,147292,148854,152499,164417,182103,183318,200507,210473,213669,216150,226510,226630,233423,237384,248685,262421
135163,147292,148854,152499,164417,182103,200507,210473,216150,226510,226630,233423,237384,248685,262421
138795,145556,148440,152499,187645,192736,197835,200507,209696,219737,226510,226630,237384,240583
145502,147292,147528,150688,157748,169732,182103,183318,184181,188090,213669,216150,242310,262421
125600,149315,161533,170764,186218,202814,204484,226562,233553,241634,248440,288872
120791,135099,135276,142162,143066,152680,157106,157293,172965,175662,177945,180546,186080,186540,199770,205077,212871,219314,225453,229644
133531,159907,173114,186306,187150,191133,197362,201758,206106,213734,222697,231840,235198,244414
124176,139621,156927,169674,185694,203664,225155,227463,229526,232460,236366,243925,257826
148413,150277,177662,216761,247590,249531,258199,261811,266061,267295,276184,279687
135163,145502,147292,147528,148854,150688,157748,164417,169732,182103,183318,184181,188090,200507,208825,210473,213669,213906,216150,242310,248685,262421
159907,167960,173114,183714,186306,187150,195264,197362,206106,206790,208445,210837,222697,226099,227491,228872,231840,235198,242807,244195,244414,248006,257070
124953,146608,157879,162925,165033,165472,165992,172023,178362,188723,194420,194878,206357,207732,229193,229425,237675
120791,135099,135276,140579,145837,152680,157293,175662,177945,186540,192232,206347
136736,138261,153923,183180,191110,192731,193276,195424,195790,198846,203007,210912,275969
120211,130269,146587,151523,182715,188622,189967,194078,202866,232890,235370,246044,270728,285426
135163,147292,148854,164417,182103,200507,210473,216150,226630,237384,248685,262421
133531,173114,186306,187150,191133,197362,201758,206106,206790,210837,213734,222697,226099,227491,231840,235198,242807,244414,248006
119895,124953,162925,164007,165033,165472,188723,194420,194878,228265,229193,229425,231457,237675,274066
118905,120211,130269,146587,151523,154141,182715,187634,188622,188722,189967,193831,194078,195569,202866,219093,235370,241812,246044,250743,267335,270728,285426
119895,124953,162925,165033,165472,188723,194420,194878,207732,228265,229193,229425,231457,237675,274066
133531,173114,183714,187150,191133,197362,201758,206106,206790,210837,213734,222697,226099,227491,228872,242807,244195,244414,248006,257070
118905,120211,130269,139102,146587,151523,154141,182715,186827,187634,188622,188722,189967,193831,194078,202866,219093,235370,241812,246044,250743,267335,270728,285426
135163,145502,145556,147292,147528,148854,150688,157748,164417,169732,182103,183318,184181,200507,210473,213669,216150,226510,226630,233423,242310,248685,262421
133531,173114,187150,191133,197362,201586,201758,206106,206790,210837,213734,222697,226099,227491,242807,244414,248006
138795,145556,152499,164417,187645,192736,197835,200507,209696,210473,219737,226510,226630,233423,237384,248685
149315,181206,201699,203870,204484,207768,209994,213808,216004,230338,233379,235795,237960,241634
119990,123924,136825,158021,164099,167197,177297,178149,192435,194231,204192,231699,241374,254605,258121,287404
120791,135099,135276,140579,145837,152680,157106,157293,172965,175662,177945,186540,192232,206347,230464
126632,198918,222154,233030,236337,236354,247300,250072,253583,256572,259178,274818
120411,122302,125287,151300,155692,157951,169936,172341,172393,176475,187694,189120,212760,217452,250916
124176,139621,156927,169674,185694,186684,198054,202544,203664,225155,227463,229526,232460,236366,243925,257826
137626,173114,183714,186306,197362,206790,208445,210837,222697,226099,227491,228872,235198,242807,244195,244414,248006,257070
118905,120211,130269,139102,151523,154141,183815,187634,188622,188722,189967,195569,213828,219093,235370,246044,250743,267335,285426
133531,173114,183714,186306,187150,191133,197362,201758,206106,206790,210837,213734,222697,226099,227491,228872,231840,242807,244195,244414,248006,257070
119895,124953,164007,165033,165472,194878,228265,229193,229425,231457,237675,274066
125600,149315,161533,170764,186218,202814,204484,214895,226562,233553,235795,241634,248440,288872
120211,151523,154141,182715,187634,188622,195569,235370,241812,246044,250743,267335,285426
137626,167960,173114,183714,186306,197362,206790,208445,210837,222697,226099,227491,228872,235198,242807,244195,244414,248006,257070
135163,138795,145502,145556,147292,152499,157748,164417,182103,183318,184181,200507,209696,210473,216150,226510,226630,233423,237384,248685,262421
133531,173114,182121,183714,191133,197362,201586,201758,206790,210837,213734,226099,227491,228872,242807,244195,244414,248006,257070
120791,135099,135276,142162,143066,157106,172965,175662,177945,180546,199770,205077,212871,219314,225453,229644
120791,135099,135276,140579,142162,143066,145837,152680,157106,157293,172965,175662,177945,180546,186080,186540,192232,205077,212871
133531,173114,191133,201586,201758,206790,210837,213734,226099,227491,244414,248006,249602
124277,141178,149064,152244,177944,178036,181734,239648,245843,249766,274371,279545
117929,134261,148383,157567,169122,179742,187461,216481,216619,224507,239214,240323
135163,145502,147292,147528,148854,150688,157748,169732,182103,183318,184181,188090,210473,213669,216150,233423,242310,262421
149315,181206,201699,203870,204484,207768,209994,213808,216004,221365,230338,233379,235795,237960,241634
159907,167960,171699,187150,195264,197362,202077,206106,214136,222697,231840,235198,242856
149315,181206,186218,203870,204484,207768,213808,214895,216004,221365,226562,230338,233379,235795,241634,288872
120411,122302,125287,151300,169936,172341,172393,176475,187694,189120,217452,250916,260438
133531,173114,182121,191133,201586,201758,206790,213734,226099,227491,244195,244414,248006,257070
121608,129610,135435,154554,163837,179298,179504,181293,186334,191774,192450,216426
125600,149315,161533,170764,186218,202814,203870,204484,214895,221365,226562,233553,235795,241634,288872
136419,144235,147056,158463,161425,165102,178664,187307,193138,210033,225545,227067,231668,245432
135163,145502,147292,147528,148854,150688,157748,169732,182103,183318,184181,188090,208825,210473,213669,213906,216150,242310,262421
167960,173114,183714,186306,187150,197362,208445,210837,222697,226099,228872,231840,235198,242807
159907,167960,171699,186306,186408,194095,195264,202077,208445,217454,222697,231840,235198,242856
124953,162925,165033,165472,172023,188723,194420,194878,207732,228265,229193,229425,231457,237675,274066
120791,135099,135276,142838,143066,157106,157293,172965,175662,177945,180546,192232,199770,205077,212871,225453
182121,191133,201586,201758,206790,213734,226099,227491,244195,244414,248006,257070
133531,159907,173114,186306,187150,191133,197362,201758,206106,222697,231840,235198
135163,138795,145502,145556,147292,152499,183318,184181,192736,200507,209696,210473,226510,226630,233423,237384,262421
117929,134261,136067,148383,157567,169122,178143,179742,187461,191638,216619,224507,239214,240323
120791,135099,135276,142162,143066,152680,157106,157293,172965,175662,177945,180546,186540,199770,205077,212871,225453,229644
120411,122302,125287,151300,157951,169936,172341,172393,176475,187694,189120,217452,250916,260438
118905,120211,130269,139102,187634,188622,188722,189967,194078,202866,213828,219093,246044,267335,270728,285426
159907,173114,186306,187150,191133,195264,197362,201758,206106,208445,210837,222697,226099,231840,235198,244414,248006
120791,135099,142162,143066,157106,157293,172965,175662,177945,180546,186080,199770,205077,212871,219314,225453
120791,135099,135276,140579,145837,152680,175662,177945,186540,192232,206347,230464
149315,181206,186218,203870,204484,207768,214895,216004,221365,226562,233379,235795,237960,241634,288872
118905,120211,130269,146587,151523,182715,187634,188622,189967,193831,194078,202866,219093,232890,235370,241812,246044,270728,285426
173114,182121,183714,186306,187150,191133,197362,206790,208445,210837,222697,226099,227491,228872,242807,244195,244414,248006,257070
124953,146608,157879,162925,165033,165472,165992,172023,178362,188723,194420,194878,206357,207732,229425,274066
119990,123924,126571,136825,158021,164099,167197,177297,178149,192435,194231,204192,231699,241374,254605,258121,287404
135163,145502,147528,148854,150688,157748,164417,169732,182103,183318,184181,188090,208825,210473,213669,213906,216150,242310,262421
125600,149315,161533,186218,203870,204484,221365,226562,233553,235795,241634,288872
133531,173114,183714,187150,191133,197362,201758,206106,206790,210837,213734,222697,226099,227491,242807,244414,248006,257070
118905,120211,130269,139102,151523,154141,182715,183815,187634,188622,189967,195569,213828,219093,235370,246044,250743,267335,285426
135163,145502,147292,148854,164417,182103,183318,188090,200507,208825,210473,213669,213906,216150,226630,248685,262421
138795,145556,147292,152499,164417,192736,197835,200507,209696,210473,219737,226510,226630,233423,237384,248685
117929,134261,136067,151872,157567,169122,178143,187461,191638,200916,216619,224507,239214,240323
120411,122302,125287,151300,155692,156044,157951,169936,172341,172393,176475,187694,212760,217452,230652,250916
120211,130269,146587,151523,182715,188622,189967,193831,194078,202866,232890,235370,241812,246044,270728,285426
120211,130269,151523,154141,182715,186827,187634,188622,189967,193831,194078,202866,235370,241812,246044,250743,267335,285426
159907,167960,183714,186306,187150,195264,197362,206106,208445,222697,231840,235198
120791,135099,135276,142838,143066,152680,157106,157293,172965,175662,177945,180546,186540,199770,205077,212871,225453
121160,129308,130348,136891,140211,145615,156800,157893,176749,177385,181656,182972,189017,193756,247063
120411,125287,151300,157951,169936,172341,172393,176475,187694,189120,212760,217452,219765,230652,250916
119895,124953,162925,164007,165033,165472,188723,194420,194878,207732,228265,229193,229425,231457,237675,274066
136736,153923,183180,190558,191110,192731,195424,195790,198846,202599,203007,210912,275969
159907,167960,173114,183714,186306,187150,195264,197362,208445,210837,222697,226099,227491,228872,231840,235198,242807,244195,244414,248006
149315,181206,186218,203870,204484,207768,213808,214895,216004,221365,226562,230338,233379,235795,237960,241634
159907,167960,173114,183714,186306,187150,195264,197362,206106,208445,210837,222697,231840,235198,242856
138261,153923,168742,183180,191110,192731,193276,195424,195790,198846,203007,210912,275969
117929,134261,136067,151872,169122,178143,187461,191638,200916,216619,224507,239214
135163,145502,147292,147528,148854,150688,157748,164417,169732,182103,183318,184181,188090,200507,208825,210473,213669,213906,216150,226510,226630,233423,237384,242310,248685,262421
126571,136825,164099,167197,177297,178149,192435,194231,204192,231699,241374,254605,258121,287404
124953,146608,165033,165472,178362,188723,194420,194878,206357,207732,228265,229193,229425,237675,274066
120791,135099,135276,140579,145837,152680,157106,157293,172965,175662,177945,186540,192232
117929,134261,136067,151872,157567,169122,178143,179742,187461,191638,200916,216619,224507,239214,240323
119895,124953,162925,164007,165033,165472,194420,194878,228265,229193,229425,231457,237675,274066
159907,167960,173114,186306,187150,195264,197362,206106,208445,210837,222697,231840,235198,244414
128133,129270,131555,132884,143493,154470,155362,157908,158316,159515,165685,177783,204283,221011
120791,135099,135276,140579,142838,143066,145837,152680,157106,157293,172965,175662,177945,180546,186540,192232,206347,212871,230464
120791,125035,135099,135276,140579,142838,143066,145837,152680,157106,172965,175662,177945,180546,186540,192232,206347,212871,230464
135163,145502,147292,148854,164417,182103,183318,200507,208825,210473,213669,213906,216150,226630,233423,237384,248685,262421
138795,145556,148440,152499,187645,192736,200507,209696,219737,226510,226630,237384,248685
145502,147528,148854,150688,157748,169732,182103,183318,184181,188090,208825,213669,216150,242310
125035,135276,140579,142838,143066,145837,172965,175662,180546,192232,206347,214789,230464
118905,120211,130269,146587,151523,154141,182715,186827,187634,188622,189967,193831,194078,202866,219093,232890,235370,241812,246044,250743,267335,270728,285426
133531,173114,183714,186306,187150,191133,197362,201758,206106,206790,210837,213734,222697,226099,227491,228872,242807,244195,244414,248006,257070
120791,135099,135276,142838,143066,152680,157106,157293,172965,175662,177945,180546,199770,205077,212871,225453,229644
120791,135099,135276,140579,142162,142838,143066,152680,157106,157293,172965,175662,177945,180546,186080,186540,192232,205077,212871
120791,135099,135276,142838,143066,157106,172965,175662,177945,180546,192232,199770,212871,214789,225453,230464
137626,167960,173114,183714,186306,197362,208445,210837,222697,226099,227491,228872,235198,242807,244195,244414,248006
133531,173114,182121,183714,191133,201586,201758,206790,210837,213734,226099,227491,242807,244195,244414,248006,249602,257070
133531,159907,173114,183714,186306,187150,191133,197362,201758,206106,206790,208445,210837,222697,226099,231840,235198,242807,244414,248006
135163,138795,145556,147292,152499,164417,192736,200507,209696,210473,219737,226510,226630,233423,237384,248685
120791,135099,135276,140579,145837,152680,157106,157293,172965,175662,177945,186080,186540,205077,212871
123288,163973,193677,196521,196794,211940,225486,250088,256103,257446,258611,275092
173114,182121,183714,206790,210837,226099,227491,228872,242807,244195,244414,248006,257070
120791,125035,135099,135276,140579,142838,143066,145837,152680,172965,175662,177945,186540,192232,206347,230464
149315,181206,186218,201699,203870,204484,207768,209994,213808,214895,216004,221365,230338,233379,235795,241634,288872
120791,135099,135276,140579,142838,143066,145837,152680,157106,157293,172965,175662,177945,180546,186540,192232,205077,206347,212871,230464
117929,134261,148383,151872,157567,169122,179742,187461,191638,200916,216481,224507,239214,240323
128133,129270,131555,132884,143493,154470,155362,156245,157908,158316,159515,165685,177783,221011
133531,173114,182121,183714,186306,187150,191133,197362,201758,206790,210837,213734,222697,226099,227491,228872,242807,244195,244414,248006,257070
121160,129308,130348,136891,145615,155700,157893,176749,177385,182972,189017,247063
173114,182121,191133,201586,201758,206790,226099,227491,228872,242807,244195,244414,248006,257070
159907,167960,173114,183714,186306,187150,195264,197362,206106,208445,210837,222697,226099,227491,228872,231840,235198,242807,244195,244414,248006
119990,123924,136825,158021,167197,177297,192435,194231,231699,241374,254605,258121,287404
155109,162855,168990,171883,174474,192018,196040,199349,204524,215063,223712,241330
135163,145502,147292,148854,164417,182103,200507,208825,210473,213669,213906,216150,226630,248685,262421
173114,182121,183714,191133,201586,201758,206790,210837,213734,226099,227491,228872,242807,244195,244414,248006,257070
135163,145502,145556,147292,148854,152499,164417,182103,183318,184181,200507,209696,210473,213669,216150,226510,226630,233423,237384,248685,262421
121608,135435,154554,162082,163837,166128,179298,179504,186334,191774,192450,216426,256049,269250
160047,173635,176457,215956,226260,226796,228180,228588,231289,239891,240612,242376,266191
133531,159907,173114,186306,187150,191133,197362,201758,206106,213734,222697,231840,235198,244414,248006
135163,138795,145556,147292,152499,164417,183318,192736,200507,209696,210473,216150,226510,226630,233423,237384,248685,262421
120411,122302,125287,151300,169936,172393,176475,187694,189120,217452,230652,250916,260438
122302,125287,151300,155692,156044,157951,169936,172341,172393,176475,187694,212760,217452
120791,135099,135276,140579,142838,143066,157106,157293,172965,175662,177945,180546,186540,192232,205077,212871,230464
135163,145502,145556,147292,148854,152499,164417,182103,183318,200507,210473,216150,226510,226630,233423,237384,248685,262421
118905,120211,130269,146587,182715,188622,189967,194078,202866,219093,232890,246044,270728,285426
138795,145556,152499,164417,187645,192736,197835,200507,209696,219737,226510,226630,237384,248685
124953,146608,165033,165472,188723,194420,194878,207732,228265,229193,229425,231457,237675,274066
135447,163995,170850,182516,203217,203549,205703,215055,217338,243321,262007,273087
128133,129270,131555,132884,143493,154470,155362,156245,157908,159515,165685,177783,204283,221011
133531,159907,173114,183714,186306,187150,191133,197362,201758,206106,206790,208445,210837,213734,222697,226099,227491,231840,235198,242807,244414,248006
120791,135099,135276,142838,143066,157106,157293,172965,175662,177945,180546,199770,212871,214789,225453,229644
135276,140579,142838,143066,172965,175662,180546,192232,199770,212871,214789,230464
118905,120211,130269,146587,151523,182715,187634,188622,188722,189967,194078,202866,219093,232890,246044,270728,285426
124953,146608,157879,162925,165033,165472,165992,172023,178362,188723,194420,206357,207732,229193
159907,167960,173114,186306,187150,195264,197362,206106,208445,210837,222697,231840,235198,242856
120211,146587,151523,154141,182715,186827,187634,188622,189967,193831,194078,235370,241812,246044,250743,267335,285426
133531,173114,191133,201586,201758,206790,210837,213734,226099,227491,244414,248006,249602,257070
159907,167960,171699,186408,187150,194095,195264,202077,206106,217454,222697,231840,235198,242856
149315,181206,186218,203870,204484,216004,221365,226562,233379,235795,237960,241634,288872
120791,135099,135276,142162,143066,152680,157106,157293,172965,175662,177945,180546,186080,186540,199770,205077,212871,225453
118905,120211,130269,151523,154141,183815,187634,188622,195569,219093,235370,246044,250743,267335
159907,167960,183714,186306,187150,195264,197362,208445,210837,222697,228872,231840,235198,242807
167960,173114,183714,186306,187150,197362,206790,208445,210837,222697,226099,227491,228872,231840,235198,242807,244195,244414,248006
135163,145502,145556,147292,148854,157748,182103,183318,184181,200507,209696,210473,216150,226510,226630,233423,237384,242310,248685,262421
118905,120211,130269,139102,146587,151523,154141,182715,183815,187634,188622,188722,189967,193831,194078,195569,202866,213828,219093,235370,241812,246044,250743,267335,270728,285426
125600,160955,161533,170764,196987,202814,202918,226562,229552,233553,248440,264860,288872
133531,173114,187150,191133,197362,201586,201758,206106,206790,210837,213734,226099,244414,248006
124953,146608,157879,162925,165033,165472,165992,172023,178362,188723,194420,194878,206357,207732,228265,229193,229425,237675,274066
124953,146608,157879,165033,165472,178362,188723,194420,194878,206357,207732,229193,229425,237675,274066
118905,120211,130269,151523,154141,182715,187634,188622,189967,195569,213828,219093,235370,241812,246044,250743,267335,285426
135163,145502,147292,147528,148854,150688,157748,164417,169732,182103,183318,184181,200507,210473,213669,216150,226510,226630,233423,242310,248685,262421
120791,135099,135276,140579,142838,145837,152680,157293,175662,177945,186540,192232,206347,230464
117929,134261,136067,148383,157567,169122,178143,179742,187461,216481,216619,224507,240323
124176,139621,156927,169674,185694,186684,198054,203374,203664,227463,232460,236366,257826
149315,181206,186218,201699,203870,204484,207768,209994,213808,214895,216004,221365,230338,233379,235795,237960,241634
159907,167960,173114,183714,186306,187150,195264,197362,208445,210837,222697,226099,227491,228872,231840,235198,242807,244414,248006
120791,125035,135099,135276,140579,142838,143066,145837,152680,157106,172965,175662,177945,186540,192232,206347,230464
135163,145502,145556,147292,147528,148854,150688,157748,164417,169732,182103,183318,184181,200507,210473,213669,216150,226510,226630,233423,237384,242310,248685,262421
124176,139621,156927,169674,185694,186684,198054,202544,203374,203664,227463,232460,236366,257826
138795,145556,148440,152499,187645,192736,197835,200507,209696,219737,226510,226630,233423,237384
139621,156927,169674,185694,186684,203374,203664,227463,232460,236366,243925,257826
120791,135099,135276,140579,142838,143066,145837,152680,157106,157293,172965,175662,177945,180546,186080,186540,192232,205077,212871
120791,135099,135276,142162,143066,157106,157293,172965,175662,177945,180546,199770,205077,212871,219314,225453,229644
135163,145502,147292,148854,164417,182103,183318,188090,200507,208825,210473,213669,213906,216150,226630,242310,248685,262421
135163,145502,147292,147528,148854,150688,157748,164417,169732,182103,183318,184181,188090,200507,208825,210473,213669,213906,216150,233423,242310,248685,262421
118905,120211,130269,139102,151523,154141,182715,183815,187634,188622,188722,189967,195569,213828,219093,235370,241812,246044,250743,267335,285426
135163,138795,145556,147292,152499,164417,192736,200507,209696,210473,219737,226510,226630,233423,237384,248685,262421
130655,177248,184674,188447,203536,203844,223448,226420,242742,249603,257996,261745
124953,146608,157879,165033,165472,165992,172023,178362,188723,194420,194878,206357,207732,229425,237675,274066
120791,135099,135276,142162,143066,152680,157106,157293,172965,175662,177945,180546,186080,199770,205077,212871,219314,225453,229644
149315,161533,186218,203870,204484,207768,214895,221365,226562,233379,233553,235795,241634,288872
118905,120211,130269,139102,146587,151523,182715,187634,188622,188722,189967,193831,194078,202866,219093,232890,235370,241812,246044,267335,270728,285426
120411,125287,151300,155692,156044,157951,169936,172341,172393,187694,189120,212760,217452,219765,230652
118905,120211,130269,146587,151523,182715,187634,188622,189967,194078,202866,219093,232890,235370,246044,270728,285426
135163,145502,147292,147528,148854,150688,157748,164417,182103,183318,184181,188090,200507,208825,210473,213669,213906,216150,242310,248685,262421
121608,135435,154554,163837,179298,179504,181293,186334,191774,192450,216426,269250
146608,157879,162925,165033,165992,172023,178362,188723,194420,206357,207732,229193
135163,145502,147292,148854,157748,164417,182103,183318,184181,188090,200507,208825,210473,213669,216150,226510,226630,233423,237384,242310,248685,262421
137626,167960,173114,183714,186306,197362,206790,208445,210837,222697,226099,227491,228872,235198,242807,244195,244414,248006
135163,138795,145502,145556,147292,152499,183318,184181,192736,200507,209696,210473,216150,226510,226630,233423,237384,262421
136419,144235,147056,158463,161425,165102,178664,187307,193138,210033,225545,227067,231668
125600,149315,161533,170764,186218,204484,214895,226562,233553,235795,241634,248440,288872
119990,123924,126571,136825,158021,164099,167197,177297,178149,192435,194231,204192,231699,241374,254605,287404
133531,173114,187150,191133,201586,201758,206790,210837,213734,226099,244414,248006
120411,122302,125287,151300,169936,172393,176475,187694,189120,217452,230652,250916
124953,146608,162925,165033,165472,188723,194420,194878,207732,228265,229193,229425,231457,237675,274066
124953,146608,157879,162925,165033,165472,178362,188723,194420,194878,206357,207732,228265,229193,229425,237675,274066
149315,186218,203870,204484,207768,213808,214895,221365,226562,230338,233379,235795,241634,288872
135163,145502,147292,147528,148854,150688,157748,164417,169732,182103,183318,184181,188090,200507,208825,210473,213669,216150,233423,242310,262421
134548,135774,136618,138900,150346,158973,162005,169871,185292,199462,205495,275809
120791,125035,135099,135276,140579,142838,143066,145837,157106,172965,175662,177945,180546,186540,192232,206347,212871,230464
149315,186218,203870,204484,207768,214895,221365,226562,233379,235795,241634,288872
135163,145502,145556,147292,148854,150688,152499,157748,164417,182103,183318,184181,200507,209696,210473,213669,216150,226510,226630,233423,237384,242310,248685,262421
137947,144229,146914,176033,176355,179404,179447,182945,194152,237400,255757,256230,291184
159907,167960,173114,183714,186306,187150,195264,197362,206106,208445,210837,222697,226099,231840,235198,242807,242856,248006
119990,123924,136825,158021,164099,167197,177297,192435,194231,204192,231699,241374,254605,258121,287404
120791,135276,142838,143066,157106,172965,175662,177945,180546,192232,199770,212871,214789,225453,230464
159907,167960,173114,183714,186306,187150,191133,195264,197362,201758,206106,206790,208445,210837,222697,226099,227491,231840,235198,242807,244414,248006
118905,120211,130269,139102,151523,154141,182715,187634,188622,188722,189967,194078,195569,213828,219093,235370,241812,246044,250743,267335,285426
118905,120211,130269,139102,146587,151523,154141,182715,186827,187634,188622,188722,189967,193831,194078,202866,219093,232890,235370,241812,246044,250743,267335,270728,285426
173114,182121,191133,201586,201758,206790,226099,227491,242807,244195,244414,248006,257070
135163,145502,145556,147292,148854,150688,157748,169732,182103,183318,184181,200507,210473,216150,226510,233423,242310,262421
120411,151300,157951,169936,172341,172393,176475,187694,189120,212760,217452,219765,230652
123288,163973,193677,196521,196794,211940,225486,229836,233464,250088,256103,257446,258611
118905,120211,130269,139102,154141,183815,187634,188722,195569,213828,219093,250743,267335
118905,120211,130269,146587,188622,188722,189967,194078,202866,219093,246044,270728,285426
120411,125287,151300,157951,169936,172393,176475,187694,189120,212760,217452,219765,230652,250916
124953,146608,162925,165033,165472,178362,188723,194420,194878,206357,207732,228265,229193,229425,237675,274066
118905,120211,130269,139102,151523,154141,183815,187634,188622,188722,189967,194078,202866,213828,219093,246044,250743,267335,285426
135276,142838,143066,172965,175662,180546,192232,199770,212871,214789,225453,230464
173114,182121,183714,186306,191133,197362,201758,206790,210837,226099,227491,228872,242807,244195,244414,248006,257070
133531,173114,183714,186306,187150,191133,197362,201758,206106,206790,210837,222697,226099,227491,228872,242807,244195,244414,248006,257070
135163,145502,145556,147292,147528,148854,150688,157748,164417,169732,182103,183318,184181,200507,210473,213669,216150,226510,226630,233423,242310,262421
120089,129593,135761,156417,159509,167176,168385,169374,198405,198756,219593,223519,237185
138795,145556,147292,152499,164417,183318,187645,192736,197835,200507,209696,210473,219737,226510,226630,233423,237384,248685
138261,153923,168742,183180,191110,192731,193276,195424,195790,203007,210912,275969
120791,142162,143066,157106,157293,172965,175662,180546,186080,199770,205077,212871,219314,225453,229644
118905,120211,130269,139102,146587,151523,182715,187634,188622,188722,189967,194078,202866,219093,232890,235370,241812,246044,250743,267335,270728,285426
167960,173114,183714,186306,187150,197362,208445,210837,222697,226099,227491,228872,231840,235198,242807,244195,244414,248006
135163,138795,145556,147292,152499,164417,183318,184181,192736,197835,200507,209696,210473,219737,226510,226630,233423,237384,248685,262421
129653,138795,148440,152499,187645,192736,197835,209696,219737,226510,226630,237384,240583
124953,146608,157879,162925,165033,165472,165992,172023,178362,188723,194420,194878,206357,207732,228265,229193,229425,237675
149315,161533,186218,203870,204484,214895,221365,226562,233379,233553,235795,241634,288872
124953,146608,165033,165472,178362,188723,194420,194878,207732,228265,229425,237675,274066
121608,129610,135435,154554,163837,179298,179504,181293,186334,191774,216426,236369
136736,138261,153923,183180,190558,191110,192731,195424,195790,198846,202599,203007,210912,275969
120791,135099,135276,140579,142838,143066,145837,152680,157106,157293,172965,175662,177945,180546,186080,186540,192232,205077,212871,230464
135163,145502,147292,147528,148854,150688,157748,164417,169732,182103,183318,184181,188090,208825,210473,213669,216150,233423,242310,262421
133531,173114,183714,187150,191133,197362,201758,206106,206790,210837,213734,222697,226099,227491,231840,242807,244414,248006
135163,145502,147292,148854,164417,182103,183318,184181,200507,208825,210473,213669,213906,216150,226510,226630,233423,237384,242310,248685,262421
138795,145556,152499,164417,192736,200507,209696,219737,226510,226630,237384,248685
167960,173114,183714,186306,187150,197362,206790,208445,210837,222697,226099,227491,228872,235198,242807,244195,244414,248006,257070
118905,120211,130269,146587,151523,154141,182715,186827,187634,188622,189967,193831,194078,202866,235370,241812,246044,250743,267335,285426
159907,167960,171699,187150,194095,195264,197362,202077,206106,208445,222697,231840,235198,242856
118905,120211,130269,146587,151523,154141,182715,186827,187634,188622,188722,189967,193831,194078,202866,219093,232890,235370,241812,246044,250743,267335,270728,285426
133531,159907,173114,187150,191133,197362,201758,206106,213734,222697,231840,235198
133531,159907,173114,186306,187150,191133,197362,201758,206106,208445,210837,222697,231840,235198,244414,248006
121160,129308,130348,136891,140211,145615,155700,157893,176749,177385,181656,193756,247063
135163,138795,145556,147292,152499,183318,192736,197835,200507,209696,210473,219737,226510,226630,233423,237384,248685,262421
135163,145502,147292,147528,148854,150688,157748,164417,169732,182103,183318,184181,188090,208825,210473,213669,213906,216150,242310,248685,262421
118905,120211,130269,146587,151523,182715,186827,187634,188622,189967,193831,194078,202866,219093,232890,235370,241812,246044,267335,270728,285426
133531,173114,183714,186306,187150,191133,197362,201758,206106,206790,208445,210837,213734,222697,226099,227491,231840,235198,242807,244414,248006,257070
124176,139621,156927,169674,185694,186684,198054,202544,203664,225155,229526,234431,243925,257826
159907,167960,171699,186306,187150,194095,195264,197362,202077,206106,208445,217454,222697,231840,235198,242856
137947,144229,146145,146914,176033,176355,179404,179447,182945,194152,194546,237400,255757,256230,291184
125035,135099,135276,140579,142838,145837,152680,172965,175662,177945,186540,192232,206347,230464
124176,139621,156927,169674,185694,186684,198054,203374,203664,225155,227463,229526,232460,236366,243925,257826
133531,173114,182121,183714,191133,201586,201758,206790,210837,213734,226099,227491,228872,242807,244195,244414,248006,257070
133531,159907,173114,186306,187150,191133,197362,201758,206106,206790,208445,210837,213734,222697,226099,231840,235198,244414,248006
141693,164910,175597,201799,225695,228431,238112,238729,240706,240996,242607,242909
120791,135099,135276,140579,145837,152680,157106,157293,172965,175662,177945,186080,186540,192232,205077,212871
118905,120211,130269,139102,146587,151523,154141,182715,183815,187634,188622,188722,189967,193831,194078,202866,213828,219093,235370,241812,246044,250743,267335,270728,285426
121160,129308,130348,136891,145615,155700,156800,157893,176749,177385,181656,182972,189017,193756,247063
133531,173114,183714,186306,187150,191133,197362,201758,206106,206790,208445,210837,213734,222697,226099,227491,228872,231840,242807,244195,244414,248006,257070
120791,135099,135276,142162,143066,157106,157293,172965,175662,177945,180546,186080,205077,212871,219314
135163,145502,147292,147528,148854,150688,157748,164417,182103,184181,188090,208825,210473,213669,213906,216150,242310,248685,262421
149315,181206,186218,203870,204484,207768,213808,214895,216004,221365,226562,230338,233379,235795,237960,241634,288872
118905,120211,130269,139102,151523,154141,183815,187634,188622,189967,195569,213828,219093,235370,246044,250743,267335,285426
135163,145502,147528,148854,150688,157748,164417,169732,182103,188090,208825,210473,213669,213906,216150,242310,262421
135276,142838,143066,157106,172965,175662,180546,192232,199770,212871,214789,225453,229644
133531,159907,173114,186306,187150,191133,197362,201758,206106,222697,231840,235198,244414
128876,142698,149537,176979,185443,202489,206770,209735,211873,215428,219114,227190
120791,135099,135276,143066,157106,157293,172965,175662,177945,180546,199770,205077,212871,219314,225453,229644
120791,135099,135276,140579,143066,145837,152680,157106,157293,172965,175662,177945,180546,186080,186540,192232,205077,212871
138795,145556,147292,152499,183318,184181,192736,197835,200507,209696,210473,226510,226630,233423,237384,262421
121160,129308,130348,136891,145615,155700,156800,157893,176749,177385,181656,182972,189017,247063
135163,138795,145502,145556,147292,148854,152499,157748,164417,182103,183318,184181,200507,209696,210473,216150,226510,226630,233423,237384,248685,262421
120791,135099,135276,142162,143066,152680,157106,157293,172965,175662,177945,180546,186080,186540,199770,205077,212871,219314,225453
135276,142838,143066,157106,172965,175662,180546,199770,212871,214789,225453,229644
119990,123924,136825,158021,164099,167197,177297,192435,194231,231699,241374,254605,258121,287404
118905,120211,130269,151523,154141,182715,183815,187634,188622,189967,195569,213828,219093,235370,246044,250743,267335,285426
120089,121441,129593,156417,159509,167176,168385,169374,182856,198405,198756,223519,237185,238042
159907,167960,171699,186306,187150,194095,195264,197362,202077,206106,208445,222697,231840,235198,242856
121160,129308,130348,136891,145615,156800,157893,176749,177385,181656,182972,189017,193756,247063
146608,157879,162925,165033,165472,165992,172023,178362,188723,194420,206357,207732,229193
120211,151523,154141,182715,187634,188622,189967,193831,195569,235370,241812,246044,250743,267335,285426
124176,139621,156927,169674,185694,186684,198054,202544,203664,227463,229526,232460,234431,236366,243925,257826
118905,120211,130269,139102,146587,151523,187634,188622,188722,189967,194078,202866,219093,246044,270728,285426
135163,145502,145556,147292,152499,183318,184181,192736,200507,209696,210473,216150,226510,226630,233423,237384,262421
135163,138795,145556,147292,148854,152499,164417,183318,200507,209696,210473,216150,226510,226630,233423,237384,248685,262421
118905,120211,130269,139102,154141,183815,187634,188622,188722,213828,219093,250743,267335
117929,148383,151872,157567,169122,179742,187461,200916,216481,216619,224507,239214,240323
133531,173114,182121,191133,201586,201758,206790,213734,226099,227491,244414,248006,249602,257070
135163,138795,145556,147292,152499,164417,192736,197835,200507,209696,210473,219737,226510,226630,233423,237384,248685,262421
120411,122302,125287,151300,155692,156044,157951,169936,172341,172393,176475,187694,189120,212760,217452,230652,250916
120791,135276,142838,143066,157106,172965,175662,180546,192232,199770,212871,214789,225453,229644
118905,120211,130269,139102,146587,151523,154141,182715,187634,188622,188722,189967,193831,194078,195569,202866,219093,235370,241812,246044,250743,267335,285426
125600,149315,161533,170764,186218,202814,204484,214895,221365,226562,233553,235795,241634,288872
159907,167960,173114,183714,186306,187150,195264,197362,206106,208445,210837,222697,228872,231840,235198,242807
135163,145502,145556,147292,148854,157748,182103,183318,184181,200507,209696,210473,216150,226510,226630,233423,237384,242310,262421
133531,159907,173114,186306,187150,191133,197362,201758,206106,208445,210837,213734,222697,226099,231840,235198,244414,248006
159907,167960,173114,183714,186306,187150,195264,197362,201758,206106,206790,208445,210837,222697,226099,227491,228872,231840,235198,242807,244414,248006,257070
135163,138795,145502,145556,147292,148854,152499,164417,182103,183318,200507,209696,210473,216150,226510,226630,233423,237384,248685,262421
133531,173114,187150,191133,197362,201758,206106,206790,210837,213734,222697,226099,227491,244414,248006
124176,139621,156927,169674,185694,186684,198054,202544,203374,203664,227463,232460,234431,236366,243925,257826
136736,138261,153923,183180,190558,191110,192731,195424,195790,198846,203007,210912,275969
124176,139621,156927,169674,185694,198054,202544,203664,225155,227463,229526,234431,243925,257826
135163,138795,145502,145556,147292,148854,152499,157748,164417,182103,183318,184181,200507,209696,210473,213669,216150,226510,226630,233423,237384,242310,248685,262421
118905,120211,130269,139102,146587,151523,182715,187634,188622,188722,189967,194078,202866,219093,232890,235370,241812,246044,267335,270728,285426
159907,167960,171699,186306,186408,187150,194095,195264,197362,202077,206106,208445,217454,222697,231840,235198,242856
173114,182121,183714,191133,201586,201758,206790,210837,226099,227491,228872,242807,244195,244414,248006,257070
120791,135099,135276,142838,143066,157106,157293,172965,175662,177945,180546,199770,205077,212871,225453,229644
133531,173114,183714,186306,187150,191133,197362,201758,206106,206790,208445,210837,222697,226099,227491,228872,231840,242807,244195,244414,248006,257070
133531,173114,187150,191133,197362,201586,201758,206106,206790,213734,226099,244414,248006
135163,145502,145556,147292,157748,183318,184181,200507,210473,216150,226510,226630,233423,262421
137626,167960,173114,183714,186306,197362,208445,210837,226099,228872,242807,248006
124953,146608,162925,165033,165472,172023,188723,194420,194878,207732,228265,229193,229425,237675,274066
124953,146608,162925,165033,165472,172023,178362,188723,194420,194878,207732,228265,229193,229425,237675,274066
149315,181206,201699,203870,207768,209994,213808,216004,221365,230338,233379,235795,237960,241634
124176,139621,156927,169674,185694,186684,198054,202544,203374,203664,225155,227463,229526,232460,236366,243925,257826
118905,120211,130269,139102,154141,187634,188622,188722,189967,194078,202866,213828,219093,246044,250743,267335,270728,285426
118905,120211,130269,139102,151523,154141,182715,187634,188622,189967,193831,194078,195569,202866,219093,235370,241812,246044,250743,267335,285426
133531,159907,173114,186306,187150,191133,197362,201758,206106,208445,210837,222697,226099,231840,235198,244414,248006
137626,173114,183714,186306,197362,206790,208445,210837,222697,226099,227491,228872,242807,244195,244414,248006,257070
159907,167960,173114,183714,186306,187150,195264,197362,206106,208445,210837,222697,226099,228872,231840,235198,242807,248006
173114,182121,183714,186306,187150,191133,197362,201758,206790,208445,210837,222697,226099,227491,228872,242807,244195,244414,248006,257070
137626,167960,173114,183714,186306,197362,208445,210837,222697,226099,227491,228872,235198,242807,244195,248006
159907,167960,171699,186408,194095,195264,202077,206106,217454,231840,235198,242856
125600,149315,161533,170764,186218,202814,203870,204484,221365,226562,233553,235795,241634,288872
118905,120211,130269,139102,151523,154141,182715,187634,188622,189967,193831,194078,195569,219093,235370,241812,246044,250743,267335,285426
120211,130269,146587,151523,154141,182715,186827,187634,188622,189967,193831,194078,202866,232890,235370,241812,246044,267335,270728,285426
125600,149315,170764,186218,204484,214895,221365,226562,233553,235795,241634,288872
120791,135099,135276,142162,152680,157106,157293,172965,175662,177945,186080,186540,205077,212871
159907,167960,171699,186306,187150,194095,195264,197362,202077,208445,222697,231840,235198,242856
135163,138795,145502,145556,147292,148854,152499,164417,183318,192736,200507,209696,210473,216150,226510,226630,233423,237384,248685,262421
159907,167960,173114,183714,186306,187150,195264,197362,208445,210837,222697,226099,228872,231840,235198,242807,248006
136736,153923,183180,191110,192731,195424,195790,198846,203007,210912,260668,275969
120411,122302,125287,151300,157951,169936,172341,172393,176475,187694,189120,217452,230652,250916
133531,173114,182121,183714,191133,197362,201758,206790,210837,213734,226099,227491,228872,242807,244195,244414,248006,257070
135163,145502,147292,147528,148854,150688,157748,169732,182103,183318,184181,188090,208825,213669,213906,216150,242310,262421
159907,173114,186306,187150,191133,195264,197362,201758,206106,208445,222697,231840,235198,244414,248006
135163,145502,147528,148854,150688,157748,164417,169732,182103,184181,188090,208825,210473,213669,213906,216150,242310,262421
137626,173114,182121,183714,206790,210837,226099,227491,228872,242807,244195,244414,248006,257070
118905,120211,130269,151523,154141,182715,187634,188622,189967,193831,195569,235370,241812,246044,250743,267335,285426
120791,135099,135276,142162,143066,152680,157106,157293,172965,175662,177945,180546,186080,205077,212871,219314
135163,145502,145556,147292,157748,183318,184181,200507,209696,210473,216150,226510,226630,233423,237384,262421
173114,183714,186306,187150,191133,197362,201758,206106,206790,208445,210837,222697,226099,227491,228872,231840,242807,244195,244414,248006,257070
147528,148854,150688,157748,169732,182103,188090,208825,213669,213906,216150,242310
120411,122302,125287,151300,157951,169936,172341,172393,176475,187694,189120,212760,217452,230652,250916
124953,146608,162925,165033,165472,165992,172023,178362,188723,194420,194878,206357,207732,228265,229193,229425,237675,274066
124953,146608,157879,162925,165033,165472,165992,172023,178362,188723,194420,194878,206357,207732,229193,229425,237675,274066
125600,160955,161533,170764,196987,202814,202918,229552,232621,233553,236954,248440,264860
145502,147292,147528,150688,157748,169732,182103,183318,184181,216150,233423,242310,262421
145502,147292,147528,148854,150688,157748,169732,182103,183318,184181,188090,213669,216150,242310,262421
167960,173114,183714,186306,187150,197362,208445,210837,222697,226099,227491,228872,235198,242807,244195,248006
117812,126327,134285,166706,166906,179246,180763,189140,190631,192623,203138,219424
120791,135099,135276,140579,142838,143066,152680,157106,157293,172965,175662,177945,180546,186540,192232,199770,205077,212871
120791,135276,142838,143066,157106,172965,175662,177945,180546,199770,212871,214789,225453,229644
120089,129593,135761,156417,159509,167176,168385,198405,198756,219593,223519,237185
118905,120211,130269,146587,151523,154141,182715,187634,188622,189967,193831,194078,195569,202866,219093,235370,241812,246044,250743,267335,285426
120791,125035,135099,135276,140579,142838,143066,145837,172965,175662,177945,180546,186540,192232,206347,212871,230464
149315,181206,186218,203870,204484,207768,214895,221365,226562,233379,233553,235795,241634,288872
120411,125287,151300,155692,156044,157951,169936,172341,172393,176475,187694,189120,212760,217452,219765,230652
118905,120211,130269,139102,146587,151523,182715,187634,188622,188722,189967,194078,202866,219093,232890,235370,246044,270728,285426
120791,135099,135276,143066,157106,172965,175662,177945,180546,199770,205077,212871,219314,225453,229644
120791,135099,135276,140579,142838,143066,157106,157293,172965,175662,177945,180546,192232,199770,212871,214789,230464
138261,153923,168742,183180,191110,192731,193276,195424,198846,203007,210912,275969
118905,120211,130269,139102,151523,154141,182715,183815,187634,188622,188722,189967,195569,213828,219093,235370,246044,250743,267335,285426
159907,167960,171699,187150,194095,195264,197362,202077,206106,208445,217454,222697,231840,235198,242856
135163,145502,145556,147292,148854,150688,152499,157748,164417,169732,182103,183318,184181,200507,209696,210473,216150,226510,226630,233423,237384,242310,248685,262421
135163,138795,145556,147292,152499,164417,200507,209696,210473,226510,226630,237384,248685
120411,125287,151300,155692,156044,157951,169936,172341,172393,176475,187694,189120,212760,217452,219765,230652,250916
133531,173114,183714,187150,191133,197362,201586,201758,206106,206790,210837,213734,222697,226099,227491,242807,244414,248006,257070
144492,148457,190972,204163,221293,233605,234042,237098,237298,239064,285792,292112
138795,145556,147292,152499,183318,187645,192736,197835,200507,209696,219737,226510,226630,233423,237384
173114,182121,191133,201586,201758,206790,213734,226099,227491,242807,244195,244414,248006,257070
120211,146587,151523,154141,182715,186827,187634,188622,189967,193831,194078,202866,232890,235370,241812,246044,250743,267335,270728,285426
159907,173114,186306,187150,191133,195264,197362,201758,206106,208445,222697,231840,235198,244414
133531,173114,187150,191133,197362,201586,201758,206106,206790,210837,213734,226099,227491,242807,244414,248006,257070
124176,139621,156927,169674,185694,186684,203374,203664,225155,227463,229526,232460,236366,243925,257826
135163,138795,145502,145556,147292,152499,183318,184181,192736,197835,200507,209696,210473,216150,226510,226630,233423,237384,248685,262421
128133,129270,131555,132884,143493,154470,156245,157908,159515,165685,177783,204283,221011
120791,135099,135276,140579,142838,145837,152680,157106,157293,172965,175662,177945,186540,192232,206347,212871,230464
120211,130269,151523,154141,182715,187634,188622,189967,195569,235370,241812,246044,250743,267335,285426
135163,145502,145556,147292,148854,150688,157748,164417,169732,182103,183318,184181,200507,209696,210473,216150,226510,226630,233423,237384,242310,248685,262421
135163,145502,147292,147528,148854,150688,157748,164417,169732,182103,183318,184181,188090,200507,210473,213669,216150,226630,233423,242310,248685,262421
135163,145502,147292,147528,150688,157748,169732,182103,183318,184181,210473,216150,233423,242310,262421
133531,173114,187150,191133,197362,201586,201758,206790,210837,213734,226099,227491,242807,244414,248006,257070
118905,120211,130269,139102,151523,154141,183815,187634,188622,189967,195569,213828,219093,235370,246044,250743,267335
159907,167960,173114,183714,186306,187150,195264,197362,206106,208445,210837,222697,226099,231840,235198,244414,248006
133531,173114,187150,191133,197362,201758,206106,213734,222697,226099,244414,248006
124176,139621,156927,169674,185694,186684,198054,202544,203664,225155,227463,229526,234431,243925,257826
135163,145502,147292,148854,164417,182103,183318,200507,210473,213669,216150,226510,226630,233423,237384,248685,262421
133531,173114,183714,186306,187150,191133,197362,201758,206106,206790,210837,213734,222697,226099,227491,231840,242807,244414,248006
120791,135099,135276,140579,142838,143066,145837,157106,157293,172965,175662,177945,180546,186540,192232,206347,212871,230464
120791,135099,135276,140579,142838,145837,152680,157106,157293,172965,175662,177945,186540,192232,206347,230464
120791,135099,135276,140579,142838,143066,145837,152680,157106,157293,172965,175662,177945,186540,192232,206347,212871,230464
120791,125035,135099,135276,140579,142838,143066,145837,152680,157106,172965,175662,177945,186540,192232,206347,212871,230464
123288,163973,193677,196521,196794,211940,225486,229836,233464,250088,256103,258611
135163,145502,147292,147528,148854,150688,157748,164417,169732,182103,183318,184181,188090,200507,208825,210473,213669,213906,216150,226630,233423,242310,248685,262421
120791,135099,135276,142162,143066,152680,157106,157293,172965,175662,177945,180546,186540,199770,205077,212871,219314,225453,229644
138795,145556,147292,152499,187645,192736,197835,200507,209696,210473,219737,226510,226630,233423,237384,248685
121160,129308,130348,136891,140211,145615,156800,157893,177385,181656,193756,247063
145502,147528,148854,150688,157748,169732,182103,184181,188090,208825,213669,213906,216150,242310
159907,173114,186306,187150,195264,197362,201758,206106,208445,222697,231840,235198
125600,149315,161533,186218,202814,203870,204484,226562,233553,235795,241634,288872
123924,126571,136825,158021,164099,167197,177297,178149,192435,194231,204192,231699,254605,258121,287404
135163,145502,147292,148854,164417,182103,183318,184181,200507,208825,210473,213669,216150,226510,226630,233423,237384,248685,262421
135163,145502,145556,147292,148854,152499,157748,164417,182103,183318,184181,188090,200507,208825,210473,213669,216150,226510,226630,233423,237384,242310,248685,262421
119990,126571,136825,158021,164099,167197,177297,178149,194231,204192,231699,241374,254605,287404
119895,124953,164007,165033,165472,188723,194420,194878,228265,229193,229425,231457,237675,274066
159907,167960,173114,183714,186306,187150,191133,195264,197362,201758,206106,206790,208445,210837,222697,226099,227491,228872,231840,235198,242807,244414,248006
149315,186218,203870,204484,207768,214895,221365,226562,233379,233553,235795,241634,288872
135163,138795,145502,145556,147292,152499,164417,183318,184181,192736,197835,200507,209696,210473,226510,226630,233423,237384,248685,262421
159907,167960,173114,186306,187150,195264,197362,206106,208445,210837,222697,231840,235198,242856,244414
137626,173114,182121,183714,191133,201758,206790,210837,226099,227491,228872,242807,244195,244414,248006,257070
137626,173114,183714,186306,206790,208445,210837,226099,227491,228872,242807,244195,244414,248006
120791,135099,135276,140579,142838,145837,152680,172965,175662,177945,186540,192232,206347,230464
137626,182121,183714,206790,210837,226099,227491,228872,242807,244195,244414,248006,257070
117929,134261,136067,148383,151872,157567,169122,178143,179742,187461,191638,200916,216619,224507,239214,240323
120791,135276,143066,157106,172965,175662,180546,199770,212871,214789,219314,225453,229644
135163,145502,147292,147528,148854,150688,157748,164417,182103,183318,184181,188090,200507,208825,210473,213669,213906,216150,226510,226630,233423,237384,242310,248685,262421
133531,173114,183714,186306,187150,191133,197362,201758,206106,206790,208445,210837,213734,222697,226099,227491,228872,231840,235198,242807,244414,248006,257070
137947,144229,146145,146914,176033,179404,179447,194152,194546,237400,255757,256230,291184
119895,124953,165033,165472,188723,194420,194878,207732,228265,229193,229425,231457,237675,274066
120791,135099,135276,142162,142838,143066,152680,157106,157293,172965,175662,177945,180546,186080,186540,199770,205077,212871
167960,173114,183714,186306,187150,197362,208445,210837,222697,226099,227491,228872,231840,235198,242807,244195,248006
149315,170764,186218,203870,204484,207768,214895,221365,226562,233379,233553,235795,241634,288872
137626,173114,182121,183714,186306,206790,210837,226099,227491,228872,242807,244195,244414,248006,257070
135163,138795,145502,145556,147292,148854,152499,164417,182103,183318,184181,200507,209696,210473,213669,216150,226510,226630,233423,237384,242310,248685,262421
122302,125287,151300,155692,156044,157951,169936,172341,172393,187694,212760,217452,230652
120791,135099,135276,142838,143066,152680,157106,157293,172965,175662,177945,180546,186540,192232,199770,205077,212871
159907,167960,173114,186306,187150,195264,197362,201758,206106,208445,210837,222697,231840,235198,244414,248006
120791,135099,135276,142838,143066,157106,157293,172965,175662,177945,180546,192232,199770,212871,214789,225453
124176,139621,156927,169674,185694,186684,198054,202544,203664,225155,227463,229526,232460,234431,236366,243925,257826
118905,120211,130269,146587,187634,188622,188722,189967,194078,202866,219093,246044,270728,285426
118905,120211,130269,139102,151523,154141,183815,187634,188622,188722,189967,195569,213828,219093,246044,250743,267335
120791,135099,135276,142162,142838,143066,152680,157106,157293,172965,175662,177945,180546,186540,199770,205077,212871,225453
120411,125287,151300,155692,156044,157951,169936,172341,172393,187694,212760,217452,219765,230652
135099,135276,140579,142838,145837,152680,175662,177945,186540,192232,206347,230464
155109,162855,168990,171883,174474,192018,196040,199349,215063,223712,241330,286770
123288,163973,193677,196521,196794,211940,225486,229836,233464,250088,256103,257446,258611,275092
173114,182121,191133,201586,201758,206790,210837,213734,226099,227491,228872,242807,244195,244414,248006,257070
149315,170764,186218,204484,207768,214895,221365,226562,233553,235795,241634,288872
117929,134261,136067,151872,157567,169122,178143,179742,187461,191638,200916,216481,224507,239214,240323
120791,135276,140579,142838,143066,157106,172965,175662,180546,192232,199770,212871,214789,230464
125650,126370,126638,148174,153718,156032,157796,166182,169826,175214,207731,221656
125600,149315,161533,170764,196987,202814,204484,226562,233553,241634,248440,288872
117812,126327,129662,134285,166706,166906,179246,180763,189140,190631,192623,203138,219424
119990,123924,126571,136825,158021,164099,167197,178149,192435,194231,204192,231699,241374,254605,258121,287404
138795,145556,147292,152499,183318,192736,197835,200507,209696,226510,226630,233423,237384
135163,145502,147292,147528,148854,150688,157748,169732,182103,183318,184181,210473,213669,216150,233423,242310,262421
125600,149315,161533,170764,186218,204484,214895,221365,226562,233553,235795,241634,288872
159907,167960,171699,186306,186408,187150,194095,195264,202077,206106,208445,217454,222697,231840,235198,242856
173114,183714,186306,187150,197362,206790,208445,210837,222697,226099,227491,228872,235198,242807,244195,244414,248006,257070
146587,151523,182715,186827,188622,189967,193831,194078,202866,232890,235370,241812,246044,270728,285426
136419,144235,147056,158463,161425,165102,178664,187307,193138,210033,225545,227067,245432
124953,146608,162925,165033,165472,172023,188723,194878,207732,228265,229193,229425,237675,274066
135163,145502,147292,150688,157748,169732,182103,183318,184181,200507,210473,216150,233423,242310,262421
135163,145502,147292,148854,152499,164417,182103,183318,184181,200507,210473,213669,216150,226510,226630,233423,237384,248685,262421
121160,129308,130348,136891,140211,145615,156800,157893,177385,181656,182972,189017,193756,247063
120791,135099,135276,142162,152680,157106,157293,175662,177945,186080,186540,205077
120211,146587,151523,154141,182715,186827,187634,188622,189967,193831,194078,202866,235370,241812,246044,250743,267335,285426
146608,157879,162925,165033,165472,165992,172023,178362,188723,194420,206357,207732,229193,237675
121160,129308,130348,136891,140211,145615,155700,157893,176749,177385,181656,193756
121160,129308,130348,145615,156800,157893,177385,181656,182972,189017,193756,247063
181206,186218,201699,203870,204484,207768,209994,213808,214895,221365,230338,233379,235795,241634,288872
118905,120211,130269,139102,146587,151523,154141,182715,187634,188622,188722,189967,194078,202866,213828,219093,235370,246044,250743,267335,270728,285426
125600,160955,161533,170764,196987,202814,202918,226562,229552,233553,248440,264860
135163,145502,145556,147292,147528,148854,150688,157748,164417,169732,182103,183318,184181,188090,200507,210473,213669,216150,226510,226630,233423,237384,242310,248685,262421
120089,121441,129593,156417,167176,168385,169374,182856,198405,198756,223519,237185,238042
159907,167960,183714,186306,187150,195264,197362,206106,208445,210837,222697,228872,231840,235198,242807
146587,151523,154141,182715,186827,188622,189967,193831,194078,202866,235370,241812,246044,250743,267335,285426
124953,146608,162925,165033,165472,172023,188723,194878,207732,228265,229193,229425,237675
133531,173114,186306,187150,191133,197362,201758,206106,206790,210837,213734,222697,226099,227491,231840,242807,244414,248006
124176,139621,156927,185694,186684,198054,202544,203374,203664,227463,232460,234431,236366
159907,173114,183714,186306,187150,191133,197362,201758,206106,206790,208445,210837,222697,226099,227491,228872,231840,235198,242807,244195,244414,248006,257070
135163,145502,145556,147292,148854,150688,152499,157748,164417,169732,182103,183318,184181,200507,209696,210473,213669,216150,226510,226630,233423,237384,242310,248685,262421
120411,151300,155692,156044,157951,169936,172341,172393,212760,217452,219765,230652
144235,147056,158463,161425,165102,178664,187307,193138,210033,225545,227067,231668,245432
135163,145502,147528,148854,150688,157748,164417,182103,188090,208825,213669,213906,216150,242310,262421
135163,145502,147292,147528,148854,164417,182103,183318,184181,188090,200507,208825,210473,213669,213906,216150,242310,248685,262421
159907,167960,173114,183714,186306,187150,195264,197362,206106,208445,210837,222697,226099,231840,235198,242807,242856,244414,248006
118905,120211,130269,146587,151523,154141,182715,186827,187634,188622,189967,193831,194078,202866,219093,235370,241812,246044,250743,267335,270728,285426
125600,149315,161533,186218,203870,204484,207768,214895,221365,226562,233379,233553,235795,241634,288872
159907,167960,171699,186306,187150,195264,197362,202077,206106,208445,222697,231840,235198,242856
135163,138795,145556,147292,152499,183318,184181,192736,197835,200507,209696,210473,219737,226510,226630,233423,237384,248685,262421
135163,138795,145502,145556,147292,152499,157748,182103,183318,184181,200507,209696,210473,216150,226510,226630,233423,237384,248685,262421
125600,149315,161533,170764,186218,202814,204484,214895,221365,226562,233553,235795,241634,248440,288872
119990,126571,136825,158021,164099,167197,177297,178149,192435,194231,204192,231699,241374,254605,258121,287404
121608,135435,154554,162082,163837,179298,179504,181293,186334,191774,192450,216426,269250
135276,140579,142838,143066,145837,157106,172965,175662,180546,192232,206347,212871,214789,230464
146587,151523,154141,182715,186827,188622,189967,193831,194078,235370,241812,246044,250743,267335,285426
135163,145502,147292,147528,148854,150688,157748,164417,182103,184181,188090,200507,208825,210473,213669,213906,216150,242310,248685,262421
149315,181206,186218,201699,203870,204484,207768,209994,213808,214895,216004,221365,230338,233379,235795,241634
125600,149315,161533,170764,186218,196987,202814,204484,226562,233553,248440,288872
136736,138261,153923,183180,191110,192731,195424,195790,198846,203007,210912,260668,275969
149315,181206,186218,203870,204484,207768,213808,214895,221365,226562,230338,233379,235795,241634,288872
159907,173114,183714,186306,187150,191133,197362,201758,206106,206790,208445,210837,222697,226099,227491,228872,231840,235198,242807,244414,248006,257070
120791,135276,140579,142838,143066,145837,157106,172965,175662,177945,180546,192232,206347,212871,214789,230464
135163,145502,147292,150688,157748,169732,182103,183318,184181,210473,216150,233423,242310,262421
120791,135099,135276,143066,152680,157106,157293,172965,175662,177945,180546,199770,205077,212871,219314,225453,229644
120791,135099,135276,140579,142838,143066,157106,157293,172965,175662,177945,180546,186540,192232,199770,212871,230464
159907,167960,171699,187150,195264,197362,202077,206106,208445,214136,222697,231840,235198,242856
121608,135435,162082,163837,166128,179298,179504,186334,191774,192450,216426,269250
135163,138795,145556,147292,152499,164417,200507,209696,210473,226510,226630,233423,237384,248685
118905,120211,130269,139102,151523,154141,183815,187634,188622,188722,189967,194078,195569,213828,219093,246044,250743,267335
