297,2122,2224
3158,5032,12197
2069,7288,13112,13493
4202,7338,11838
11774,12063,12271
3288,6155,11662
3145,6914,17173
6179,7879,13985
3215,5434,14188
6256,6851,18259
6766,7929,16340
9170,11163,12643
2783,15033,19387
3512,6337,14404
5733,16325,16790
2069,13112,13493
4268,13891,19309
3926,5355,14599
2244,9904,15582
712,1908,13311
6768,10361,17055
3512,6337,12427,14404,16044
6904,7009,9873
3512,6337,12427
837,11361,12557
2069,10553,13112,13493
297,2122,13909
651,2134,8946
4424,6155,11662
6768,11201,17055
6337,12427,16044
726,6951,13168
490,1247,19203
7288,10553,13112,13493
1640,7351,17230
1587,2151,18967
1891,8502,18347
6,8067,15319
16236,17120,17647
6736,10499,17191
6624,8298,18675
8896,13782,15282
4404,4676,12378
9897,11112,19309
9705,13000,14093
3215,5434,10475,14188
7288,10553,13493
9191,9390,12759
7783,16240,16714
11509,13746,14130
651,2134,15834
1400,7249,16699
7288,10553,13112
3512,6337,12427,14404
2069,7288,10553,13112,13493
1132,11616,15685
11774,12063,12271,17731
329,3640,9416
6768,10361,11201,17055
1122,3202,4136
2087,2450,3749,5424
6768,10361,11201
3512,6337,12427,16044
2087,3749,5424
578,3081,6681
2109,6736,10499
712,13311,18789
2332,12308,16666
4202,11838,14168
3288,4424,6155,11662
557,5892,12540
4202,14168,17544
557,5892,10546
4153,10421,16403
8395,11253,15262
578,3081,6681,9624
2895,8858,9801
2783,9805,15033,19387
4485,7403,16520
3675,4656,10501
2087,2450,3749
7935,13410,19263
2069,7288,10553,13493
3866,8688,16766
2294,8184,13077
2069,7288,13493
11774,12271,17731
621,9873,18496
2127,3158,12197
5598,5950,6019
1851,4105,10883
1099,11797,13110
3062,15908,18028
2069,10553,13112
4574,6691,7530
7446,16256,17419
5032,6691,12197
4670,7236,9982
8856,9862,10233
9191,9390,10130
4305,4895,12925
61,3786,13791
3675,4656,10501,10984
10789,14609,18664
5434,10475,14188
14723,14747,17829
578,3081,9624
9191,9390,10130,12759
3675,10501,10984
3675,4656,10984
2783,9805,19387
3525,8667,15606
