297,2122,2224
3288,6155,11662
4202,7338,11838
3158,5032,12197
6179,7879,13985
2069,7288,13112,13493
11774,12063,12271
6256,6851,18259
3215,5434,14188
9170,11163,12643
297,2224,13909
2783,15033,19387
6766,7929,16340
2069,13112,13493
11578,12063,17465
3926,5355,14599
2244,9904,15582
4268,13891,19309
5733,16325,16790
712,1908,13311
3512,6337,14404
3512,6337,12427,14404,16044
837,11361,12557
2069,10553,13112,13493
6768,10361,17055
3512,6337,12427
297,2122,13909
13736,13770,19142
4424,6155,11662
651,2134,8946
3078,5733,13044
6768,11201,17055
7288,10553,13112,13493
726,6951,13168
6337,12427,16044
1640,7351,17230
1891,8502,18347
490,1247,19203
1851,4105,10883,19624
6180,16743,17563
6,8067,15319
6624,8298,18675
8896,13782,15282
4404,4676,12378
3215,5434,10475,14188
9897,11112,19309
9705,13000,14093
7288,10553,13493
9191,9390,12759
7783,16240,16714
11509,13746,14130
1640,4394,7351
3512,6337,12427,14404
1400,7249,16699
2069,7288,10553,13112,13493
7288,10553,13112
14865,14966,16000
329,3640,9416
6768,10361,11201,17055
1132,11616,15685
11774,12063,12271,17731
1122,3202,4136
2087,2450,3749,5424
6768,10361,11201
2087,3749,5424
578,3081,6681
3512,6337,12427,16044
2332,12308,16666
4202,11838,14168
4202,14168,17544
3288,4424,6155,11662
557,5892,12540
4153,10421,16403
4202,7338,11838,14168
2895,8858,9801
1851,4105,19624
8395,11253,15262
6904,9873,18496
578,3081,6681,9624
4485,7403,16520
2087,2450,3749
2294,8184,13077
7935,13410,19263
3675,4656,10501
621,9873,18496
3866,8688,16766
2069,7288,13493
11774,12271,17731
2127,3158,12197
1099,11797,13110
5598,5950,6019
297,2122,2224,13909
3062,15908,18028
7338,11838,14168
7446,16256,17419
4574,6691,7530
8856,9862,10233
5032,6691,12197
4670,7236,9982
10789,14609,18664
4305,4895,12925
9390,10130,12759
61,3786,13791
8741,16240,16641
3675,4656,10501,10984
5434,10475,14188
9191,9390,10130,12759
3675,10501,10984
14723,14747,17829
578,3081,9624
3675,4656,10984
10553,13112,13493
1851,10883,19624
3525,8667,15606
2783,9805,19387
