121581,133531,159907,163908,165669,167960,171699,173114,186306,187150,191133,194095,195264,197362,201586,201758,202077,204175,206106,206790,208445,210726,213734,214136,216720,217317,217454,222697,223498,226099,231840,235198,242856,244414,246790,248006,249217,249602,251923,289851
121581,133531,159907,163908,165669,167960,171699,173114,186306,187150,191133,195264,197362,201586,201758,202077,204175,206106,206790,208445,210726,213734,214136,216720,217317,217454,222697,223498,226099,231840,235198,242856,244414,246790,248006,249217,249602,251923,257070,289851
121581,133531,159907,163908,165669,171699,173114,182121,186306,187150,191133,195264,197362,201586,201758,202077,204175,206106,206790,208445,210726,213734,214136,216720,217317,222697,223498,226099,231840,235198,242856,244414,246790,248006,249217,249602,251923,257070,289851
121581,133531,159907,163908,165669,173114,187150,191133,197362,201586,201758,204175,206106,210726,213734,214136,216720,217317,222697,223498,231840,235198,242856,246790,249217,249602,251923,289851
121581,133531,159907,163908,165669,167960,171699,173114,186306,187150,191133,194095,195264,197362,201586,201758,202077,204175,206106,206790,208445,210726,213734,214136,216720,217317,217454,222697,223498,226099,231840,235198,242856,244414,246790,248006,249217,249602,251923,257070,289851
121581,133531,159907,163908,165669,167960,171699,173114,182121,186306,187150,191133,194095,195264,197362,201586,201758,202077,204175,206106,206790,208445,210726,213734,214136,216720,217317,217454,222697,223498,226099,231840,235198,242856,244414,246790,248006,249217,249602,251923,257070,289851
121581,133531,159907,163908,165669,171699,173114,187150,191133,195264,197362,201586,201758,204175,206106,206790,210726,213734,214136,216720,217317,222697,223498,231840,235198,242856,244414,246790,248006,249217,249602,251923,289851
121581,133531,159907,163908,165669,167960,171699,173114,182121,186306,186408,187150,191133,194095,195264,197362,201586,201758,202077,204175,206106,206790,208445,210726,210837,213734,214136,216720,217317,217454,222697,223498,226099,227491,231840,235198,242807,242856,244414,246790,248006,249217,249602,251923,257070,289851
121581,133531,159907,163908,165669,171699,173114,187150,191133,195264,197362,201586,201758,204175,206106,206790,210726,213734,214136,216720,217317,222697,223498,231840,235198,242856,244414,246790,248006,249217,249602,251923,289851
121581,133531,159907,163908,165669,167960,171699,173114,182121,183714,186306,186408,187150,191133,194095,195264,197362,201586,201758,202077,204175,206106,206790,208445,210726,210837,213734,214136,216720,217317,217454,222697,223498,226099,227491,231840,235198,242807,242856,244195,244414,246790,248006,249217,249602,251923,257070,289851
121581,133531,159907,163908,165669,171699,173114,182121,187150,191133,195264,197362,201586,201758,202077,204175,206106,206790,208445,210726,213734,214136,216720,217317,222697,223498,226099,231840,235198,242856,244414,246790,248006,249217,249602,251923,257070,289851
121581,133531,159907,163908,165669,171699,173114,187150,191133,195264,197362,201586,201758,204175,206106,210726,213734,214136,216720,217317,222697,223498,231840,235198,242856,244414,246790,249217,249602,251923,289851
121581,133531,159907,163908,165669,171699,173114,187150,191133,195264,197362,201586,201758,202077,204175,206106,206790,210726,213734,214136,216720,217317,217454,222697,223498,231840,235198,242856,244414,246790,248006,249217,249602,251923,289851
121581,133531,159907,163908,165669,171699,173114,187150,191133,195264,197362,201586,201758,202077,204175,206106,206790,210726,213734,214136,216720,217317,217454,222697,223498,231840,235198,242856,244414,246790,248006,249217,249602,251923,289851
121581,133531,159907,163908,165669,167960,171699,173114,182121,186306,187150,191133,194095,195264,197362,201586,201758,202077,204175,206106,206790,208445,210726,210837,213734,214136,216720,217317,217454,222697,223498,226099,227491,231840,235198,242856,244414,246790,248006,249217,249602,251923,257070,289851
121581,133531,159907,163908,165669,171699,173114,187150,191133,195264,197362,201586,201758,202077,204175,206106,206790,210726,213734,214136,216720,217317,222697,223498,231840,235198,242856,244414,246790,248006,249217,249602,251923,289851
121581,133531,159907,163908,165669,171699,173114,186306,187150,191133,195264,197362,201586,201758,202077,204175,206106,206790,208445,210726,213734,214136,216720,217317,222697,223498,226099,231840,235198,242856,244414,246790,248006,249217,249602,251923,257070,289851
121581,133531,159907,163908,165669,167960,171699,173114,182121,186306,187150,191133,195264,197362,201586,201758,202077,204175,206106,206790,208445,210726,213734,214136,216720,217317,222697,223498,226099,231840,235198,242856,244414,246790,248006,249217,249602,251923,257070,289851
121581,133531,159907,163908,165669,171699,173114,187150,191133,195264,197362,201586,201758,202077,204175,206106,206790,208445,210726,213734,214136,216720,217317,217454,222697,223498,231840,235198,242856,244414,246790,248006,249217,249602,251923,289851
121581,133531,159907,163908,165669,167960,171699,173114,182121,186306,187150,191133,194095,195264,197362,201586,201758,202077,204175,206106,206790,208445,210726,210837,213734,214136,216720,217317,217454,222697,223498,226099,227491,231840,235198,242807,242856,244414,246790,248006,249217,249602,251923,257070,289851
121581,133531,159907,163908,165669,171699,173114,187150,191133,195264,197362,201586,201758,202077,204175,206106,206790,210726,213734,214136,216720,217317,222697,223498,231840,235198,242856,244414,246790,248006,249217,249602,251923,289851
121581,133531,159907,163908,165669,167960,171699,173114,186306,187150,191133,195264,197362,201586,201758,202077,204175,206106,206790,208445,210726,213734,214136,216720,217317,217454,222697,223498,226099,231840,235198,242856,244414,246790,248006,249217,249602,251923,257070,289851
121581,133531,159907,163908,165669,173114,187150,191133,195264,197362,201586,201758,204175,206106,210726,213734,214136,216720,217317,222697,223498,231840,235198,242856,244414,246790,249217,249602,251923,289851
121581,133531,159907,163908,165669,167960,171699,173114,186306,187150,191133,195264,197362,201586,201758,202077,204175,206106,206790,208445,210726,213734,214136,216720,217317,217454,222697,223498,226099,231840,235198,242856,244414,246790,248006,249217,249602,251923,257070,289851
121581,133531,159907,163908,165669,167960,171699,173114,182121,183714,186306,186408,187150,191133,194095,195264,197362,201586,201758,202077,204175,206106,206790,208445,210726,210837,213734,214136,216720,217317,217454,222697,223498,226099,227491,231840,235198,242807,242856,244414,246790,248006,249217,249602,251923,257070,289851
121581,133531,159907,163908,165669,171699,173114,186306,187150,191133,195264,197362,201586,201758,202077,204175,206106,206790,208445,210726,213734,214136,216720,217317,217454,222697,223498,226099,231840,235198,242856,244414,246790,248006,249217,249602,251923,289851
121581,133531,159907,163908,165669,171699,173114,187150,191133,195264,197362,201586,201758,202077,204175,206106,206790,208445,210726,213734,214136,216720,217317,217454,222697,223498,231840,235198,242856,244414,246790,248006,249217,249602,251923,289851
121581,133531,159907,163908,165669,167960,171699,173114,186306,187150,191133,195264,197362,201586,201758,202077,204175,206106,206790,208445,210726,213734,214136,216720,217317,217454,222697,223498,226099,231840,235198,242856,244414,246790,248006,249217,249602,251923,289851
121581,133531,159907,163908,165669,167960,171699,173114,182121,186306,187150,191133,195264,197362,201586,201758,202077,204175,206106,206790,208445,210726,213734,214136,216720,217317,217454,222697,223498,226099,227491,231840,235198,242856,244414,246790,248006,249217,249602,251923,257070,289851
121581,133531,159907,163908,165669,167960,171699,173114,186306,187150,191133,195264,197362,201586,201758,202077,204175,206106,206790,208445,210726,213734,214136,216720,217317,217454,222697,223498,226099,231840,235198,242856,244414,246790,248006,249217,249602,251923,289851
121581,133531,159907,163908,165669,171699,173114,187150,191133,195264,197362,201586,201758,202077,204175,206106,206790,208445,210726,213734,214136,216720,217317,222697,223498,226099,231840,235198,242856,244414,246790,248006,249217,249602,251923,257070,289851
121581,133531,159907,163908,165669,171699,173114,187150,191133,195264,197362,201586,201758,202077,204175,206106,206790,210726,213734,214136,216720,217317,222697,223498,231840,235198,242856,244414,246790,248006,249217,249602,251923,289851
121581,133531,159907,163908,165669,167960,171699,173114,182121,186306,186408,187150,191133,194095,195264,197362,201586,201758,202077,204175,206106,206790,208445,210726,210837,213734,214136,216720,217317,217454,222697,223498,226099,227491,231840,235198,242856,244414,246790,248006,249217,249602,251923,257070,289851
121581,133531,159907,163908,165669,167960,171699,173114,182121,183714,186306,186408,187150,191133,194095,195264,197362,201586,201758,202077,204175,206106,206790,208445,210726,210837,213734,214136,216720,217317,217454,222697,223498,226099,227491,228872,231840,235198,242807,242856,244195,244414,246790,248006,249217,249602,251923,257070,289851
121581,133531,159907,163908,165669,167960,171699,173114,186306,187150,191133,195264,197362,201586,201758,202077,204175,206106,206790,208445,210726,213734,214136,216720,217317,217454,222697,223498,226099,231840,235198,242856,244414,246790,248006,249217,249602,251923,289851
121581,133531,159907,163908,165669,167960,171699,173114,182121,186306,187150,191133,194095,195264,197362,201586,201758,202077,204175,206106,206790,208445,210726,213734,214136,216720,217317,217454,222697,223498,226099,227491,231840,235198,242856,244414,246790,248006,249217,249602,251923,257070,289851
121581,133531,159907,163908,165669,171699,173114,187150,191133,195264,197362,201586,201758,202077,204175,206106,206790,208445,210726,213734,214136,216720,217317,222697,223498,226099,231840,235198,242856,244414,246790,248006,249217,249602,251923,289851
121581,133531,159907,163908,165669,171699,173114,182121,187150,191133,195264,197362,201586,201758,202077,204175,206106,206790,210726,213734,214136,216720,217317,222697,223498,226099,231840,235198,242856,244414,246790,248006,249217,249602,251923,257070,289851
121581,133531,159907,163908,165669,167960,171699,173114,182121,186306,187150,191133,195264,197362,201586,201758,202077,204175,206106,206790,208445,210726,213734,214136,216720,217317,217454,222697,223498,226099,231840,235198,242856,244414,246790,248006,249217,249602,251923,257070,289851
121581,133531,159907,163908,165669,173114,187150,191133,195264,197362,201586,201758,204175,206106,210726,213734,214136,216720,217317,222697,223498,231840,235198,242856,246790,249217,249602,251923,289851
121581,133531,159907,163908,165669,187150,191133,201586,201758,204175,206106,210726,213734,214136,216720,217317,223498,231840,242856,246790,249217,249602,251923,289851
121581,133531,159907,163908,165669,173114,187150,191133,197362,201586,201758,204175,206106,210726,213734,214136,216720,217317,222697,223498,231840,235198,242856,244414,246790,249217,249602,251923,289851
121581,133531,159907,163908,165669,167960,171699,173114,186306,187150,191133,195264,197362,201586,201758,202077,204175,206106,206790,208445,210726,213734,214136,216720,217317,217454,222697,223498,231840,235198,242856,244414,246790,248006,249217,249602,251923,289851
