274 (1)
32 69 (1)
3 39 48 (1)
30 31 32 (1)
33 34 35 (1)
82 83 84 (1)
39 48 262 (1)
48 230 254 (1)
48 70 71 72 (1)
225 226 227 (1)
41 85 86 87 88 (1)
36 38 39 48 89 (1)
48 134 135 136 (1)
39 150 151 152 (1)
39 184 185 186 (1)
39 243 244 245 (1)
38 39 41 109 110 (1)
32 41 59 60 61 62 (1)
63 64 65 66 67 68 (1)
38 39 56 153 154 155 (1)
39 48 65 251 252 253 (1)

160 48 156 157 158 159 (1)
271 39 242 268 269 270 (1)
77 39 79 78 73 74 75 76 (1)
81 39 48 38 41 36 79 80 (1)
188 48 38 41 36 140 187 (1)
231 39 48 41 230 228 229 (1)
167 161 162 163 164 165 166 (1)
250 39 48 41 246 247 248 249 (1)
273 39 48 79 146 237 256 272 (1)
178 39 48 41 32 174 175 176 177 (1)
173 39 48 38 168 169 170 171 172 (1)
267 39 38 36 225 263 264 265 266 (1)
46 39 38 41 36 37 40 42 43 44 45 (1)
215 39 65 193 210 211 212 213 214 (1)
108 39 41 102 103 104 105 106 107 (1)
183 39 48 38 32 47 179 180 181 182 (1)
118 39 111 112 113 114 115 116 117 (1)
209 39 201 202 203 204 205 206 207 208 (1)
58 39 48 38 56 49 50 51 52 53 54 55 57 (1)
224 179 216 217 218 219 220 221 222 223 (1)
261 39 48 242 66 78 256 255 257 258 259 260 (1)
101 39 48 89 90 91 92 93 94 95 96 97 98 99 100 (1)
241 39 38 36 242 237 232 233 234 235 236 238 239 240 (1)
149 39 48 140 146 137 138 139 141 142 143 144 145 147 148 (1)
200 39 48 186 193 189 190 191 192 194 195 196 197 198 199 (1)
133 119 120 121 122 123 124 125 126 127 128 129 130 131 132 (1)
29 3 0 1 2 4 5 6 7 8 9 10 11 12 13 14 15 16 17 18 19 20 21 22 23 24 25 26 27 28 (1)
