3,-319289.233955,4469417.76046
3,-324827.633739,4470022.55724
3,-319325.899018,4469426.46522
3,-316564.778123,4469128.18056
3,-329288.559283,4470514.31392
3,-314308.828833,4468888.71214
3,-323986.997413,4469938.91576
3,-320823.316307,4469599.32689
3,-319942.693603,4469505.36824
3,-337077.692447,4471384.73122
3,-320932.172124,4469618.97248
3,-317300.297673,4469226.38065
3,-324021.527364,4469956.87245
3,-324009.418887,4469961.40868
3,-320892.154931,4469626.17461
3,-324796.437954,4470054.25921
3,-316488.188164,4469152.73948
3,-319309.210691,4469458.10112
3,-327038.53661,4470300.80466
3,-329294.640327,4470549.26055
3,-320398.07726,4469580.96451
3,-317346.62155,4469255.29616
3,-319909.271633,4469533.54369
3,-320823.195995,4469638.72946
3,-329300.151956,4470570.11525
3,-346303.878301,4472456.60719
3,-319329.215449,4469484.59387
3,-319317.287306,4469484.31409
3,-319327.372081,4469487.20927
3,-313218.45911,4468829.29256
3,-329302.751632,4470579.29325
3,-319526.070365,4469518.16954
3,-321011.948881,4469680.31659
3,-319318.090209,4469497.68916
3,-313511.439224,4468870.61816
3,-327001.120804,4470336.17085
3,-328278.316551,4470477.39189
3,-329318.119659,4470592.01978
3,-332118.512782,4470905.36459
3,-329249.990088,4470594.10553
3,-326931.015881,4470344.4551
3,-317423.117349,4469310.48034
3,-317486.97906,4469319.76427
3,-329248.113308,4470609.86191
3,-321896.008578,4469808.59758
3,-319295.564635,4469528.0165
3,-323182.657844,4469957.48726
3,-324646.709193,4470121.07215
3,-313244.658232,4468886.9414
3,-319319.528739,4469543.5649
3,-326083.278394,4470280.10536
3,-325439.314188,4470211.19029
3,-328316.335454,4470527.51926
3,-346300.307912,4472521.21091
3,-313274.814392,4468894.12697
3,-329167.909016,4470621.89916
3,-324647.859589,4470127.7641
3,-319985.011615,4469621.37917
3,-324734.673529,4470138.36587
3,-322912.876294,4469943.86869
3,-324548.07041,4470127.5736
3,-328109.709542,4470518.61135
3,-314417.558968,4469035.08725
3,-320982.655724,4469746.37086
3,-319902.816992,4469632.16764
3,-313276.394634,4468916.47665
3,-319327.482928,4469578.09782
3,-313308.906875,4468932.35996
3,-327197.15878,4470440.94784
3,-324523.04389,4470151.68243
3,-321890.318428,4469866.16958
3,-329087.058395,4470656.10304
3,-329092.711595,4470657.51197
3,-317632.317486,4469410.81969
3,-327065.83349,4470441.81481
3,-340918.292895,4471973.81582
3,-313329.716288,4468960.38187
3,-316366.370056,4469288.38921
3,-319297.666505,4469608.53549
3,-319306.884907,4469613.0259
3,-329002.267915,4470673.60885
3,-323990.769223,4470126.06509
3,-317502.477697,4469421.91676
3,-324444.359513,4470176.51379
3,-332133.22242,4471020.22817
3,-329330.928153,4470716.66424
3,-319317.655495,4469624.77907
3,-329051.783478,4470692.7066
3,-337018.829618,4471571.63489
3,-325430.8917,4470309.38822
3,-330147.010279,4470827.23617
3,-317514.115959,4469456.58523
3,-326096.716721,4470391.84604
3,-316288.173552,4469345.00249
3,-329334.276332,4470768.28731
3,-320940.733292,4469854.65808
3,-316203.469032,4469346.05463
3,-317317.614994,4469467.64654
3,-326126.055259,4470432.6747
3,-313411.604281,4469055.2119
3,-317603.250104,4469516.90032
3,-328820.265713,4470748.64314
3,-327758.591028,4470632.57832
3,-320197.950457,4469808.79236
3,-327067.641252,4470561.22401
3,-327691.663321,4470630.31459
3,-319301.851242,4469716.19422
3,-319285.179067,4469717.3144
3,-327975.697323,4470665.75591
3,-329313.617296,4470815.13462
3,-329880.884193,4470878.21691
3,-314545.406569,4469212.56307
3,-328764.72369,4470761.09541
3,-327889.662595,4470665.15118
3,-332127.330574,4471135.81103
3,-325299.060351,4470390.90571
3,-317625.503673,4469556.839
3,-317597.003815,4469554.68993
3,-329292.158346,4470830.57759
3,-319294.379455,4469742.74839
3,-310546.697431,4468803.27716
3,-308979.116148,4468635.84936
3,-314608.182105,4469247.15125
3,-321553.434924,4470000.90654
3,-319291.083281,4469755.56641
3,-313514.637178,4469133.06702
3,-313344.50797,4469117.56937
3,-317676.327886,4469588.98057
3,-328809.119167,4470803.36478
3,-329341.57047,4470862.92514
3,-317714.405655,4469601.10722
3,-328665.693274,4470798.65917
3,-319978.798724,4469854.07279
3,-317683.468361,4469605.70925
3,-313511.317948,4469158.26718
3,-329325.324212,4470880.63
3,-314014.89194,4469215.75893
3,-329341.133288,4470885.85766
3,-324762.679917,4470384.70713
3,-314652.792822,4469288.215
3,-329328.836898,4470888.11254
3,-320027.210375,4469875.09244
3,-319898.062067,4469861.26889
3,-329858.657954,4470959.81347
3,-328661.680035,4470829.9516
3,-318436.428358,4469717.33725
3,-324886.680485,4470422.46058
3,-314713.899576,4469326.62145
3,-328556.964042,4470834.99121
3,-326094.933587,4470566.68873
3,-324049.137817,4470344.76984
3,-325435.776047,4470497.11998
3,-327344.623554,4470707.19672
3,-328494.734232,4470839.99414
3,-346531.19384,4472842.40823
3,-324008.163436,4470352.3071
3,-327316.857838,4470725.93343
3,-319286.547512,4469856.53652
3,-315321.813445,4469429.04952
3,-328097.006465,4470823.49989
3,-327039.268095,4470710.92993
3,-315337.385429,4469441.91174
3,-323964.878279,4470378.57045
3,-328495.520067,4470875.19219
3,-327314.68407,4470745.78315
3,-314702.052869,4469377.51965
3,-328108.775003,4470838.22845
3,-332091.949513,4471276.86266
3,-329362.400143,4470985.07117
3,-328101.785153,4470854.55046
3,-319873.065708,4469958.02732
3,-327393.081946,4470777.83612
3,-320082.088794,4469985.58752
3,-315373.694618,4469482.79454
3,-317744.493169,4469739.74744
3,-328364.109372,4470897.99777
3,-310583.835858,4468974.40302
3,-313648.82285,4469304.57423
3,-313654.427231,4469305.62803
3,-326103.182293,4470656.9118
3,-327278.832381,4470786.9137
3,-328344.461101,4470907.40261
3,-327839.444537,4470852.08685
3,-332105.089373,4471321.50416
3,-332154.701989,4471330.15788
3,-328082.947225,4470886.6544
3,-326101.286252,4470679.00659
3,-320734.051556,4470096.37443
3,-317889.415624,4469811.81423
3,-327254.177734,4470832.6497
3,-328103.718331,4470927.79377
3,-328111.417217,4470934.07473
3,-329309.017686,4471067.14487
3,-329550.960642,4471099.27516
3,-329301.076507,4471072.28855
3,-317872.975646,4469826.81284
3,-331611.654023,4471327.87435
3,-319288.041239,4469981.80865
3,-326120.313916,4470727.71904
3,-328185.499951,4470955.34191
3,-332172.251422,4471393.8632
3,-332132.424512,4471389.47558
3,-326140.894712,4470732.10978
3,-319289.980624,4469986.29814
3,-329361.814063,4471085.94103
3,-326115.509101,4470733.61393
3,-328130.704285,4470954.40749
3,-326115.387383,4470734.72699
3,-325749.580373,4470694.84614
3,-325381.828124,4470659.38879
3,-329292.734426,4471089.05871
3,-323905.02404,4470500.66461
3,-328109.002128,4470963.14271
3,-328062.645174,4470958.57923
3,-328014.187455,4470955.15252
3,-327676.032905,4470918.28273
3,-327072.310434,4470855.31449
3,-326097.765777,4470749.24502
3,-313678.650854,4469403.85792
3,-327942.252567,4470953.83147
3,-327718.646695,4470929.89816
3,-326106.760539,4470753.64528
3,-327990.442211,4470962.31236
3,-327788.674266,4470940.76304
3,-328039.640368,4470969.39468
3,-328122.000273,4470978.98617
3,-327025.001157,4470859.93479
3,-323945.960953,4470529.29926
3,-324503.458616,4470590.28022
3,-327787.762422,4470957.78495
3,-323949.649693,4470539.65793
3,-328110.753111,4470995.40091
3,-327943.975893,4470978.99358
3,-315947.387017,4469674.403
3,-329278.590467,4471129.70605
3,-330522.119212,4471267.08048
3,-328167.425067,4471009.76175
3,-324006.134638,4470555.72995
3,-327263.513384,4470913.63628
3,-329054.482837,4471110.10648
3,-329354.884398,4471145.10991
3,-324793.593953,4470646.84235
3,-329366.826225,4471147.66019
3,-323956.624568,4470555.9614
3,-319262.892198,4470045.92719
3,-327028.575952,4470892.99195
3,-320758.858217,4470209.46138
3,-327232.182401,4470918.21408
3,-327181.394373,4470912.91545
3,-314924.424867,4469582.39036
3,-327759.757795,4470977.9546
3,-323091.930245,4470469.92527
3,-328133.929377,4471021.18405
3,-328070.984112,4471014.31753
3,-325398.939951,4470722.41879
3,-329252.223614,4471144.89375
3,-329344.828653,4471156.9606
3,-328016.766207,4471012.28314
3,-330714.78308,4471308.84839
3,-328108.016487,4471022.73646
3,-324756.867105,4470656.26965
3,-328147.6136,4471028.1588
3,-325746.173508,4470765.65948
3,-327171.427049,4470922.14949
3,-318013.908875,4469925.6226
3,-320762.656656,4470223.95106
3,-325670.441206,4470761.54932
3,-328031.509812,4471022.56161
3,-326686.664311,4470875.37334
3,-326476.475939,4470852.61869
3,-325517.758581,4470747.82547
3,-327556.421165,4470972.08825
3,-325756.309729,4470776.00358
3,-328149.391252,4471038.65564
3,-325310.238262,4470728.90202
3,-320753.129395,4470232.44339
3,-324959.053014,4470690.92682
3,-325686.547216,4470770.95762
3,-327357.915472,4470953.8363
3,-324828.040634,4470677.74759
3,-327646.535559,4470988.94479
3,-326213.646843,4470832.42885
3,-329276.644113,4471169.30114
3,-327913.237988,4471019.74743
3,-326317.309163,4470845.37788
3,-326203.829099,4470832.96581
3,-327201.239036,4470942.7607
3,-319258.995405,4470077.86887
3,-325055.413509,4470710.64098
3,-327058.297653,4470930.26344
3,-328189.970724,4471056.80349
3,-323983.010728,4470596.90779
3,-325843.321995,4470800.6085
3,-325730.613147,4470788.28794
3,-326703.020823,4470895.27201
3,-326597.94743,4470883.96537
3,-325271.013893,4470738.88763
3,-324579.341036,4470663.66305
3,-327592.957477,4470993.28775
3,-329618.229248,4471216.57235
3,-325591.355927,4470775.43299
3,-324645.917174,4470672.31553
3,-327791.40387,4471017.09663
3,-327112.655015,4470943.11981
3,-324928.894997,4470704.64109
3,-327927.153012,4471032.76223
3,-325809.072613,4470801.06573
3,-320763.07058,4470251.24915
3,-325570.228724,4470775.33174
3,-325499.814215,4470768.00858
3,-327655.183534,4471004.23177
3,-325590.265203,4470778.27609
3,-325012.737125,4470715.18232
3,-324884.116759,4470702.00419
3,-327362.290038,4470973.27308
3,-327655.563068,4471007.28093
3,-318008.27203,4469956.87969
3,-327677.443869,4471010.61703
3,-326430.979002,4470874.51673
3,-327464.206694,4470988.3825
3,-320046.41305,4470179.915
3,-325272.303161,4470749.53721
3,-327024.885912,4470941.21119
3,-327670.308099,4471013.77769
3,-324351.451656,4470653.31033
3,-326986.425288,4470942.33226
3,-323412.319903,4470552.59201
3,-326416.126399,4470881.3848
3,-323917.888717,4470609.17731
3,-319290.156637,4470106.13479
3,-326683.131921,4470911.72602
3,-326818.303558,4470926.85762
3,-326437.207439,4470886.27048
3,-326936.973105,4470941.19897
3,-325602.330321,4470795.55506
3,-322759.08439,4470485.70177
3,-325748.479824,4470812.27243
3,-326079.885156,4470848.87704
3,-329322.566946,4471204.19501
3,-319859.312304,4470171.25354
3,-325628.762137,4470801.43991
3,-326588.296575,4470906.72499
3,-326912.223382,4470942.43209
3,-325917.97055,4470834.45061
3,-326014.810495,4470845.26419
3,-325500.499606,4470789.49534
3,-326318.844491,4470879.22682
3,-326332.663952,4470881.37827
3,-324116.694588,4470640.46944
3,-328642.50247,4471136.50073
3,-326990.003585,4470955.56503
3,-326903.330595,4470946.07689
3,-315870.790429,4469746.66383
3,-323797.667625,4470606.98039
3,-321692.29934,4470377.70767
3,-327622.759808,4471025.14729
3,-324304.804122,4470662.49051
3,-322884.511173,4470507.69678
3,-324080.970254,4470638.26182
3,-322551.358255,4470471.74276
3,-327178.411414,4470977.09474
3,-326292.352886,4470880.75348
3,-326937.353002,4470951.71611
3,-324364.067543,4470670.80439
3,-326792.575291,4470936.24052
3,-324528.29631,4470689.06517
3,-323550.512844,4470583.41202
3,-323349.337881,4470561.94581
3,-329643.477462,4471251.07542
3,-325058.111277,4470749.42231
3,-321907.286456,4470405.96984
3,-321944.804302,4470410.23176
3,-326837.851464,4470944.87946
3,-325750.990173,4470826.2546
3,-323632.855529,4470595.20459
3,-325064.015532,4470751.38496
3,-325885.33374,4470841.24498
3,-323756.286641,4470609.04553
3,-324099.083388,4470646.99546
3,-323669.868016,4470600.37748
3,-324310.508032,4470670.81679
3,-323116.223032,4470540.77794
3,-325655.588981,4470819.01453
3,-319142.944974,4470110.89302
3,-326135.565446,4470872.77403
3,-319269.902882,4470125.10929
3,-325740.4017,4470829.89359
3,-324322.597508,4470675.50359
3,-319273.342921,4470126.94625
3,-325660.39792,4470822.51371
3,-319841.844633,4470189.29049
3,-324077.108251,4470650.30859
3,-325712.964654,4470829.22798
3,-323228.705807,4470558.29395
3,-325644.13861,4470822.20088
3,-320059.161009,4470214.14804
3,-322813.96715,4470513.85475
3,-328790.652633,4471168.71629
3,-322937.197242,4470529.20317
3,-323761.477797,4470619.37643
3,-318677.237611,4470066.72184
3,-324441.220819,4470693.70825
3,-324920.238926,4470746.60885
3,-332141.332744,4471538.77491
3,-323831.681896,4470628.0456
3,-329306.40763,4471228.21767
3,-323508.317879,4470594.14086
3,-322752.740081,4470512.44605
3,-323368.736252,4470580.12051
3,-324855.775544,4470742.49829
3,-322838.785111,4470522.53818
3,-326593.733863,4470933.48224
3,-326595.540372,4470934.95274
3,-320039.878726,4470221.43581
3,-319264.357021,4470138.69683
3,-323103.818626,4470556.47791
3,-322382.449934,4470479.49392
3,-323620.781003,4470614.54405
3,-323329.271273,4470583.14007
3,-322311.490143,4470473.00867
3,-325613.97627,4470833.32164
3,-323058.800378,4470554.79423
3,-324169.188112,4470676.12177
3,-323916.270681,4470648.6461
3,-327704.459867,4471063.328
3,-327037.718348,4470990.3007
3,-327702.278081,4471063.46441
3,-325023.681522,4470770.74545
3,-327040.767649,4470991.42303
3,-325711.979125,4470846.17328
3,-322204.293155,4470464.26953
3,-327006.493999,4470989.13502
3,-325006.700814,4470770.69309
3,-325385.739624,4470812.61579
3,-326327.378533,4470915.75168
3,-323547.276795,4470613.0969
3,-319269.826642,4470148.18617
3,-323092.59556,4470564.0399
3,-322710.745938,4470522.70531
3,-323349.885009,4470592.70738
3,-322257.947282,4470473.78053
3,-325144.369315,4470788.545
3,-325702.09189,4470850.75813
3,-322315.09755,4470482.06198
3,-329349.05071,4471251.2164
3,-322719.395401,4470526.8345
3,-322847.963982,4470541.21995
3,-322951.117241,4470552.56871
3,-323648.851851,4470629.39658
3,-323623.950283,4470627.84173
3,-325726.263134,4470857.42128
3,-322853.31622,4470545.06903
3,-323086.807057,4470570.79745
3,-323013.11788,4470564.45862
3,-322625.887869,4470522.32813
3,-322838.10332,4470545.5857
3,-323157.913768,4470580.9552
3,-321865.386304,4470440.6373
3,-315035.249195,4469700.78992
3,-322044.625314,4470461.82775
3,-328185.959421,4471134.80237
3,-319986.534977,4470240.61238
3,-322188.664329,4470480.47549
3,-325367.400575,4470827.13551
3,-322965.044211,4470565.60736
3,-322196.382768,4470482.0926
3,-322679.00563,4470535.09498
3,-321263.206792,4470383.08044
3,-322708.277739,4470541.39111
3,-325557.466929,4470852.37608
3,-319268.461143,4470167.97015
3,-325531.407337,4470850.54192
3,-322140.307446,4470481.29448
3,-322787.875046,4470552.35733
3,-322267.489899,4470496.21736
3,-321543.273641,4470418.14825
3,-322197.590861,4470489.5445
3,-320872.834147,4470346.39804
3,-322084.447895,4470478.59443
3,-319269.129063,4470172.99744
3,-321268.206732,4470390.49368
3,-322287.323175,4470501.57456
3,-322253.629405,4470498.24511
3,-319252.748677,4470172.23469
3,-319256.762884,4470173.57086
3,-325712.981329,4470876.72823
3,-322270.857303,4470501.5843
3,-325560.897638,4470860.63546
3,-320594.6003,4470319.77565
3,-322001.758195,4470473.20068
3,-325771.768248,4470884.65231
3,-310654.966171,4469247.55725
3,-328174.964627,4471149.70519
3,-321679.641706,4470440.70451
3,-318073.584719,4470049.86935
3,-319248.781091,4470177.6602
3,-325555.003347,4470864.60934
3,-322537.002251,4470535.62505
3,-322334.258409,4470514.37547
3,-329634.963117,4471313.07461
3,-321720.960465,4470448.57719
3,-322246.848704,4470506.40424
3,-320004.56708,4470264.72055
3,-321842.204572,4470464.62632
3,-320974.803427,4470370.83453
3,-325708.047743,4470887.45252
3,-325849.108185,4470903.06411
3,-322057.300387,4470490.04462
3,-322154.947655,4470501.24506
3,-322226.769973,4470509.4333
3,-319266.166808,4470188.32907
3,-329935.653804,4471353.31681
3,-318765.647131,4470134.40817
3,-321470.567642,4470428.29506
3,-321166.642572,4470395.3327
3,-325538.063999,4470872.10683
3,-313679.437642,4469585.85238
3,-321465.019073,4470428.5589
3,-325560.613118,4470875.13428
3,-319970.543731,4470266.83865
3,-321950.597124,4470482.27492
3,-322318.760161,4470522.45284
3,-321568.697145,4470441.02679
3,-321421.16669,4470425.73906
3,-322024.19083,4470491.70131
3,-329013.937508,4471256.11003
3,-321847.755924,4470473.33891
3,-321247.089931,4470408.58205
3,-328166.942746,4471164.13418
3,-315802.230317,4469820.0532
3,-323969.229907,4470706.56932
3,-322047.329294,4470497.9806
3,-322018.079114,4470496.10425
3,-319277.435791,4470198.67252
3,-319274.598736,4470199.26576
3,-329307.352135,4471294.14259
3,-332264.829609,4471620.41791
3,-321763.259656,4470471.01718
3,-326969.840657,4471040.30491
3,-325551.872227,4470885.32989
3,-325598.548473,4470891.21953
3,-321545.679498,4470449.41398
3,-320998.555329,4470390.12805
3,-318165.025078,4470083.19295
3,-334931.369226,4471918.81329
3,-321331.056036,4470428.52147
3,-319269.812096,4470205.05289
3,-325599.847251,4470894.40262
3,-322938.46514,4470604.0115
3,-336867.795056,4472135.19925
3,-319246.066695,4470203.49148
3,-321005.08253,4470394.8916
3,-321114.48325,4470407.7949
3,-321583.398772,4470461.14023
3,-325732.377715,4470914.06959
3,-321290.154485,4470429.88599
3,-320522.320404,4470347.01613
3,-320368.865436,4470330.54266
3,-320422.633775,4470336.75307
3,-324614.320535,4470793.69579
3,-320962.257918,4470395.93626
3,-319506.080424,4470237.99722
3,-321852.610271,4470493.23773
3,-321551.078977,4470460.88019
3,-320957.255088,4470397.23953
3,-320752.781256,4470375.47323
3,-321251.445952,4470429.88994
3,-320032.09614,4470298.48581
3,-320581.46306,4470358.31601
3,-328202.915678,4471190.43085
3,-320701.864085,4470371.96888
3,-320287.059866,4470327.0993
3,-320854.128311,4470388.88296
3,-320563.053081,4470357.56644
3,-320937.734113,4470398.33912
3,-320606.62017,4470362.5238
3,-328857.246671,4471263.50564
3,-325721.936114,4470920.31712
3,-325558.379346,4470902.71101
3,-346487.420117,4473219.72774
3,-320215.004927,4470321.71988
3,-320746.939468,4470379.7937
3,-323036.886083,4470629.14953
3,-321090.006722,4470417.97304
3,-315655.543516,4469829.42847
3,-320810.180838,4470387.90323
3,-321589.56503,4470473.52326
3,-326113.816306,4470967.03824
3,-325398.913974,4470889.22744
3,-321032.251512,4470413.67819
3,-320541.60494,4470360.93524
3,-346514.854765,4473227.98848
3,-325367.317554,4470887.38577
3,-313689.422465,4469621.04206
3,-319307.632444,4470228.63585
3,-320114.649848,4470316.26452
3,-319651.883754,4470266.98977
3,-320649.647237,4470375.64372
3,-328949.634631,4471281.99133
3,-320538.1186,4470363.75486
3,-320116.628962,4470317.98839
3,-325553.343984,4470910.72098
3,-321226.374636,4470440.03681
3,-320184.045433,4470327.22148
3,-320299.73395,4470339.89454
3,-320914.416837,4470407.90045
3,-319877.772632,4470295.77957
3,-319840.763854,4470291.876
3,-320065.084994,4470316.5149
3,-325722.289956,4470932.93721
3,-320225.022148,4470334.48552
3,-325864.764469,4470949.63876
3,-328153.579271,4471200.40519
3,-319890.072013,4470299.01749
3,-328663.667893,4471257.71042
3,-320332.37424,4470350.03788
3,-320010.773244,4470315.31567
3,-329039.186516,4471301.12445
3,-321299.774005,4470457.21689
3,-321513.060541,4470481.15048
3,-329346.960533,4471337.35557
3,-346434.320598,4473233.83879
3,-319763.858739,4470292.31463
3,-319319.863455,4470244.48903
3,-319920.755881,4470310.42185
3,-319919.762669,4470310.47172
3,-321332.713283,4470464.2891
3,-320841.795004,4470411.15862
3,-319985.903402,4470319.00151
3,-319711.768574,4470289.25273
3,-318937.022311,4470206.53921
3,-320771.272656,4470405.78264
3,-320523.924683,4470379.55603
3,-319237.765651,4470240.09061
3,-327026.83226,4471089.73085
3,-325549.085342,4470928.27717
3,-319202.129644,4470237.9156
3,-328793.227672,4471284.83445
3,-326597.49531,4471044.84333
3,-319259.070501,4470245.77918
3,-325127.711326,4470884.71649
3,-320315.235787,4470360.72221
3,-319926.905819,4470318.90464
3,-325738.938176,4470953.71363
3,-320849.550802,4470421.12327
3,-319865.626854,4470314.28135
3,-319238.057111,4470246.99145
3,-320205.49827,4470352.29856
3,-321613.113395,4470505.35408
3,-325769.304567,4470958.72265
3,-319967.247818,4470327.22451
3,-328480.276458,4471256.32667
3,-327051.128193,4471101.03051
3,-320587.175448,4470396.1109
3,-319141.97702,4470239.45626
3,-319274.874841,4470254.24964
3,-328461.639499,4471256.34398
3,-319110.658125,4470236.62366
3,-328570.507389,4471269.97505
3,-319830.971821,4470316.63549
3,-318913.42473,4470217.68589
3,-319552.976626,4470287.34064
3,-319416.283079,4470272.62607
3,-320332.566207,4470372.21003
3,-319981.361851,4470334.49967
3,-323061.146922,4470669.74744
3,-328499.830457,4471264.38536
3,-320377.79489,4470378.61908
3,-318300.96627,4470153.94848
3,-346411.294687,4473252.78667
3,-319898.612485,4470328.10885
3,-319537.541764,4470289.04464
3,-319675.585835,4470304.65122
3,-319529.528529,4470289.18889
3,-328451.282262,4471263.84799
3,-320182.053969,4470361.54886
3,-319150.390944,4470249.76022
3,-320883.138689,4470438.17419
3,-320558.903591,4470402.95027
3,-323949.936326,4470774.89028
3,-329026.728939,4471330.3638
3,-317885.931989,4470116.93474
3,-346404.193456,4473259.65543
3,-319346.885303,4470276.87853
3,-346408.754627,4473261.51935
3,-327028.243701,4471114.51993
3,-319743.2141,4470321.26819
3,-328168.244883,4471241.8257
3,-319816.084955,4470331.65292
3,-319679.831765,4470316.8686
3,-319002.502818,4470244.64897
3,-319872.526077,4470340.93103
3,-329339.968089,4471376.01528
3,-328855.264809,4471323.74634
3,-318654.575194,4470211.89548
3,-320007.59892,4470360.20794
3,-319762.3719,4470333.9663
3,-319824.623651,4470340.80023
3,-313646.036801,4469673.18233
3,-319265.702256,4470280.5067
3,-325262.419875,4470933.93169
3,-328165.964232,4471253.14056
3,-328616.65593,4471303.58219
3,-319799.647527,4470342.59445
3,-325733.781348,4470990.02687
3,-315234.036502,4469849.80533
3,-320013.174105,4470367.11943
3,-318885.42513,4470246.82338
3,-319805.30523,4470347.14983
3,-318768.883251,4470234.8679
3,-318693.900629,4470227.19247
3,-320876.101194,4470464.66277
3,-315184.675314,4469849.53498
3,-319850.238108,4470354.76233
3,-319727.315948,4470341.61519
3,-318711.309174,4470231.81535
3,-319075.25737,4470271.68102
3,-320872.739982,4470466.88774
3,-319509.464045,4470320.23278
3,-327007.272002,4471137.71819
3,-319520.940877,4470322.26602
3,-328208.717823,4471271.97649
3,-320863.85237,4470471.32763
3,-318420.701204,4470206.94055
3,-319265.620105,4470299.64159
3,-319047.9494,4470276.92969
3,-320881.094167,4470476.12914
3,-320888.948875,4470477.20787
3,-325366.876422,4470965.42694
3,-319127.621179,4470286.59232
3,-328177.354682,4471276.05113
3,-319280.100062,4470305.94148
3,-327028.197916,4471150.55998
3,-328719.827583,4471336.29273
3,-319473.536496,4470327.9346
3,-319250.433785,4470303.85051
3,-318707.175992,4470245.40971
3,-318426.708224,4470215.02148
3,-325731.176153,4471011.48079
3,-320880.162917,4470484.69944
3,-318489.349099,4470227.84337
3,-328235.833159,4471290.72754
3,-328952.494708,4471372.34505
3,-326206.975629,4471074.88371
3,-329347.736157,4471419.41609
3,-328183.225369,4471291.7555
3,-319259.557563,4470319.59188
3,-319240.205414,4470319.06986
3,-332028.682858,4471718.66515
3,-319166.669012,4470313.23556
3,-328245.848369,4471303.46577
3,-318606.639665,4470252.87065
3,-319244.345993,4470323.23501
3,-315717.824331,4469942.4701
3,-320874.6179,4470501.43991
3,-320892.676801,4470504.30315
3,-321209.284503,4470540.09844
3,-318350.834679,4470230.85539
3,-318779.761603,4470277.59945
3,-321375.849295,4470560.08747
3,-328871.846679,4471379.26528
3,-327743.206213,4471256.81494
3,-332411.844754,4471772.72402
3,-328625.299125,4471356.52827
3,-328806.511251,4471376.97348
3,-332794.61065,4471816.21034
3,-320758.591779,4470501.44647
3,-329306.000631,4471435.36966
3,-329191.035252,4471425.64287
3,-327744.005116,4471267.97911
3,-323003.080168,4470750.69436
3,-319874.737757,4470411.09241
3,-310709.092992,4469423.91899
3,-319260.627782,4470348.87407
3,-319241.030859,4470348.21287
3,-329193.216043,4471438.93834
3,-328594.777815,4471374.01971
3,-328546.735779,4471369.50434
3,-328668.250594,4471385.08779
3,-329118.140248,4471434.65076
3,-315613.668883,4469964.52761
3,-319832.19764,4470421.91504
3,-320865.032146,4470534.63384
3,-319085.979494,4470342.21116
3,-332548.442219,4471814.13402
3,-325476.057493,4471038.22515
3,-328752.995222,4471397.38212
3,-328642.04568,4471385.59229
3,-319260.307061,4470363.81649
3,-329362.20306,4471467.6417
3,-328409.263537,4471363.8091
3,-319237.885251,4470363.63723
3,-323936.490514,4470878.81188
3,-325718.894044,4471073.89002
3,-328836.824502,4471415.41215
3,-328112.351965,4471337.37876
3,-332405.719402,4471810.29859
3,-331973.16996,4471764.93696
3,-319141.739082,4470362.55832
3,-328410.573806,4471373.91074
3,-329225.407368,4471463.8871
3,-331994.846277,4471768.82318
3,-328327.759995,4471366.69836
3,-321844.747795,4470659.50006
3,-319153.425127,4470373.84773
3,-319116.600626,4470369.85494
3,-319155.741999,4470377.25203
3,-319204.226533,4470383.18506
3,-325483.035268,4471066.92112
3,-319138.774699,4470376.31316
3,-328200.944148,4471365.19061
3,-328217.599654,4471367.16708
3,-319114.908069,4470375.0767
3,-325591.676162,4471081.23494
3,-328436.84548,4471392.78797
3,-328850.28667,4471438.85579
3,-313654.150626,4469788.49138
3,-328607.162946,4471415.18786
3,-325532.546311,4471080.40418
3,-319148.709431,4470386.17396
3,-328845.938418,4471444.99107
3,-319145.579341,4470387.07328
3,-328205.856904,4471375.45435
3,-319142.625167,4470391.14476
3,-326975.986556,4471245.09384
3,-319192.150481,4470397.86624
3,-331966.122754,4471794.75921
3,-329262.506888,4471497.81238
3,-319136.904119,4470393.5649
3,-319109.036689,4470391.66943
3,-319104.511101,4470391.8544
3,-328614.56923,4471430.63322
3,-319014.079644,4470383.62652
3,-328877.349504,4471460.78431
3,-328229.16719,4471390.51402
3,-328949.041247,4471469.59843
3,-319148.205555,4470401.20909
3,-319140.85391,4470401.08761
3,-328822.232778,4471457.55215
3,-328589.707102,4471433.35787
3,-319160.10065,4470404.97631
3,-319130.702669,4470402.01391
3,-326171.046523,4471169.62441
3,-329297.80535,4471512.61501
3,-315310.475153,4469991.09593
3,-319166.775288,4470410.5423
3,-319118.574338,4470405.99154
3,-318890.00678,4470381.21224
3,-327748.741211,4471347.34872
3,-328541.995916,4471435.0743
3,-326172.444505,4471175.85975
3,-319139.572344,4470411.30878
3,-319156.737294,4470413.62043
3,-319150.513336,4470415.08515
3,-319131.043826,4470413.57091
3,-328604.478204,4471447.56099
3,-328581.928546,4471445.08722
3,-319103.096403,4470411.29515
3,-319112.310252,4470413.42027
3,-319150.040346,4470417.84912
3,-319106.878863,4470413.1692
3,-329245.540537,4471519.39551
3,-328669.91681,4471456.80165
3,-319095.79654,4470413.0937
3,-325278.583908,4471086.06403
3,-322991.952543,4470838.27568
3,-319038.813527,4470408.82996
3,-328611.083481,4471453.16324
3,-323161.846744,4470857.72218
3,-319121.82418,4470419.96973
3,-319120.774712,4470421.65769
3,-328628.945182,4471462.8166
3,-328517.605308,4471450.64756
3,-319134.681443,4470429.24653
3,-328745.499993,4471478.01524
3,-326998.208919,4471286.72587
3,-327003.646067,4471289.574
3,-320724.16583,4470605.3675
3,-329228.507654,4471536.004
3,-319120.822057,4470437.20302
3,-336812.562342,4472377.24432
3,-329011.794703,4471519.10093
3,-319136.231708,4470443.71611
3,-326634.33852,4471263.34038
3,-319152.202284,4470449.05135
3,-319051.835135,4470438.16896
3,-329318.780788,4471559.97807
3,-329262.036633,4471554.19825
3,-318864.12145,4470420.18438
3,-329151.651852,4471542.53001
3,-319120.336539,4470448.07355
3,-318975.721409,4470432.94637
3,-328642.549878,4471487.33427
3,-328612.514263,4471485.39085
3,-328239.401035,4471445.25555
3,-329258.63643,4471562.27365
3,-319125.598471,4470457.87812
3,-321834.010977,4470752.9333
3,-328546.547525,4471487.84175
3,-319135.464627,4470462.77666
3,-319142.193771,4470463.84414
3,-321845.296292,4470758.00145
3,-328199.377259,4471454.57198
3,-319131.836285,4470465.87415
3,-329019.238367,4471544.70068
3,-328747.30546,4471515.03787
3,-329668.857993,4471617.15951
3,-328930.194067,4471536.05398
3,-326980.539049,4471325.15418
3,-319231.21119,4470484.3076
3,-318836.353868,4470443.75032
3,-319113.696255,4470474.15475
3,-318822.825596,4470443.86051
3,-318817.920158,4470443.55404
3,-315376.463409,4470073.70133
3,-326484.495764,4471281.52315
3,-318856.612267,4470453.49098
3,-319272.295721,4470499.34849
3,-329359.144349,4471601.34816
3,-315405.455665,4470082.52638
3,-319225.09988,4470495.91941
3,-329237.021408,4471588.62613
3,-328564.728793,4471516.22942
3,-318846.33089,4470457.21874
3,-328695.376517,4471531.49786
3,-322966.46023,4470909.68449
3,-329088.397042,4471579.74461
3,-327894.310494,4471451.01537
3,-328708.509601,4471542.14214
3,-329365.497842,4471614.44861
3,-319222.818106,4470508.17173
3,-328775.450968,4471550.79408
3,-329031.910005,4471580.62969
3,-318862.137097,4470475.26036
3,-315371.963919,4470099.3379
3,-328709.410517,4471550.9937
3,-328929.974194,4471575.6483
3,-315426.588612,4470106.13427
3,-328657.8962,4471546.53568
3,-319113.119015,4470505.84821
3,-318819.470641,4470474.0139
3,-325488.07692,4471200.56149
3,-331885.060192,4471904.50613
3,-327139.416065,4471384.64132
3,-318802.706254,4470477.60205
3,-341034.648311,4472924.74086
3,-315402.265898,4470114.76866
3,-327008.817768,4471379.0139
3,-319169.283604,4470528.04158
3,-319127.303293,4470527.65604
3,-319234.949657,4470540.1174
3,-328745.041777,4471578.55935
3,-325487.916699,4471222.32757
3,-319132.094961,4470533.80612
3,-288030.125359,4467228.22834
3,-327010.279901,4471394.15524
3,-329318.411634,4471650.9587
3,-329126.385692,4471631.93718
3,-328262.849158,4471539.40788
3,-327007.237355,4471402.94601
3,-317363.219838,4470356.63555
3,-330541.222401,4471797.53117
3,-331752.377047,4471936.53328
3,-329296.318269,4471667.45795
3,-325362.0981,4471236.5452
3,-313510.665748,4469951.2683
3,-317185.791518,4470349.14178
3,-318891.447178,4470534.17907
3,-329111.602939,4471649.43092
3,-318893.51569,4470535.07895
3,-328241.14484,4471554.52163
3,-319219.778597,4470571.35444
3,-318908.24981,4470539.82923
3,-318889.218012,4470540.35615
3,-319247.630444,4470579.78022
3,-315273.540122,4470150.00169
3,-322952.193851,4470983.36374
3,-326449.979204,4471370.44804
3,-326998.23216,4471435.40308
3,-329346.502778,4471696.65885
3,-313594.493126,4469984.50162
3,-331689.48563,4471955.85669
3,-328240.55973,4471578.43036
3,-328233.521584,4471577.90825
3,-319213.569147,4470595.37654
3,-326994.851708,4471446.48852
3,-328267.149984,4471586.09812
3,-325234.49553,4471254.33178
3,-315521.226154,4470203.00341
3,-319189.118452,4470600.01091
3,-326580.479307,4471405.45413
3,-325516.742999,4471289.22948
3,-319220.42497,4470603.74376
3,-328256.627225,4471589.82171
3,-318899.659751,4470570.31603
3,-313574.444897,4469996.11228
3,-329362.889891,4471713.97028
3,-326495.698193,4471400.11868
3,-328327.729415,4471602.69601
3,-329092.097002,4471687.68559
3,-326990.647066,4471458.42614
3,-318852.704653,4470571.87002
3,-319240.26884,4470614.90464
3,-326979.380307,4471459.48287
3,-329022.416374,4471684.17455
3,-329071.345718,4471690.07128
3,-322963.180197,4471023.30373
3,-328221.823041,4471598.96679
3,-325228.433376,4471274.12379
3,-329682.407108,4471763.52335
3,-329052.109452,4471695.31563
3,-315618.37498,4470234.70433
3,-323134.847956,4471052.43831
3,-328228.69775,4471612.14925
3,-328912.112117,4471688.96103
3,-329032.675469,4471703.6249
3,-326258.233804,4471400.15683
3,-326505.816504,4471428.03398
3,-326246.555385,4471401.01939
3,-329325.594579,4471738.6994
3,-328207.615715,4471616.55859
3,-319212.973269,4470635.70532
3,-326416.153612,4471420.58818
3,-328995.936374,4471703.53486
3,-328286.017196,4471626.09513
3,-319220.783882,4470640.38112
3,-327006.23311,4471488.89372
3,-328966.183166,4471704.5497
3,-325928.419069,4471372.98207
3,-319230.316983,4470643.55457
3,-326984.854889,4471488.95215
3,-329043.039358,4471714.77704
3,-319226.026566,4470645.56671
3,-319204.092976,4470644.08896
3,-319831.888194,4470712.98572
3,-325343.917417,4471314.33753
3,-329617.845228,4471782.97721
3,-329018.791689,4471717.19584
3,-329009.652748,4471716.75592
3,-327182.029802,4471517.83219
3,-329077.805351,4471725.73539
3,-319225.912709,4470651.41012
3,-328458.952196,4471661.12498
3,-327074.101667,4471510.1803
3,-328928.039234,4471717.26036
3,-325361.049416,4471326.95495
3,-319037.368624,4470639.52341
3,-319159.900502,4470652.92244
3,-318908.537201,4470625.89393
3,-328247.252589,4471645.27427
3,-334512.229303,4472335.86894
3,-328827.963612,4471710.67035
3,-328129.568668,4471636.72503
3,-318980.651293,4470640.01807
3,-329646.699057,4471805.67307
3,-326521.626782,4471463.33055
3,-329265.486689,4471765.90804
3,-319228.316017,4470672.39111
3,-321825.552192,4470955.48479
3,-319819.030125,4470738.05427
3,-319203.582972,4470671.96106
3,-328228.852066,4471658.68887
3,-329314.922535,4471778.83324
3,-329702.868247,4471821.82547
3,-329339.774101,4471782.40146
3,-328031.017535,4471638.91135
3,-329298.88728,4471779.03818
3,-319226.785989,4470680.10792
3,-329050.996754,4471752.27273
3,-328777.808907,4471724.15882
3,-328278.173813,4471670.74392
3,-331553.083111,4472032.23653
3,-319828.963826,4470751.6662
3,-327216.005886,4471558.16195
3,-325530.386127,4471374.52119
3,-318878.546965,4470651.58342
3,-317248.301656,4470476.55114
3,-329317.386708,4471792.89783
3,-318722.512044,4470637.14769
3,-327260.468952,4471567.94317
3,-327238.468925,4471567.03161
3,-326533.787982,4471491.58214
3,-317263.543275,4470483.33025
