2,-326602.287776,4467012.81699
2,-316858.144386,4465957.53563
2,-322661.344657,4466590.70799
2,-316461.497781,4465920.1331
2,-325595.719003,4466911.95705
2,-321170.250687,4466435.55797
2,-318892.003911,4466189.59827
2,-321288.360316,4466449.428
2,-322706.955511,4466609.78393
2,-316791.15702,4465969.08047
2,-321261.180774,4466457.2544
2,-320828.32979,4466410.72249
2,-320891.934419,4466418.18774
2,-315151.378381,4465797.43201
2,-314780.222378,4465757.65589
2,-318666.050267,4466178.76713
2,-337567.392358,4468248.90157
2,-321616.578327,4466500.12814
2,-322558.572673,4466602.95653
2,-315194.78935,4465810.44147
2,-320483.97455,4466382.78554
2,-322420.538129,4466594.01743
2,-321867.600599,4466534.15519
2,-322205.011365,4466571.04869
2,-318146.973249,4466134.35436
2,-318685.732932,4466194.74778
2,-319143.442385,4466246.09917
2,-322528.563173,4466614.22129
2,-318999.211148,4466231.49573
2,-319028.162066,4466235.53108
2,-317136.572502,4466031.86793
2,-315776.754332,4465885.22167
2,-317116.782466,4466031.3067
2,-318433.108155,4466174.05546
2,-314559.528715,4465756.54003
2,-316057.954416,4465920.50411
2,-318532.512451,4466190.32845
2,-316115.845568,4465929.45147
2,-316214.186599,4465940.28632
2,-316960.894681,4466025.16717
2,-322432.453898,4466619.42505
2,-318811.097421,4466226.67125
2,-318330.097457,4466175.17395
2,-319784.424458,4466334.22985
2,-322568.001249,4466636.64195
2,-317001.96576,4466035.75813
2,-325585.44269,4466968.2105
2,-338253.174474,4468362.75554
2,-316436.966356,4465977.16212
2,-326573.605427,4467080.0803
2,-318475.463337,4466200.82124
2,-314513.313888,4465775.20807
2,-314732.994597,4465799.76395
2,-319081.003924,4466269.51699
2,-315336.426211,4465865.90063
2,-319601.555818,4466327.36409
2,-316717.891469,4466015.8181
2,-315537.343139,4465888.45806
2,-319584.983655,4466326.69462
2,-318771.508675,4466242.43009
2,-314125.38482,4465741.10783
2,-318731.384098,4466238.31241
2,-347019.684283,4469356.30983
2,-316009.745852,4465947.95663
2,-315596.904663,4465906.026
2,-316286.559639,4465981.31123
2,-316625.818631,4466018.37673
2,-315156.841521,4465860.95975
2,-317224.657837,4466088.70904
2,-319583.897042,4466351.12574
2,-318722.583231,4466258.75503
2,-318915.423072,4466287.17363
2,-290933.642538,4463310.5389
2,-325583.195622,4467012.15108
2,-318792.060237,4466280.01297
2,-318704.387818,4466274.69009
2,-318541.540886,4466258.30559
2,-324526.522125,4466914.15083
2,-342772.010304,4468925.60471
2,-316455.613826,4466042.11655
2,-340087.975776,4468643.80462
2,-322525.984699,4466728.02585
2,-318847.242681,4466330.01541
2,-332522.341452,4467826.52818
2,-324527.699222,4466953.6992
2,-326211.327106,4467142.76965
2,-329485.822569,4467501.68728
2,-326604.444326,4467196.98857
2,-324122.117675,4466951.9224
2,-314111.506675,4465871.68046
2,-314111.961779,4465888.33374
2,-318679.436716,4466382.68135
2,-325552.103842,4467131.52699
2,-314082.96958,4465892.01657
2,-330075.323453,4467654.99074
2,-325585.036727,4467170.03806
2,-325577.651157,4467171.45072
2,-308948.593674,4465380.44986
2,-325594.455723,4467185.90001
2,-318662.983012,4466436.1901
2,-329474.476065,4467614.8595
2,-316509.148389,4466209.47218
2,-342895.635857,4469109.33984
2,-318659.347216,4466449.75974
2,-318688.326642,4466456.72485
2,-318611.753572,4466449.78868
2,-318654.351019,4466455.07451
2,-318675.894743,4466457.85664
2,-318679.172205,4466463.61646
2,-325571.465193,4467220.17624
2,-318654.975244,4466469.33042
2,-318653.793175,4466472.24285
2,-318735.436076,4466481.19214
2,-332549.387868,4467990.73388
2,-318886.005675,4466499.96887
2,-318648.602893,4466478.55006
2,-316492.960202,4466247.02139
2,-318673.737208,4466484.19815
2,-318615.4551,4466488.47526
2,-332543.546315,4468009.91894
2,-318677.65613,4466500.04934
2,-318587.45877,4466490.85046
2,-318517.019161,4466484.91673
2,-289403.888557,4463394.27796
2,-318519.401012,4466489.34088
2,-328159.138635,4467541.78096
2,-327461.725279,4467466.1831
2,-319484.958005,4466599.40759
2,-318524.307868,4466496.06517
2,-318569.673613,4466503.00143
2,-318536.809427,4466499.89535
2,-319520.270369,4466610.32792
2,-317506.380302,4466402.90463
2,-346184.049583,4469558.03643
2,-322513.745011,4466949.79692
2,-322506.752718,4466956.69473
2,-318556.550572,4466528.94443
2,-327008.187095,4467452.99966
2,-368184.189624,4472073.44473
2,-318570.277293,4466540.67706
2,-322094.51903,4466924.03826
2,-324080.723821,4467142.6737
2,-327918.429726,4467565.21255
2,-324090.780135,4467150.63974
2,-332538.679019,4468078.62407
2,-326648.004044,4467433.10616
2,-322446.159882,4466978.14801
2,-314084.970823,4466073.96072
2,-316497.006625,4466336.4103
2,-287543.31195,4463268.39327
2,-320310.523096,4466751.16137
2,-326652.078412,4467449.53474
2,-319487.499134,4466672.7663
2,-317439.18178,4466451.45873
2,-318652.327059,4466587.50531
2,-318994.049948,4466626.63878
2,-325295.053653,4467315.2209
2,-316466.560013,4466360.71025
2,-327924.924762,4467606.47481
2,-316479.055881,4466367.00211
2,-329378.163525,4467771.91608
2,-318926.744715,4466635.7919
2,-329448.653104,4467782.61021
2,-325559.83103,4467357.25324
2,-319489.622636,4466699.57216
2,-316507.599146,4466380.97139
2,-316483.264664,4466379.40302
2,-319482.727529,4466704.00512
2,-319554.414971,4466717.62827
2,-324092.965457,4467212.8566
2,-324081.943936,4467212.63548
2,-309542.717359,4465642.91227
2,-326593.282538,4467492.67952
2,-391456.340977,4474875.55666
2,-329476.529854,4467823.82197
2,-312574.684646,4465995.00202
2,-319557.061058,4466750.00871
2,-318984.497541,4466688.43934
2,-322103.049375,4467028.12488
2,-326414.661302,4467499.06402
2,-325566.11492,4467408.18478
2,-325825.290507,4467440.68388
2,-326586.365527,4467527.40412
2,-326659.858286,4467536.45128
2,-322200.291098,4467052.84832
2,-325409.165092,4467402.76652
2,-327306.677306,4467614.39485
2,-327307.229271,4467616.48275
2,-327358.374753,4467630.07577
2,-314074.153482,4466189.77587
2,-326664.570976,4467556.00215
2,-327298.165173,4467626.41719
2,-318839.055443,4466708.08446
2,-318645.107678,4466695.05093
2,-327100.34018,4467615.70361
2,-325551.229337,4467446.61206
2,-318610.655351,4466700.21787
2,-327506.712198,4467674.42176
2,-316466.376623,4466480.8178
2,-322109.922425,4467092.50202
2,-324076.329105,4467314.28914
2,-327829.670233,4467725.69754
2,-327941.257985,4467744.78549
2,-328095.254027,4467762.20365
2,-325545.266723,4467484.07614
2,-327215.802848,4467667.53171
2,-326770.300391,4467621.28896
2,-324061.985025,4467326.57924
2,-327820.154145,4467738.9613
2,-322275.646249,4467134.28152
2,-315331.340046,4466382.71786
2,-327889.620141,4467749.15704
2,-316497.457562,4466512.89962
2,-327911.96064,4467754.98223
2,-327313.623087,4467690.39816
2,-319554.49652,4466845.6742
2,-327001.284782,4467657.2471
2,-327519.166331,4467716.15504
2,-326515.110175,4467606.5715
2,-329420.240678,4467926.69106
2,-327995.027704,4467770.83589
2,-327856.833338,4467759.30986
2,-318787.909547,4466774.80712
2,-314018.160185,4466263.91278
2,-318614.431745,4466768.6406
2,-326685.890364,4467648.10474
2,-319538.604077,4466871.54144
2,-325559.484543,4467539.12895
2,-318678.046843,4466792.75504
2,-319576.082837,4466891.25548
2,-326507.734279,4467650.25685
2,-324074.084748,4467391.37442
2,-319537.75372,4466898.5882
2,-322175.382267,4467188.13721
2,-322164.714446,4467191.36963
2,-322407.638325,4467220.29435
2,-328009.243803,4467835.81032
2,-339236.012623,4469080.5113
2,-329412.641697,4468005.45472
2,-318651.591363,4466836.9608
2,-326320.611178,4467674.97404
2,-328096.138034,4467872.13487
2,-339253.802156,4469103.10792
2,-318614.169032,4466843.94559
2,-326162.322451,4467665.22536
2,-328557.395437,4467927.46185
2,-329186.230859,4467998.35374
2,-319534.429589,4466947.66361
2,-318831.055761,4466876.69167
2,-326230.582459,4467697.46318
2,-324059.193671,4467461.99083
2,-325549.437426,4467624.56806
2,-319539.532917,4466970.96376
2,-321209.965334,4467158.08871
2,-328401.881768,4467946.51413
2,-318878.913704,4466909.42824
2,-326088.963499,4467698.5481
2,-322714.911613,4467332.85523
2,-313999.497559,4466394.64586
2,-289468.75036,4463796.9135
2,-325718.06386,4467670.94621
2,-325841.001782,4467685.76817
2,-318621.145607,4466902.01722
2,-322081.166478,4467278.0814
2,-324422.795568,4467543.51981
2,-289417.770307,4463811.61941
2,-328381.310109,4467984.69966
2,-325669.398888,4467701.11193
2,-318668.654895,4466940.37867
2,-329688.708955,4468144.04283
2,-326818.913987,4467833.52012
2,-324061.208994,4467532.60248
2,-325470.933094,4467688.38708
2,-337834.991794,4469050.89843
2,-329743.131911,4468161.73049
2,-324613.812254,4467601.85285
2,-329006.135413,4468083.70583
2,-325555.753286,4467709.58598
2,-319516.279203,4467054.36505
2,-322029.175351,4467328.10882
2,-324989.673876,4467653.39188
2,-325246.699618,4467682.27125
2,-321007.528782,4467228.67805
2,-328451.123077,4468040.78546
2,-328082.561998,4468004.01743
2,-326549.068306,4467840.06252
2,-324447.987666,4467611.92893
2,-325908.992849,4467772.93917
2,-316459.198357,4466751.33136
2,-328469.036297,4468057.72988
2,-324322.425425,4467604.99795
2,-324122.616177,4467585.13394
2,-319517.077356,4467086.99572
2,-325698.401937,4467762.55551
2,-325436.613269,4467736.71075
2,-317398.788788,4466864.50653
2,-321793.392653,4467343.13794
2,-306860.306038,4465737.73971
2,-320699.308789,4467230.66348
2,-307100.584801,4465767.68351
2,-325945.423777,4467805.41496
2,-314025.790642,4466515.13038
2,-325543.772964,4467766.43049
2,-319728.210202,4467134.42708
2,-314000.797683,4466522.68605
2,-313992.276564,4466522.70347
2,-319068.383077,4467071.26827
2,-325841.264535,4467808.79347
2,-329251.132572,4468184.58087
2,-319694.494376,4467142.70927
2,-328093.908077,4468059.55399
2,-328920.271359,4468151.11699
2,-317967.111474,4466966.55726
2,-317442.136843,4466913.33152
2,-307951.737888,4465897.57248
2,-329656.248376,4468247.83566
2,-319530.547095,4467146.67458
2,-325494.565491,4467795.94079
2,-316484.501725,4466819.71719
2,-319529.408322,4467153.98341
2,-318080.304823,4467001.88467
2,-325650.636171,4467829.98845
2,-308198.589575,4465945.74708
2,-305654.342639,4465675.79439
2,-322226.917627,4467467.63223
2,-324074.315268,4467669.29621
2,-288574.78153,4463888.08014
2,-317809.809815,4466993.08916
2,-325344.46008,4467814.47122
2,-329669.195734,4468291.0493
2,-329664.189634,4468290.83791
2,-325776.380017,4467865.98378
2,-318831.155221,4467117.30971
2,-329388.338846,4468275.78051
2,-316404.162138,4466862.80327
2,-332485.825804,4468617.70895
2,-320996.931891,4467366.38341
2,-325724.352394,4467881.4021
2,-313991.314354,4466612.41159
2,-326639.488701,4467990.85635
2,-332456.789014,4468643.80334
2,-322932.301326,4467602.46567
2,-325694.107513,4467909.86203
2,-326423.804482,4467990.12011
2,-329383.039007,4468317.21693
2,-319513.852315,4467245.53846
2,-323031.942987,4467637.52426
2,-319498.21663,4467255.44284
2,-332429.666771,4468670.0748
2,-325521.568369,4467912.87344
2,-288182.622379,4463933.72924
2,-325531.978918,4467918.13243
2,-319496.466083,4467262.79798
2,-329405.236546,4468344.8852
2,-288034.160881,4463935.02813
2,-325548.029348,4467944.47267
2,-325684.501628,4467960.51196
2,-332475.44618,4468706.69436
2,-329380.910247,4468367.44982
2,-325714.197495,4467967.2465
2,-314039.642896,4466704.00231
2,-329369.624696,4468373.97328
2,-327393.630775,4468157.60451
2,-329412.14986,4468384.61995
2,-320271.516704,4467397.61722
2,-325668.87406,4467989.02881
2,-325758.257772,4468002.01891
2,-287833.848457,4463957.8162
2,-325736.889738,4468002.65132
2,-329402.52348,4468408.34654
2,-287699.492944,4463957.55273
2,-315299.149646,4466882.65265
2,-325858.957977,4468037.34635
2,-318389.985039,4467227.94547
2,-316391.109759,4467011.89969
2,-312677.649669,4466612.31223
2,-325512.828007,4468003.48991
2,-316395.867082,4467017.28131
2,-305622.435523,4465868.24417
2,-322201.850951,4467655.91052
2,-316369.702153,4467029.47727
2,-287769.633745,4464013.22476
2,-323457.737398,4467820.72075
2,-317368.086458,4467167.01365
2,-313962.097671,4466804.15748
2,-287288.101898,4463981.8946
2,-287362.017376,4463990.48529
2,-283324.795664,4463583.81949
2,-328066.951397,4468355.55652
2,-329361.534,4468504.32094
2,-327081.689165,4468257.84689
2,-325743.726415,4468112.05227
2,-325842.519728,4468125.69222
2,-325432.892941,4468088.46226
2,-320245.835682,4467525.68741
2,-332402.936729,4468854.55316
2,-326673.485365,4468242.93925
2,-325736.508969,4468149.55961
2,-328106.775193,4468409.14354
2,-319502.423456,4467471.77157
2,-328101.569672,4468417.0892
2,-325319.146309,4468113.96844
2,-316386.978991,4467154.4454
2,-329758.612969,4468612.45123
2,-323336.132558,4467913.58207
2,-316391.444859,4467161.72843
2,-328095.774514,4468443.08332
2,-316409.319012,4467172.77853
2,-325571.894528,4468169.20269
2,-319459.658937,4467504.86128
2,-328083.524205,4468444.89552
2,-329727.887726,4468625.44699
2,-326680.252841,4468302.3635
2,-325158.541099,4468142.42627
2,-326681.419617,4468309.13671
2,-287257.921744,4464109.6897
2,-324079.420259,4468031.87124
2,-344044.441467,4470238.34354
2,-325719.104627,4468225.0384
2,-325690.140397,4468224.31553
2,-316369.019975,4467220.44806
2,-326869.017434,4468361.6411
2,-330009.690507,4468708.39205
2,-328955.097794,4468593.23188
2,-326166.570644,4468292.8785
2,-325043.367574,4468179.60656
2,-316388.641209,4467240.76214
2,-320199.701805,4467658.52091
2,-324930.456589,4468185.49843
2,-329395.091467,4468680.30563
2,-330091.338381,4468763.88183
2,-324925.171192,4468206.13016
2,-321013.670756,4467781.69152
2,-328176.373896,4468564.02636
2,-324991.093292,4468221.13985
2,-324856.970589,4468208.82583
2,-316375.192619,4467302.63521
2,-313966.592771,4467056.27638
2,-318772.46497,4467584.64753
2,-329388.759431,4468750.08572
2,-329383.123677,4468764.66556
2,-328090.431219,4468631.17571
2,-329384.464892,4468779.23172
2,-325387.449408,4468353.83114
2,-344430.471655,4470468.33666
2,-317327.13076,4467499.97464
2,-324034.528861,4468228.43535
2,-317811.985629,4467555.29337
2,-331495.591931,4469050.42371
2,-324567.743579,4468293.28483
2,-324599.069386,4468297.45612
2,-325408.225802,4468385.94718
2,-316364.432114,4467404.79321
2,-318775.625889,4467671.51711
2,-324026.491512,4468244.11558
2,-324525.649555,4468299.77664
2,-329369.964795,4468837.18686
2,-330395.847814,4468954.31747
2,-315326.000252,4467322.97376
2,-316368.991353,4467440.3484
2,-287257.147244,4464355.9563
2,-317899.603529,4467615.4421
2,-344504.060753,4470544.97406
2,-288241.658565,4464477.4726
2,-333958.133399,4469381.6939
2,-333949.267299,4469393.67234
2,-299282.109444,4465655.71125
2,-324408.651338,4468354.40353
2,-287283.005722,4464401.16723
2,-325963.081875,4468528.57925
2,-313940.843295,4467229.48055
2,-326585.971303,4468607.21484
2,-334285.986134,4469453.47723
2,-320927.610256,4467992.8821
2,-324011.669229,4468330.07922
2,-332605.193349,4469280.19871
2,-329810.636027,4468975.82562
2,-325439.277926,4468500.05587
2,-330964.152327,4469107.45584
2,-320154.750427,4467929.8834
2,-323654.746765,4468315.97018
2,-288054.349864,4464526.80436
2,-319441.167021,4467863.43351
2,-313935.136447,4467275.25272
2,-332332.696121,4469279.81706
2,-328198.244541,4468827.04646
2,-320028.624818,4467938.30851
2,-288198.044469,4464557.85944
2,-330940.480337,4469134.75214
2,-287049.909098,4464439.68315
2,-323349.146051,4468305.13176
2,-326606.903726,4468661.09173
2,-288197.120279,4464560.9129
2,-323737.974475,4468351.69309
2,-326827.835632,4468690.13036
2,-288283.344986,4464580.13314
2,-316362.070038,4467560.64383
2,-324264.308003,4468420.69195
2,-288299.743096,4464586.45387
2,-287918.743355,4464547.77741
2,-329305.500114,4468974.30428
2,-324327.153827,4468431.53145
2,-288210.018059,4464581.71756
2,-324031.056998,4468400.26457
2,-324263.167276,4468425.82733
2,-329341.932356,4468982.05256
2,-328637.2231,4468909.27443
2,-329379.007361,4468990.9755
2,-328128.067818,4468854.60442
2,-287672.659169,4464533.85195
2,-287424.995586,4464510.99598
2,-320929.047466,4468075.43897
2,-324085.012889,4468428.55893
2,-287295.917846,4464510.04894
2,-316269.623763,4467581.85268
2,-332342.049673,4469338.19114
2,-326544.330271,4468708.69128
2,-324026.689353,4468440.33446
2,-332377.148019,4469360.41992
2,-328055.313505,4468886.07086
2,-332279.199249,4469351.43646
2,-320949.676175,4468112.96142
2,-323782.410165,4468429.17543
2,-296046.355379,4465458.86076
2,-288279.416058,4464646.09361
2,-288277.646911,4464648.94654
2,-323265.846539,4468380.78782
2,-329330.090258,4469043.83644
2,-328105.255496,4468912.15565
2,-322817.241583,4468343.77393
2,-323419.214319,4468411.53546
2,-332378.096877,4469394.32255
2,-321836.556669,4468242.81116
2,-321202.497962,4468174.24899
2,-323840.715639,4468461.6248
2,-340378.660724,4470284.10614
2,-316333.166577,4467652.8823
2,-319453.895364,4467991.49914
2,-321802.043467,4468247.73106
2,-323635.810358,4468449.99705
2,-323569.65327,4468444.6591
2,-322777.023992,4468360.232
2,-322774.365447,4468360.68597
2,-321699.717362,4468244.15402
2,-321205.229627,4468191.39317
2,-320957.758545,4468164.88779
2,-323993.786956,4468495.65236
2,-319942.246253,4468055.93263
2,-321338.453889,4468209.73966
2,-322452.208186,4468335.39542
2,-320914.697293,4468169.04095
2,-315252.877146,4467558.29182
2,-317486.600869,4467800.58854
2,-323953.878317,4468504.70514
2,-321650.717234,4468255.56347
2,-323154.943289,4468420.03424
2,-323262.02419,4468431.80729
2,-321470.413363,4468237.09571
2,-321777.039989,4468270.98307
2,-322055.442056,4468301.63375
2,-314905.318779,4467528.25633
2,-321708.813869,4468264.69333
2,-321888.487565,4468284.9791
2,-320026.290158,4468083.69653
2,-322669.473199,4468371.42364
2,-332509.632489,4469452.63447
2,-322438.542203,4468351.29745
2,-286744.91518,4464555.20523
2,-320255.372899,4468115.86746
2,-320727.644631,4468167.49391
2,-320272.932281,4468118.83117
2,-321327.64803,4468233.40906
2,-320947.702327,4468193.63895
2,-318738.155814,4467957.98591
2,-329312.997742,4469115.30653
2,-320233.101935,4468129.40842
2,-329328.969178,4469122.56738
2,-322024.186351,4468327.13339
2,-319822.038706,4468088.94347
2,-320778.472531,4468194.22864
2,-317548.892719,4467844.30644
2,-320486.905082,4468162.77103
2,-332541.350699,4469481.13895
2,-328089.745451,4468993.58752
2,-320259.11624,4468139.92234
2,-329344.895118,4469134.35176
2,-286737.075317,4464588.13563
2,-329373.378344,4469144.52883
2,-329320.936432,4469140.46455
2,-315076.657509,4467592.43731
2,-329302.762162,4469142.00769
2,-319971.433124,4468124.86348
2,-320890.149845,4468225.80272
2,-320323.886746,4468167.41192
2,-319193.252548,4468047.43976
2,-319435.864701,4468073.88965
2,-319598.407264,4468091.73428
2,-286863.559146,4464616.47556
2,-314031.539528,4467495.75495
2,-320873.594786,4468241.52811
2,-317992.053255,4467931.08466
2,-324015.81219,4468585.45221
2,-319161.794396,4468061.50356
2,-319470.73298,4468095.23619
2,-319435.967535,4468092.93187
2,-319881.077286,4468146.59532
2,-317687.349431,4467911.15197
2,-316323.683709,4467766.15651
2,-329356.779409,4469192.76859
2,-324030.795233,4468613.17004
2,-286956.594923,4464665.073
2,-332453.231169,4469537.22692
2,-288060.08125,4464782.64224
2,-286964.268556,4464670.37069
2,-323441.067805,4468554.69761
2,-286976.384431,4464672.08099
2,-286927.79355,4464670.62602
2,-319453.546106,4468129.85891
2,-329495.90309,4469226.31815
2,-317679.156632,4467946.03615
2,-332256.233037,4469540.31704
2,-318170.860654,4468005.68797
2,-286793.85012,4464677.39193
2,-335038.427848,4469853.287
2,-313905.842688,4467552.21967
2,-322014.142229,4468432.73737
2,-331528.546188,4469474.64485
2,-316303.505441,4467825.34369
2,-316354.496623,4467837.46915
2,-329305.234135,4469254.81472
2,-332282.757404,4469582.4436
2,-320221.358332,4468270.96134
2,-328382.208128,4469161.03221
2,-328102.232974,4469131.25448
2,-328411.621334,4469177.4353
2,-332494.309976,4469637.40076
2,-325422.124007,4468862.77651
2,-319448.151268,4468226.00614
2,-325389.218825,4468876.25858
2,-320200.110504,4468315.01879
2,-315458.367376,4467802.37498
2,-328103.720415,4469177.10577
2,-328569.214728,4469235.37435
2,-320912.031394,4468401.04378
2,-328521.351715,4469232.26788
2,-317544.613443,4468037.51642
2,-325729.06591,4468929.64021
2,-328567.850993,4469244.12386
2,-329249.536054,4469319.65902
2,-328562.132539,4469246.20048
2,-325391.356949,4468902.96086
2,-317519.693736,4468050.21444
2,-328546.678859,4469254.30659
2,-328470.606256,4469245.96784
2,-328567.672192,4469258.93593
2,-320088.834734,4468336.73039
2,-320042.108449,4468332.03318
2,-325762.296145,4468956.6233
2,-328041.4369,4469208.77256
2,-328569.612616,4469267.59708
2,-324004.774708,4468769.40908
2,-329323.51608,4469351.4004
2,-323347.650717,4468702.79459
2,-319340.089795,4468267.44538
2,-328554.500525,4469272.32369
2,-322154.679296,4468580.45085
2,-328078.850812,4469227.32365
2,-328101.123039,4469236.3422
2,-323334.687832,4468716.44066
2,-328618.834378,4469298.37601
2,-325376.48089,4468947.89902
2,-286725.818915,4464827.90924
2,-323379.317255,4468731.66337
2,-287400.548712,4464904.74714
2,-327874.28498,4469229.62838
2,-286722.189418,4464838.66787
2,-319974.952954,4468372.09085
2,-328017.937074,4469249.41943
2,-327447.717761,4469187.98677
2,-328656.007227,4469320.70008
2,-323325.563639,4468739.80768
2,-315675.896283,4467910.73737
2,-327694.609673,4469218.96176
2,-328631.839027,4469324.73404
2,-319400.593438,4468322.53799
2,-319428.047581,4468329.11736
2,-329303.580495,4469406.66375
2,-328157.156868,4469282.84195
2,-325429.927706,4468990.56647
2,-327715.436449,4469244.10888
2,-324362.194797,4468878.8858
2,-327564.200464,4469230.25172
2,-317439.989162,4468131.48632
2,-328137.226954,4469298.4973
2,-324292.497352,4468881.30888
2,-328382.084005,4469333.02742
2,-318156.14056,4468220.18403
2,-319407.743411,4468357.32119
2,-327204.499794,4469211.37686
2,-328391.204973,4469344.72837
2,-324342.943179,4468902.80357
2,-324006.375121,4468872.41275
2,-327172.356007,4469218.33454
2,-319422.477284,4468374.90889
2,-327078.847588,4469210.91759
2,-327078.179711,4469220.9821
2,-324300.618263,4468918.12314
2,-327286.396141,4469245.6845
2,-324255.953098,4468915.95547
2,-332235.986725,4469801.10388
2,-328093.858955,4469346.16259
2,-286644.08322,4464920.42124
2,-324329.40165,4468935.56602
2,-324298.527701,4468934.11373
2,-328082.795731,4469349.44307
2,-287203.947848,4464984.51214
2,-324308.959946,4468941.7839
2,-324314.601605,4468942.51178
2,-324324.013154,4468944.43921
2,-328456.730986,4469400.23538
2,-324308.795563,4468949.65001
2,-286981.974007,4464975.36393
2,-319411.55977,4468420.45862
2,-324292.51084,4468951.92873
2,-313882.23446,4467826.82629
2,-319416.653594,4468431.03307
2,-328070.055925,4469375.09492
2,-324329.271526,4468968.55217
2,-324347.252131,4468974.56779
2,-319402.950269,4468439.11952
2,-328110.554694,4469389.21956
2,-328120.395155,4469393.56445
2,-313883.871203,4467848.88972
2,-286822.161171,4464986.18592
2,-328097.412409,4469394.2003
2,-324305.569493,4468982.41113
2,-319431.580272,4468454.83529
2,-324339.776116,4468989.07002
2,-324873.305811,4469048.21135
2,-332224.129333,4469855.00159
2,-286681.094185,4464982.42516
2,-286693.329866,4464983.81013
2,-332244.994447,4469862.36906
2,-324021.030517,4468961.40968
2,-330488.302565,4469670.05465
2,-315271.327899,4468014.82267
2,-332195.045132,4469860.6201
2,-332240.474685,4469870.02792
2,-315719.99805,4468070.86644
2,-325369.332995,4469119.25581
2,-333024.686136,4469960.29543
2,-286525.208972,4464982.97544
2,-319416.992579,4468476.67688
2,-325408.909689,4469133.89492
2,-319965.943387,4468542.80207
2,-286621.006356,4465000.81074
2,-328646.282477,4469495.58701
2,-325572.979434,4469162.14268
2,-286453.096587,4464992.12551
2,-319455.637331,4468504.7394
2,-286602.836151,4465025.69275
2,-328965.769859,4469555.51825
2,-332562.412851,4469951.11644
2,-332558.433303,4469960.47957
2,-324010.758767,4469026.21101
2,-332213.058207,4469926.63973
2,-329304.229471,4469607.44106
2,-332190.520263,4469926.59125
2,-320332.414874,4468630.58194
2,-328053.714399,4469479.1446
2,-331973.857312,4469912.54789
2,-320869.486429,4468701.11674
2,-324853.387898,4469135.88362
2,-328144.847515,4469499.5384
2,-337304.664149,4470523.26977
2,-328394.623823,4469541.33085
2,-329347.489754,4469646.39969
2,-319410.727016,4468564.05876
2,-313147.00109,4467892.43066
2,-329314.600082,4469651.19408
2,-286082.641901,4465034.83244
2,-319951.719526,4468633.42097
2,-328079.789829,4469519.6697
2,-319412.921473,4468582.98992
2,-328962.986018,4469628.32105
2,-316445.010134,4468279.64469
2,-328259.387105,4469567.39867
2,-325392.500372,4469255.67595
2,-319419.257667,4468606.0862
2,-314955.258948,4468124.52527
2,-326059.191628,4469332.21676
2,-325388.686891,4469270.57471
2,-328129.66539,4469578.51674
2,-319389.339633,4468627.84245
2,-319390.105707,4468632.76772
2,-327057.566844,4469474.3064
2,-328071.298546,4469589.25442
2,-332748.486166,4470104.85301
2,-319953.280295,4468714.10801
2,-319950.40869,4468716.61181
2,-329336.205885,4469757.202
2,-328095.541838,4469627.50632
2,-313023.962921,4467993.1343
2,-327043.772739,4469516.38852
2,-335555.537513,4470457.1319
2,-316372.015953,4468361.76129
2,-313010.864418,4467999.71918
2,-332199.315023,4470088.67504
2,-332163.274629,4470086.058
2,-325874.144901,4469398.05848
2,-336771.575542,4470598.687
2,-324883.244373,4469294.64848
2,-313017.603821,4468009.56339
2,-313005.484219,4468011.07463
2,-316552.238932,4468399.42299
2,-313005.929307,4468018.21537
2,-313019.075988,4468021.65578
2,-313033.089314,4468024.28873
2,-312973.80431,4468018.02555
2,-323982.836746,4469210.77134
2,-320874.261763,4468875.25512
2,-319380.003459,4468715.56711
2,-316572.980118,4468414.62368
2,-313026.097346,4468036.93443
2,-313041.873479,4468040.09475
2,-315701.056296,4468329.6056
2,-313036.912973,4468042.71364
2,-319398.369018,4468732.42254
2,-327051.103254,4469566.63967
2,-313047.99752,4468048.40921
2,-313032.537434,4468049.56111
2,-313180.46546,4468071.88951
2,-362770.529158,4473577.8006
2,-328139.562916,4469709.15342
2,-316570.671589,4468453.40118
2,-313037.133019,4468073.69833
2,-319948.869974,4468822.67203
2,-319387.538419,4468762.77928
2,-332184.575141,4470161.41125
2,-313013.353659,4468079.69738
2,-330505.119787,4469985.09065
2,-316524.232355,4468462.392
2,-320208.614738,4468861.74359
2,-313059.291074,4468090.83019
2,-319034.359149,4468738.23946
2,-312987.854908,4468087.98846
2,-319950.107935,4468844.57429
2,-328063.805936,4469729.94804
2,-323821.154689,4469266.69186
2,-319030.738953,4468746.85588
2,-332201.91822,4470186.59309
2,-329315.897084,4469872.25581
2,-328144.149946,4469745.691
2,-319041.237577,4468755.53829
2,-319039.833354,4468757.30048
2,-320853.385029,4468955.76047
2,-319041.149717,4468761.94747
2,-319025.976446,4468760.41592
2,-319018.587096,4468760.62871
2,-319028.551075,4468763.84795
2,-328079.091094,4469750.73861
2,-319029.996408,4468764.90543
2,-319024.384194,4468767.11252
2,-313927.035168,4468216.89477
2,-319028.042337,4468774.94109
2,-328075.769325,4469769.18618
2,-316678.888968,4468530.78287
2,-313929.894315,4468239.91183
2,-329283.59496,4469919.27524
2,-316499.453261,4468531.10313
2,-325366.032951,4469496.02567
2,-318438.039344,4468744.13892
2,-319392.416003,4468848.89175
2,-319463.46593,4468859.40979
2,-318763.382827,4468788.49556
2,-318789.50759,4468806.52762
2,-320239.22281,4468963.82711
2,-319096.024915,4468850.54896
2,-313934.940957,4468296.36695
2,-318773.159194,4468819.84609
2,-332134.357638,4470283.29578
2,-331620.068799,4470228.02884
2,-328067.730762,4469840.17225
2,-319385.27802,4468893.95027
2,-319052.469958,4468858.21601
2,-319050.966797,4468859.29182
2,-319389.921299,4468906.27772
2,-331764.920614,4470258.9558
2,-319369.889842,4468911.98884
2,-319961.707478,4468983.94047
2,-314215.399963,4468363.77063
2,-319091.129026,4468896.52593
2,-324848.164378,4469523.4037
2,-327060.635947,4469765.47888
2,-319244.427608,4468921.36115
2,-331091.926943,4470215.20966
2,-319102.316243,4468907.64791
2,-321259.710872,4469142.66522
2,-328086.066769,4469890.3932
2,-319623.418571,4468968.11473
2,-314128.843493,4468377.41607
2,-319423.533276,4468957.55586
2,-319922.886036,4469012.98332
2,-325872.530022,4469661.111
2,-321261.1748,4469158.70336
2,-332183.134943,4470357.6157
2,-331183.26663,4470250.17978
2,-316852.483679,4468693.65775
2,-331065.582709,4470243.68242
2,-327044.417013,4469803.57843
2,-331542.511834,4470300.94513
2,-319364.792883,4468971.79531
2,-313998.603767,4468396.82895
2,-321252.618509,4469184.5653
2,-327048.538145,4469818.51498
2,-329293.191444,4470066.20869
2,-316830.615898,4468708.93898
2,-319369.180325,4468984.88329
2,-319348.845184,4468983.80488
2,-323285.602184,4469416.91657
2,-319381.341911,4468993.4088
2,-326378.62994,4469756.31104
2,-329284.108639,4470077.79852
2,-324023.140144,4469508.89979
2,-325164.625656,4469635.1044
2,-331403.703699,4470325.7316
2,-324305.967999,4469548.90084
2,-324719.341826,4469594.53091
2,-330924.470174,4470275.53952
2,-324961.158555,4469625.09212
2,-314043.489953,4468441.5609
2,-326200.946256,4469762.78912
2,-324299.635173,4469559.28156
2,-319937.368059,4469087.18938
2,-314015.918223,4468449.58395
2,-323374.284135,4469466.09832
2,-326279.150379,4469790.11256
2,-318765.33188,4468975.29782
2,-326491.787241,4469818.05914
2,-316719.044653,4468755.81725
2,-325274.739064,4469685.34886
2,-313945.777552,4468460.94572
2,-316722.076809,4468761.43709
2,-321005.566412,4469226.24344
2,-320866.343331,4469215.43447
2,-316695.099307,4468764.107
2,-345305.11654,4471912.80706
2,-320809.442206,4469213.3222
2,-318490.51545,4468963.77404
2,-332176.837102,4470459.66829
2,-316866.902515,4468790.0369
2,-330534.511347,4470285.05098
2,-315989.991113,4468701.84596
2,-331238.226388,4470363.78636
2,-316973.298268,4468816.62504
2,-316556.609744,4468778.80275
2,-327925.594817,4470020.82366
2,-328121.507236,4470042.40427
2,-324697.353216,4469669.73402
2,-316706.221383,4468807.12838
2,-345352.215265,4471958.54178
2,-399487.05699,4478218.82022
2,-329294.245482,4470186.85877
2,-330349.440618,4470303.80154
2,-320784.905328,4469264.39072
2,-319374.696523,4469113.85697
2,-340272.489153,4471412.6318
2,-330338.999033,4470314.76261
2,-331666.07145,4470461.02591
2,-328093.115782,4470068.91828
2,-324350.496414,4469661.62335
2,-323270.507272,4469544.34088
2,-329271.263332,4470203.53187
2,-316935.266884,4468871.13426
2,-330212.707092,4470320.54475
2,-313035.598896,4468456.0994
2,-320825.705581,4469301.26661
2,-330099.602681,4470321.07316
2,-326413.767183,4469917.27186
2,-324676.129398,4469737.13641
2,-313044.179682,4468479.42696
2,-313022.563788,4468479.01583
2,-320692.996171,4469308.70135
2,-324758.33743,4469752.17914
2,-330153.447818,4470346.25216
2,-329319.570539,4470256.25897
2,-324579.88815,4469739.8119
2,-319935.913087,4469237.67319
2,-328082.600192,4470126.90414
2,-313695.028172,4468574.52634
2,-318648.723358,4469117.38905
2,-330187.937346,4470379.8159
2,-329357.68067,4470288.94219
2,-317068.696839,4468952.15008
2,-318779.496246,4469143.71728
2,-324549.387315,4469772.30024
2,-318011.889468,4469062.17183
2,-318014.986288,4469063.18265
2,-323247.820949,4469632.53288
2,-329906.193512,4470363.7009
2,-316800.539271,4468938.25332
2,-328060.34354,4470165.46755
2,-324434.257028,4469776.52049
2,-331562.613973,4470559.65699
2,-319334.738264,4469226.63953
2,-329992.35373,4470389.83748
2,-327061.540938,4470069.256
2,-329296.927819,4470316.51935
2,-329948.436391,4470388.19035
2,-319961.852109,4469299.72168
2,-317793.761288,4469067.95552
2,-345810.888694,4472153.03602
2,-332115.126585,4470634.80676
2,-331422.386195,4470559.69633
2,-316753.805235,4468963.37964
2,-329758.182416,4470384.50737
2,-316771.609526,4468972.62274
2,-319413.809533,4469261.45065
2,-329752.786868,4470391.01185
2,-332062.40887,4470646.0538
2,-331986.181061,4470641.52725
2,-317062.686129,4469014.96241
2,-329712.336692,4470394.05919
2,-319338.206714,4469263.38865
2,-317129.342939,4469026.30143
2,-332164.398304,4470669.42382
2,-319348.044304,4469272.56315
2,-317963.411282,4469122.57356
2,-331943.513629,4470650.58084
2,-323248.38345,4469709.55111
2,-329275.111523,4470371.46327
2,-319552.843715,4469311.24484
2,-332151.19631,4470690.42293
2,-328089.712456,4470244.72107
2,-326045.626903,4470021.95611
2,-330039.054938,4470472.92295
2,-329672.765732,4470434.49438
2,-329614.801545,4470430.82195
2,-319362.281362,4469319.48867
2,-328508.154802,4470321.04048
2,-317631.751167,4469138.14484
2,-319341.297845,4469325.99725
2,-317680.605157,4469148.72281
2,-329858.078534,4470478.95316
2,-329567.455175,4470448.62657
2,-319560.908619,4469358.09856
2,-316554.536587,4469037.18205
2,-319567.13662,4469364.59598
2,-329716.466305,4470472.29993
2,-328358.570471,4470325.47904
2,-324794.144693,4469938.93323
2,-323987.456014,4469852.05043
2,-317766.629874,4469176.94826
2,-317233.738007,4469121.28636
2,-317673.472586,4469169.79624
2,-328069.224367,4470302.74041
2,-320801.055415,4469514.65419
2,-320799.488787,4469517.90755
2,-318177.707915,4469233.82793
2,-328691.422931,4470381.20709
2,-323973.548548,4469865.9302
2,-317285.354579,4469147.7044
2,-317738.328336,4469202.26211
2,-329588.501897,4470495.31041
2,-318185.633532,4469255.06764
2,-331259.275963,4470683.56714
2,-324449.378163,4469939.00608
2,-320806.12982,4469544.53056
2,-320807.851026,4469551.02401
2,-319900.691564,4469452.88311
2,-324451.930507,4469948.18235
2,-342573.154797,4471958.19907
2,-319316.510788,4469406.75406
2,-329340.266856,4470500.50127
2,-331886.953698,4470780.59574
2,-318169.729348,4469284.31238
2,-329285.981797,4470496.49153
2,-325283.251651,4470058.98229
2,-328108.832443,4470371.13104
2,-317334.862123,4469199.78368
2,-324140.706496,4469942.5014
