8,-327241.87584,4475595.87169
8,-327230.284195,4475594.93836
8,-327085.351619,4475580.84741
8,-327191.120228,4475595.0365
8,-327217.116288,4475599.68969
8,-326858.703839,4475562.30697
8,-327230.273583,4475603.72345
8,-327222.215666,4475602.95239
8,-327281.397382,4475612.25911
8,-326839.666818,4475565.28909
8,-327112.596858,4475595.43721
8,-327424.838889,4475630.47088
8,-327230.323567,4475609.58643
8,-314891.136807,4474268.08219
8,-327222.816413,4475611.69188
8,-327229.187317,4475614.41817
8,-327228.355949,4475614.89022
8,-327267.704384,4475621.00797
8,-327271.189543,4475623.19251
8,-320215.817129,4474853.63689
8,-326855.349257,4475578.68547
8,-327256.467914,4475623.15495
8,-327232.209053,4475623.19789
8,-327243.78859,4475625.03105
8,-327270.628415,4475630.67815
8,-326848.841832,4475585.10618
8,-327250.428746,4475629.25127
8,-327236.098194,4475628.01754
8,-318430.839715,4474668.23891
8,-327274.186953,4475632.98339
8,-327279.322636,4475634.33517
8,-327266.716419,4475634.75488
8,-329209.844916,4475849.70045
8,-327258.267892,4475637.54555
8,-327253.866062,4475637.40072
8,-327270.81362,4475640.83646
8,-327040.925194,4475616.30258
8,-327263.795471,4475642.43227
8,-315133.335596,4474322.18405
8,-330469.725592,4475996.23589
8,-326553.85214,4475566.10107
8,-327260.911148,4475649.77576
8,-327120.686786,4475634.62322
8,-327308.87954,4475655.48744
8,-327297.165752,4475654.87853
8,-327262.29311,4475651.3917
8,-327254.320971,4475651.41851
8,-327257.121098,4475651.9509
8,-327260.593754,4475652.6697
8,-326982.346413,4475623.62241
8,-327242.98661,4475652.87889
8,-327412.508057,4475671.81071
8,-327243.133663,4475654.69733
8,-327231.860062,4475654.02415
8,-326999.269893,4475628.85718
8,-327259.421556,4475661.77798
8,-327260.693368,4475662.81862
8,-327259.385073,4475662.90043
8,-320129.198613,4474884.39021
8,-327413.23103,4475681.80278
8,-331826.441901,4476167.52324
8,-324956.783307,4475413.03924
8,-327260.522881,4475666.74248
8,-327261.09761,4475667.0308
8,-327252.929888,4475667.26145
8,-327255.828088,4475669.26898
8,-327268.740543,4475672.37483
8,-327236.411346,4475669.39235
8,-327273.0938,4475674.54195
8,-324952.137334,4475420.9112
8,-327259.851744,4475674.44134
8,-327276.151105,4475677.4681
8,-327252.833488,4475675.24863
8,-324952.800497,4475424.43037
8,-326847.250976,4475632.01648
8,-323422.851426,4475257.45709
8,-327270.490108,4475678.53688
8,-327229.687485,4475675.41359
8,-327265.342664,4475679.66199
8,-326852.277027,4475635.15822
8,-327255.720033,4475680.52157
8,-327076.332169,4475662.31361
8,-327256.233862,4475682.15494
8,-327266.346042,4475683.93988
8,-327242.025903,4475682.17371
8,-317559.989791,4474628.88178
8,-327263.033483,4475689.65937
8,-327189.889327,4475682.08807
8,-327217.095996,4475689.127
8,-323035.866554,4475232.1187
8,-326842.584598,4475650.87951
8,-327250.550829,4475696.85129
8,-322989.149842,4475234.34254
8,-326852.612808,4475659.75117
8,-327112.823118,4475688.95641
8,-327254.685166,4475705.75306
8,-322812.73729,4475222.59885
8,-327251.604425,4475708.56922
8,-326847.980302,4475666.45249
8,-330457.617519,4476064.18677
8,-326953.588115,4475679.7198
8,-323981.833637,4475354.71812
8,-327494.538488,4475740.51161
8,-326370.089069,4475617.30966
8,-327253.231632,4475714.26726
8,-323076.362476,4475257.93653
8,-323990.292901,4475360.53038
8,-324968.900986,4475471.2454
8,-327405.97713,4475740.03304
8,-323971.080535,4475364.59267
8,-326840.904075,4475680.43299
8,-326863.549294,4475684.04185
8,-327253.796355,4475727.28331
8,-327382.722299,4475747.50748
8,-326465.651066,4475648.20543
8,-322965.98237,4475266.72955
8,-322220.462492,4475185.80333
8,-326847.840197,4475695.38634
8,-326843.780997,4475696.06779
8,-326840.443077,4475696.25383
8,-315117.891144,4474420.57185
8,-313230.626214,4474221.70072
8,-326385.541721,4475652.044
8,-327247.637916,4475750.2632
8,-327392.385454,4475771.54706
8,-327099.564203,4475739.88187
8,-326979.935964,4475730.93253
8,-327261.592506,4475770.71799
8,-324949.076078,4475517.88213
8,-327113.899596,4475754.97113
8,-327503.924898,4475798.65262
8,-327477.819784,4475796.57713
8,-326846.747425,4475729.0594
8,-330473.725009,4476127.73026
8,-327496.515565,4475800.65587
8,-327408.234763,4475791.30891
8,-324945.849788,4475523.54401
8,-327500.612045,4475803.5835
8,-327435.62418,4475796.67912
8,-324949.547978,4475525.44652
8,-327468.368946,4475801.39785
8,-327061.6542,4475757.46509
8,-321158.368192,4475113.29167
8,-327524.590446,4475811.62124
8,-327456.228289,4475807.04994
8,-327419.314266,4475803.22562
8,-326970.978473,4475754.16875
8,-327502.728924,4475815.08029
8,-326634.978822,4475722.92409
8,-316226.532166,4474594.28394
8,-326850.493985,4475751.77341
8,-327206.440046,4475791.02786
8,-327145.022854,4475784.74287
8,-327171.421478,4475788.0885
8,-296242.742215,4472462.40989
8,-327252.023966,4475801.09633
8,-320190.866188,4475029.99616
8,-327277.419914,4475804.10707
8,-327118.907053,4475789.87665
8,-316220.643611,4474603.89358
8,-322275.086317,4475261.74259
8,-327608.3992,4475845.93687
8,-326844.958394,4475765.92279
8,-321168.38442,4475145.91579
8,-326946.628643,4475783.48974
8,-327151.984595,4475809.72481
8,-327000.050536,4475796.33094
8,-327608.083688,4475865.38999
8,-327165.301188,4475817.83122
8,-324940.952711,4475576.31877
8,-327511.856185,4475858.21109
8,-327666.01668,4475876.59089
8,-327646.172314,4475877.45471
8,-327614.760787,4475874.79639
8,-327153.087659,4475824.15158
8,-324978.058572,4475586.76352
8,-315093.289401,4474512.74812
8,-326944.346275,4475802.72679
8,-327623.613506,4475877.79543
8,-330460.036979,4476190.43759
8,-327585.623864,4475875.09129
8,-327532.118005,4475870.91019
8,-327518.020268,4475870.71517
8,-326899.767342,4475803.2462
8,-327607.217499,4475881.17801
8,-326883.872214,4475802.06679
8,-315137.515852,4474526.53428
8,-324070.967204,4475498.11556
8,-324940.817815,4475593.39081
8,-327123.708225,4475833.77109
8,-327517.495569,4475878.65544
8,-327577.714612,4475887.96623
8,-327593.096487,4475890.66784
8,-327609.432063,4475893.36148
8,-327560.218113,4475890.32698
8,-327540.26344,4475888.25017
8,-326451.024865,4475769.83245
8,-327124.615436,4475846.82464
8,-327609.066228,4475901.43184
8,-327614.996454,4475902.6458
8,-327580.528245,4475899.42689
8,-324031.323737,4475513.9907
8,-326956.738638,4475834.27391
8,-314987.78894,4474539.47781
8,-315110.248213,4474556.12874
8,-324722.345864,4475602.35545
8,-327620.623018,4475920.83597
8,-327624.584851,4475923.41099
8,-326999.133374,4475856.04408
8,-327631.884587,4475925.56376
8,-327618.092901,4475928.10562
8,-316189.946238,4474684.34786
8,-324935.392683,4475636.34233
8,-326965.754974,4475859.48081
8,-327559.354592,4475926.6168
8,-327615.990547,4475933.84516
8,-327606.184577,4475934.00825
8,-327860.82614,4475964.99603
8,-326975.330375,4475868.52838
8,-326963.9104,4475867.61417
8,-320199.045753,4475129.9884
8,-327023.444802,4475879.21097
8,-327594.924729,4475943.47406
8,-326989.613154,4475878.09213
8,-324011.729741,4475558.09677
8,-326847.66042,4475875.59528
8,-327596.479723,4475961.66804
8,-322986.9294,4475462.35174
8,-314837.470666,4474579.53686
8,-326997.617088,4475916.48005
8,-322782.228471,4475455.6864
8,-320195.182712,4475174.2773
8,-311090.935203,4474194.96134
8,-324069.527837,4475605.15024
8,-322541.847456,4475438.70456
8,-324098.013916,4475608.63423
8,-322995.916104,4475488.49334
8,-316165.537386,4474749.84339
8,-327126.431102,4475947.16432
8,-327475.255472,4475998.38164
8,-316157.997505,4474765.80616
8,-322034.09383,4475411.20377
8,-330479.786178,4476337.56835
8,-327001.538127,4475959.71456
8,-324942.556611,4475735.8734
8,-326914.642857,4475955.93162
8,-326861.860595,4475955.43896
8,-325046.933969,4475758.18223
8,-327817.282251,4476061.82397
8,-311010.579421,4474236.69208
8,-330500.772213,4476364.66401
8,-327081.79997,4475993.18489
8,-329130.542862,4476219.60554
8,-327840.013367,4476079.63901
8,-313431.68542,4474514.34696
8,-328221.847672,4476124.49023
8,-327011.240106,4475992.09334
8,-327066.322072,4475998.47146
8,-324174.068225,4475692.22783
8,-327077.205966,4476010.59148
8,-324191.628729,4475699.55309
8,-327043.827928,4476013.23925
8,-316140.853782,4474827.59151
8,-327066.460854,4476021.69132
8,-327020.072677,4476018.18142
8,-330646.805118,4476417.74046
8,-327060.057047,4476037.43507
8,-327068.800612,4476046.16635
8,-323863.393702,4475696.38948
8,-326923.35134,4476031.34367
8,-324169.750933,4475730.23135
8,-352427.643187,4478873.80245
8,-321051.286595,4475394.26096
8,-324109.086882,4475732.88357
8,-324932.592266,4475829.58887
8,-327064.133388,4476064.24077
8,-324927.004193,4475830.47573
8,-327072.631211,4476066.5244
8,-327025.803603,4476065.44437
8,-327066.408769,4476071.13629
8,-326643.439601,4476031.07162
8,-327054.807426,4476079.7767
8,-324926.959863,4475853.36968
8,-327849.790039,4476174.43445
8,-326659.606457,4476046.36073
8,-316108.45197,4474905.72192
8,-327015.258207,4476097.63052
8,-320170.601164,4475354.15657
8,-327845.646827,4476195.60787
8,-327092.973824,4476122.7118
8,-324947.090185,4475888.4273
8,-324924.041752,4475901.1121
8,-321172.141135,4475492.97156
8,-330430.056412,4476509.89898
8,-313653.222478,4474693.23072
8,-320152.692002,4475409.75648
8,-327851.544356,4476253.93054
8,-326995.20692,4476162.79267
8,-326710.891402,4476133.98605
8,-324913.656559,4475947.28312
8,-327978.692714,4476313.95079
8,-316045.82314,4475013.79957
8,-327961.146959,4476322.28661
8,-324934.298398,4475992.15097
8,-310776.463284,4474460.09617
8,-329668.106652,4476514.65664
8,-369587.019781,4481017.04461
8,-326752.902941,4476200.31971
8,-327833.026245,4476323.20332
8,-339255.168938,4477591.41779
8,-324927.29813,4476019.17248
8,-326791.49505,4476230.68375
8,-326801.362685,4476236.2713
8,-328289.882539,4476408.06411
8,-328308.014436,4476415.68813
8,-327839.961787,4476368.91085
8,-325471.794089,4476111.4156
8,-325430.039332,4476107.78027
8,-328292.08344,4476425.09053
8,-315521.857066,4475033.55498
8,-328291.765562,4476426.4074
8,-328289.625941,4476426.96093
8,-328291.569953,4476428.1883
8,-330456.521967,4476669.40715
8,-325118.721838,4476083.66979
8,-324966.197546,4476067.35545
8,-328272.325589,4476431.48171
8,-325396.479401,4476116.31707
8,-325330.071699,4476109.79265
8,-327815.148265,4476383.48953
8,-330191.55346,4476646.2355
8,-314307.778282,4474914.735
8,-325092.744057,4476087.5858
8,-324934.41476,4476070.26527
8,-315959.728712,4475095.65894
8,-325400.088573,4476122.90715
8,-314332.466432,4474921.34097
8,-315627.367606,4475061.61642
8,-328326.843306,4476463.4918
8,-327844.061311,4476424.67061
8,-325245.956358,4476147.71499
8,-326850.137896,4476323.8485
8,-322961.276114,4475899.92779
8,-322486.275261,4475848.23471
8,-328868.385353,4476556.45385
8,-330501.881481,4476750.1537
8,-315207.583498,4475081.55529
8,-324282.225448,4476075.91656
8,-328873.248282,4476599.68318
8,-327867.283152,4476494.01973
8,-328990.759735,4476618.15469
8,-310550.075547,4474620.63644
8,-327904.58581,4476506.11304
8,-321018.977424,4475753.38166
8,-310788.802184,4474649.7811
8,-315873.844842,4475202.00653
8,-322983.229537,4475975.15999
8,-316029.99159,4475224.08084
8,-316103.164286,4475249.32695
8,-328844.941255,4476639.71711
8,-321154.630741,4475798.55785
8,-325464.144581,4476272.21357
8,-323382.506008,4476046.60666
8,-325398.883824,4476272.39177
8,-327853.727182,4476541.75835
8,-325403.430314,4476278.32979
8,-324352.893818,4476166.24632
8,-321202.252208,4475827.76887
8,-325352.331046,4476286.25346
8,-324908.876338,4476239.04968
8,-325241.324752,4476281.05466
8,-327891.984206,4476572.76855
8,-328359.339952,4476627.36123
8,-330501.601748,4476869.87798
8,-327873.009915,4476582.28805
8,-325236.992551,4476294.2885
8,-328713.396097,4476680.2214
8,-319327.48505,4475659.04124
8,-324748.855249,4476250.46054
8,-330529.801346,4476890.2094
8,-328490.63563,4476670.06077
8,-328313.699525,4476669.09698
8,-330523.797705,4476919.78547
8,-328268.108565,4476671.74913
8,-325381.864764,4476358.0146
8,-328449.165098,4476699.06275
8,-330538.202255,4476930.56499
8,-325385.372641,4476365.52851
8,-328213.873943,4476679.76047
8,-322515.492126,4476056.8402
8,-330520.083942,4476937.77343
8,-324563.990555,4476287.12515
8,-324769.675451,4476322.75165
8,-324885.333971,4476336.53998
8,-324904.640149,4476339.76696
8,-327098.245563,4476583.21627
8,-327036.640926,4476586.5973
8,-316056.252753,4475392.67105
8,-315884.705472,4475377.3325
8,-316429.099243,4475437.90952
8,-327959.538069,4476695.87481
8,-324418.237339,4476318.49558
8,-317091.483918,4475524.57086
8,-330569.400535,4477002.54268
8,-316567.603688,4475478.08044
8,-303440.847762,4474071.49668
8,-325134.470554,4476416.94482
8,-316533.959981,4475488.74672
8,-330579.195872,4477023.70864
8,-322944.425435,4476194.49224
8,-324417.993114,4476365.59114
8,-321391.719346,4476037.41908
8,-320100.980697,4475900.43647
8,-327981.266892,4476763.88938
8,-320065.601832,4475909.97942
8,-321396.463042,4476056.14299
8,-330591.39075,4477077.03249
8,-327717.239124,4476765.6992
8,-316697.166805,4475572.60946
8,-327608.602215,4476767.28078
8,-324469.637468,4476423.98776
8,-327826.22037,4476795.46158
8,-327102.679582,4476721.24144
8,-316795.118225,4475600.86209
8,-322452.753684,4476216.50432
8,-316832.747581,4475615.22953
8,-325277.635873,4476542.77613
8,-325061.558042,4476532.27503
8,-325259.11368,4476555.0201
8,-316826.67919,4475638.52379
8,-315044.43768,4475446.23905
8,-309891.201681,4474896.83459
8,-316824.248746,4475644.93744
8,-315025.657008,4475463.98072
8,-325263.262319,4476588.33044
8,-325280.199364,4476593.1803
8,-327129.794742,4476801.71528
8,-316930.870982,4475691.76516
8,-330678.477085,4477208.89492
8,-319257.147539,4475961.94411
8,-309765.947484,4474942.03962
8,-320579.148305,4476120.70298
8,-324885.831088,4476604.093
8,-317064.518773,4475758.04183
8,-315913.027612,4475653.08167
8,-324883.613751,4476646.84353
8,-322951.976148,4476446.66864
8,-317063.463098,4475808.31486
8,-328091.628184,4477012.94215
8,-315660.865821,4475663.15466
8,-315672.799072,4475665.6839
8,-316269.702647,4475730.71715
8,-328061.145447,4477030.25394
8,-330768.879213,4477340.89926
8,-317310.219628,4475871.00087
8,-317245.854115,4475870.5565
8,-325241.838504,4476746.19619
8,-316242.013277,4475769.75775
8,-316434.429999,4475800.04591
8,-316481.709817,4475806.40325
8,-397578.660944,4485038.56373
8,-321330.415332,4476365.78111
8,-327727.26882,4477066.99314
8,-316433.653446,4475838.88464
8,-321936.384391,4476441.39386
8,-319996.23697,4476230.71473
8,-326824.144587,4476981.87693
8,-321077.603407,4476354.96148
8,-327175.708105,4477051.86724
8,-329416.713186,4477303.48109
8,-317751.44347,4476031.62124
8,-327186.479501,4477061.83532
8,-328077.359086,4477163.83335
8,-309201.926644,4475116.69804
8,-324752.71448,4476805.04814
8,-318462.350647,4476131.7648
8,-313256.965681,4475568.67722
8,-318831.030391,4476172.24024
8,-318192.989192,4476107.47728
8,-319705.941688,4476277.98391
8,-325108.025208,4476867.38515
8,-319981.261012,4476309.99012
8,-320346.052863,4476359.24041
8,-328083.476455,4477206.93995
8,-319008.711118,4476216.4914
8,-320137.87084,4476341.4709
8,-317856.678803,4476094.76623
8,-309816.927091,4475229.85699
8,-324456.429472,4476823.32988
8,-320849.213654,4476429.94494
8,-330873.252262,4477530.56102
8,-309098.967041,4475165.41053
8,-324812.14636,4476868.62194
8,-320204.722584,4476369.01353
8,-320900.104066,4476446.37552
8,-303154.114259,4474536.19419
8,-321768.080981,4476547.83707
8,-321740.708277,4476547.14013
8,-321961.856724,4476572.56246
8,-320350.02264,4476399.39276
8,-324366.849779,4476846.57057
8,-323070.057695,4476710.91052
8,-321549.717217,4476545.10215
8,-320722.770158,4476455.4179
8,-322446.313653,4476644.71684
8,-324438.682166,4476863.59332
8,-308981.944872,4475191.27932
8,-324215.951733,4476851.28217
8,-322936.127539,4476712.23974
8,-317168.924499,4476091.35455
8,-322090.88436,4476629.9786
8,-327217.906009,4477191.70497
8,-328080.040756,4477289.47191
8,-324421.842152,4476891.4423
8,-324424.578588,4476892.86786
8,-326357.489208,4477107.78894
8,-324163.114847,4476868.59615
8,-324698.613994,4476930.15907
8,-322099.776463,4476646.34398
8,-330351.583256,4477551.41452
8,-325249.409929,4476993.40137
8,-324265.289514,4476885.78036
8,-328076.604199,4477304.75259
8,-328084.319342,4477308.86683
8,-325879.8084,4477072.11758
8,-325716.248115,4477062.37999
8,-324706.209036,4476961.0297
8,-327220.044597,4477242.14559
8,-315729.18018,4475992.01734
8,-327208.663599,4477244.05088
8,-324728.156318,4476986.48693
8,-328076.99618,4477354.24837
8,-321619.337926,4476649.16126
8,-321402.217805,4476636.58687
8,-316561.461616,4476112.16932
8,-322908.251498,4476802.30708
8,-321402.9973,4476642.67832
8,-327222.811318,4477280.07268
8,-322123.534594,4476723.31216
8,-396344.415741,4485207.81272
8,-319962.691856,4476508.05715
8,-301931.046312,4474570.95031
8,-322096.368877,4476766.30116
8,-308625.904122,4475316.97069
8,-319962.609347,4476545.20048
8,-319187.342444,4476462.85705
8,-327238.841051,4477349.45259
8,-322052.727174,4476785.3742
8,-317218.784148,4476259.89765
8,-324745.008487,4477079.97068
8,-396101.297223,4485230.58675
8,-315663.750172,4476096.7855
8,-319964.692736,4476569.83113
8,-324862.90336,4477111.83665
8,-319183.980716,4476504.15895
8,-319926.363423,4476585.75374
8,-319956.876037,4476590.19809
8,-329354.192181,4477629.37053
8,-308456.414055,4475359.88174
8,-319939.583776,4476604.30916
8,-329310.90326,4477644.10838
8,-324684.569895,4477139.05943
8,-310034.414567,4475559.41458
8,-325621.283403,4477253.42344
8,-308336.614746,4475406.08818
8,-324814.718803,4477198.92627
8,-324774.515275,4477199.93429
8,-328071.895255,4477568.62167
8,-317528.028868,4476420.59874
8,-328069.731337,4477577.28322
8,-316544.121106,4476335.37802
8,-328044.40181,4477594.21435
8,-328669.902333,4477665.6418
8,-396152.053014,4485393.48636
8,-317133.329398,4476407.99215
8,-324880.375584,4477254.16056
8,-319912.968925,4476712.90549
8,-302289.085732,4474831.67979
8,-328062.233178,4477619.52515
8,-328044.836576,4477617.61417
8,-324862.298329,4477282.22265
8,-324837.894547,4477281.05055
8,-319924.076999,4476745.30835
8,-319150.226191,4476664.2322
8,-315625.64131,4476307.35802
8,-308118.572129,4475503.49435
8,-327973.816837,4477669.14511
8,-327974.611403,4477670.58417
8,-328064.520112,4477684.16638
8,-319907.573979,4476797.86252
8,-327966.433207,4477679.59894
8,-331148.365874,4478031.58436
8,-324909.430947,4477351.39117
8,-308005.087557,4475524.1195
8,-319890.718494,4476810.82733
8,-324886.332113,4477360.6904
8,-324926.610464,4477371.33796
8,-319886.954666,4476857.37921
8,-319862.385211,4476854.81994
8,-327293.747121,4477668.26092
8,-327294.142804,4477674.12438
8,-319842.090328,4476865.25981
8,-319118.950054,4476790.34004
8,-324902.367819,4477422.00878
8,-328074.591783,4477771.12243
8,-324911.296695,4477433.25672
8,-320491.805055,4476966.53981
8,-324910.659824,4477470.72875
8,-315310.780575,4476430.93293
8,-302576.886932,4475065.27222
8,-324915.654423,4477480.47771
8,-327313.137413,4477768.01544
8,-324816.075508,4477498.34857
8,-324804.353482,4477498.64287
8,-324544.410863,4477471.78204
8,-302599.979564,4475104.30856
8,-324806.591349,4477501.14045
8,-328050.935007,4477869.00633
8,-319007.483935,4476897.29657
8,-324808.522674,4477531.76351
8,-325004.598577,4477570.22874
8,-329769.800152,4478094.5683
8,-316279.114975,4476623.16564
8,-324778.313487,4477548.28204
8,-316532.12282,4476653.19771
8,-328143.701292,4477921.66662
8,-324676.455147,4477542.20643
8,-328142.796661,4477922.80636
8,-328078.009492,4477919.74382
8,-309908.914985,4475948.07582
8,-324957.265756,4477580.2169
8,-317315.707175,4476749.25167
8,-317196.609763,4476740.28262
8,-307442.80664,4475690.11981
8,-324836.347047,4477573.4423
8,-315173.479503,4476522.50405
8,-328062.023642,4477934.16399
8,-329813.985199,4478127.22494
8,-317304.80577,4476766.7626
8,-317303.290882,4476767.16141
8,-317455.219925,4476786.06561
8,-317335.538333,4476773.46128
8,-317326.533782,4476772.67651
8,-317471.823724,4476788.62043
8,-317472.442281,4476789.62214
8,-317293.103525,4476770.89912
8,-317415.418382,4476785.88278
8,-317333.64139,4476779.46027
8,-317311.591926,4476781.38271
8,-324667.697407,4477586.64044
8,-317244.55491,4476784.32898
8,-328100.09583,4477978.04422
8,-315132.552216,4476566.1211
8,-328048.575122,4477993.51692
8,-325030.155647,4477668.53081
8,-329826.085567,4478200.83715
8,-326022.314148,4477790.14574
8,-319118.632226,4477043.4615
8,-327337.820202,4477948.40492
8,-328068.690511,4478029.00333
8,-315732.530283,4476701.18934
8,-317462.380942,4476917.12356
8,-317482.483144,4476920.47987
8,-307563.801491,4475853.70561
8,-306996.146397,4475813.86969
8,-317324.179011,4476931.53444
8,-319122.517255,4477127.21799
8,-317458.015438,4476946.54163
8,-319123.728111,4477128.02524
8,-319208.410065,4477148.60126
8,-319129.420135,4477146.54937
8,-319123.126128,4477147.66728
8,-325046.192635,4477794.94163
8,-325071.153991,4477807.85633
8,-319115.234186,4477159.98559
8,-319088.448787,4477163.49415
8,-289643.992948,4474024.06918
8,-325083.919879,4477822.54494
8,-317425.106641,4476992.97096
8,-319121.577722,4477181.83505
8,-317441.694445,4477022.57242
8,-317047.60697,4476987.36086
8,-319191.324927,4477221.13763
8,-328098.689147,4478198.22008
8,-319129.942133,4477218.22864
8,-325125.873123,4477873.87079
8,-325093.273223,4477876.3169
8,-327347.978461,4478127.7938
8,-328096.254186,4478213.73469
8,-318278.230443,4477146.89867
8,-319086.35864,4477237.70484
8,-331437.453255,4478591.92053
8,-325134.951092,4477913.54432
8,-323507.944599,4477741.20375
8,-319162.669106,4477272.45008
8,-319064.570756,4477276.25006
8,-317432.618098,4477104.91779
8,-327411.844445,4478196.24225
8,-319333.650512,4477318.5218
8,-319378.919207,4477327.1136
8,-325038.784326,4477946.94557
8,-319349.159706,4477328.75504
8,-318249.504285,4477209.7704
8,-319419.059765,4477340.11457
8,-327407.970405,4478218.12096
8,-314742.265723,4476839.91989
8,-319261.583565,4477330.12624
8,-319337.715291,4477350.41698
8,-319454.465659,4477369.83123
8,-397264.242518,4486240.29222
8,-319302.996704,4477356.58721
8,-397354.856565,4486258.66424
8,-317570.303033,4477176.78674
8,-321009.226254,4477556.50418
8,-291687.31564,4474420.90422
8,-317762.323199,4477205.41099
8,-319353.663131,4477381.6218
8,-319753.325123,4477426.75313
8,-324287.558789,4477921.44046
8,-318040.663586,4477241.2696
8,-317291.41053,4477161.79943
8,-324303.415311,4477938.75195
8,-317659.084909,4477215.81544
8,-325198.120624,4478039.10154
8,-318243.16631,4477281.71634
8,-318558.399574,4477316.39178
8,-318751.187351,4477337.89249
8,-317942.358034,4477255.91587
8,-328128.966138,4478369.21409
8,-317785.993443,4477241.22609
8,-317828.056547,4477246.16114
8,-318076.780643,4477275.33408
8,-327419.658171,4478295.44055
8,-327405.69935,4478295.59774
8,-318559.653688,4477332.74409
8,-302518.403947,4475612.04127
8,-318057.65447,4477282.52699
8,-318673.217536,4477355.17471
8,-319528.62879,4477452.89603
8,-318744.777081,4477382.3011
8,-318810.059652,4477392.82348
8,-318288.665397,4477341.04645
8,-318990.997417,4477419.01207
8,-326268.199152,4478223.29405
8,-327454.214502,4478362.42935
8,-314570.407155,4476960.81039
8,-292106.639705,4474570.30892
8,-326268.837227,4478237.21899
8,-306422.243092,4476089.82874
8,-325191.528111,4478126.99197
8,-306334.111299,4476096.22958
8,-332124.119971,4478901.68127
8,-325254.878508,4478154.39484
8,-324176.434686,4478050.83531
8,-327435.550962,4478410.95858
8,-324730.539743,4478115.76378
8,-327426.748034,4478413.37148
8,-319701.094036,4477574.05124
8,-314473.384866,4477009.6316
8,-319701.559214,4477580.5998
8,-318070.357775,4477404.12763
8,-322992.94348,4477947.22328
8,-327559.510608,4478450.28708
8,-325276.98443,4478203.17737
8,-323831.383058,4478053.65821
8,-324075.235045,4478086.88401
8,-328167.867736,4478536.63928
8,-330271.329839,4478772.60444
8,-329257.683419,4478667.75021
8,-325231.472441,4478232.1429
8,-319699.610159,4477635.45731
8,-324556.929837,4478176.54751
8,-315751.902353,4477218.89687
8,-306060.431224,4476182.15234
8,-319662.293145,4477654.85708
8,-305416.870695,4476121.57834
8,-324001.496264,4478131.75927
8,-328936.617498,4478673.73598
8,-324499.998593,4478193.0375
8,-327461.341857,4478524.173
8,-324416.034585,4478196.80519
8,-314385.410397,4477116.28085
8,-305754.958654,4476193.21913
8,-327471.769577,4478572.41569
8,-324368.611319,4478235.9282
8,-292860.938485,4474866.54058
8,-314216.388274,4477149.25298
8,-292848.965628,4474876.52194
8,-323728.650856,4478194.8546
8,-303672.101302,4476034.24529
8,-314330.59015,4477180.35921
8,-314306.272573,4477178.48656
8,-331109.934618,4479014.59544
8,-305443.453549,4476232.53644
8,-325362.43251,4478387.49643
8,-328542.296958,4478742.26737
8,-327478.101284,4478629.09652
8,-304560.104183,4476153.63353
8,-314185.935333,4477193.44503
8,-326997.942034,4478588.58635
8,-314239.708357,4477199.86146
8,-326751.577332,4478572.99823
8,-319624.29402,4477796.75438
8,-325321.547024,4478420.9441
8,-319626.143222,4477800.44658
8,-304487.311285,4476170.97108
8,-318513.477442,4477692.59243
8,-328214.316083,4478771.59473
8,-324664.503295,4478388.25788
8,-328221.748436,4478787.01105
8,-314114.188665,4477260.16608
8,-328151.633716,4478792.06823
8,-325402.275717,4478502.06614
8,-328141.830451,4478805.31627
8,-305790.295408,4476387.19336
8,-327217.017597,4478714.42991
8,-325437.774974,4478520.5461
8,-314108.254336,4477303.65111
8,-328446.988749,4478867.69075
8,-328080.147802,4478827.9652
8,-305696.19237,4476410.34182
8,-328037.022396,4478834.29955
8,-327533.994486,4478784.82985
8,-303457.584548,4476180.47213
8,-317408.364828,4477686.95791
8,-327812.714056,4478825.92053
8,-328193.11184,4478875.49309
8,-328200.410829,4478878.72856
8,-314072.89088,4477341.31163
8,-327555.272928,4478841.01217
8,-319584.516276,4477971.48853
8,-318689.95023,4477888.89912
8,-327521.341851,4478860.9079
8,-325495.102495,4478668.98305
8,-317473.578191,4477821.50316
8,-336015.037346,4479856.51219
8,-313891.648396,4477468.85458
8,-327631.035372,4478978.99081
8,-326114.573522,4478831.6144
8,-325515.065481,4478765.97868
8,-336505.87134,4479978.50523
8,-319169.320855,4478084.12132
8,-336262.92951,4479962.9026
8,-324796.502556,4478702.31722
8,-336250.31161,4479966.0092
8,-319575.436101,4478146.52035
8,-327907.157218,4479067.85758
8,-327669.581441,4479047.43417
8,-296712.024179,4475712.96503
8,-325591.864628,4478826.25219
8,-324444.036645,4478701.84981
8,-302970.881544,4476394.80973
8,-325498.283863,4478838.86523
8,-326151.565742,4478933.36463
8,-326359.209891,4478956.77659
8,-294818.767156,4475585.54308
8,-328315.200845,4479212.96343
8,-327078.150568,4479085.78675
8,-324762.499224,4478848.2106
8,-327789.695328,4479191.2566
8,-324970.167555,4478885.32848
8,-307389.220316,4476982.30254
8,-326375.573567,4479043.61672
8,-326375.000602,4479055.15611
8,-326385.706977,4479057.79473
8,-326384.533863,4479059.01778
8,-326382.615394,4479061.51079
8,-324579.145644,4478864.93009
8,-326659.535004,4479099.88599
8,-326388.812903,4479071.31462
8,-319505.19349,4478320.41873
8,-329216.771902,4479383.10739
8,-335930.851511,4480131.47516
8,-327835.642741,4479238.25531
8,-309137.761694,4477209.77825
8,-326622.29736,4479115.73848
8,-317919.541236,4478168.59784
8,-319517.804135,4478343.75032
8,-351349.490075,4481875.8682
8,-319512.556761,4478350.61232
8,-325636.872695,4479025.25137
8,-302000.183606,4476487.95269
8,-325663.995791,4479044.22975
8,-318066.652682,4478251.50212
8,-319246.123594,4478408.05148
8,-286725.584382,4474949.97004
8,-309070.129285,4477340.53614
8,-328429.622993,4479446.71164
8,-319233.939776,4478445.99579
8,-327871.709084,4479396.20937
8,-327867.333452,4479399.78391
8,-326582.835271,4479261.56344
8,-328079.735459,4479447.49307
8,-327881.642205,4479431.88415
8,-318593.824614,4478421.58828
8,-327897.088834,4479461.58615
8,-319296.075841,4478523.09107
8,-335277.499657,4480312.56159
8,-335186.355419,4480309.21581
8,-325759.238309,4479283.28303
8,-317526.002567,4478393.83556
8,-317502.107703,4478397.88707
8,-317540.258425,4478410.02137
8,-337631.925615,4480618.38476
8,-327864.375906,4479540.94611
8,-327920.053809,4479569.25669
8,-327926.163049,4479583.78396
8,-327923.070291,4479591.44217
8,-313469.312749,4478058.10429
8,-319450.535878,4478733.85721
8,-325839.884742,4479443.99679
8,-328831.181122,4479792.22479
8,-325851.587075,4479492.58895
8,-319341.458701,4478795.30792
8,-328838.922646,4479849.03132
8,-328684.626245,4479862.47201
8,-328013.838442,4479799.90698
8,-334034.988685,4480503.32665
8,-319418.231099,4478902.7592
8,-329066.118139,4479968.59463
8,-328883.123586,4479966.73959
8,-303147.855408,4477195.64495
8,-325868.248137,4479660.12217
8,-328580.38054,4479973.23226
8,-339830.037333,4481224.68351
8,-327233.95038,4479838.473
8,-318645.106514,4478903.96327
8,-323234.126541,4479452.22447
8,-317510.716968,4478851.3956
8,-319392.5186,4479065.95896
8,-319460.875405,4479120.24232
8,-318709.411632,4479056.89793
8,-308735.208536,4477981.60466
8,-328971.769372,4480186.59373
8,-326658.918755,4479949.72043
8,-317559.539724,4478979.18808
8,-319389.453581,4479199.97675
8,-328182.397616,4480162.24631
8,-325987.495776,4479932.94894
8,-326052.411852,4479961.23325
8,-319383.183793,4479246.48102
8,-304462.203829,4477643.73997
8,-326086.409111,4480014.34417
8,-318751.689615,4479226.13382
8,-318746.838198,4479236.53009
8,-319391.663083,4479318.91465
8,-326491.162219,4480124.45118
8,-304301.068372,4477737.78133
8,-328120.588683,4480378.72374
8,-328410.932873,4480421.46827
8,-326154.533037,4480185.11414
8,-327848.298488,4480390.6952
8,-328292.588572,4480441.90962
8,-331971.598622,4480848.40332
8,-340269.318375,4481778.3949
8,-319364.316582,4479493.94151
8,-329039.244752,4480555.44849
8,-328298.909929,4480487.55271
8,-318973.118836,4479491.64876
8,-319401.974966,4479538.39956
8,-329061.106964,4480596.72086
8,-306228.818012,4478120.30351
8,-328302.568713,4480525.13005
8,-327846.890372,4480477.61852
8,-329069.906577,4480613.83294
8,-319553.609374,4479574.15329
8,-328108.578665,4480512.35859
8,-305926.346568,4478106.96845
8,-346193.350229,4482550.16887
8,-283798.031187,4475800.13719
8,-303255.573577,4477850.37151
8,-329044.10759,4480650.24163
8,-347135.592895,4482667.41237
8,-328313.310284,4480586.4673
8,-328332.592508,4480590.61582
8,-329078.520086,4480685.00995
8,-328329.570183,4480604.47749
8,-319288.333732,4479624.94934
8,-319118.812409,4479618.64161
8,-328935.21148,4480694.39016
8,-328953.525014,4480696.56369
8,-319350.982356,4479653.12705
8,-319545.052047,4479682.23561
8,-301547.518395,4477749.02721
8,-319309.658415,4479661.47035
8,-332680.069005,4481135.30047
8,-319386.878045,4479677.97841
8,-319755.187627,4479737.08546
8,-319838.400207,4479747.83142
8,-329068.042687,4480765.71123
8,-319439.009757,4479714.28134
8,-302254.105407,4477866.05788
8,-342407.441886,4482254.17945
8,-332655.550384,4481174.11894
8,-319467.981222,4479730.38415
8,-329055.618329,4480782.94267
8,-319808.11547,4479777.19446
8,-329054.979532,4480790.00337
8,-329076.209696,4480792.4195
8,-319231.420064,4479725.14749
8,-319832.404754,4479790.98737
8,-319724.845449,4479782.8847
8,-328359.520129,4480733.04036
8,-319700.413482,4479786.30717
8,-319648.862707,4479781.26033
8,-319364.536916,4479756.85722
8,-319218.118168,4479741.38145
8,-319814.865505,4479809.8001
8,-319780.520986,4479808.87748
8,-317978.876674,4479617.91287
8,-319764.409093,4479812.19172
8,-319777.03366,4479816.26858
8,-328970.224351,4480824.60824
8,-319829.224517,4479826.56646
8,-318995.720894,4479736.67882
8,-319752.625952,4479819.46827
8,-319732.209598,4479818.5977
8,-329017.552328,4480835.07923
8,-319778.243614,4479829.80182
8,-319370.662706,4479786.46605
8,-319738.143645,4479827.68986
8,-319736.202866,4479829.61838
8,-326283.580887,4480546.24596
8,-319763.625824,4479836.88245
8,-319759.496824,4479837.44662
8,-319740.790403,4479835.9738
8,-329308.311646,4480884.73559
8,-319772.733651,4479843.05415
8,-319595.869911,4479826.84738
8,-319772.152194,4479848.39654
8,-319725.748719,4479846.94997
8,-319757.738159,4479851.21985
8,-319780.161676,4479855.91275
8,-329210.083546,4480888.37234
8,-319793.396995,4479859.94351
8,-319582.037284,4479837.05441
8,-319793.412041,4479862.98584
8,-328395.589353,4480804.93703
8,-319542.590041,4479840.08225
8,-319806.113586,4479871.1254
8,-319796.852727,4479871.13099
8,-319744.594689,4479867.01993
8,-303953.29358,4478166.47573
8,-319785.317022,4479881.70033
8,-326358.307578,4480600.24619
8,-313282.328292,4479179.61093
8,-329081.192135,4480917.56399
8,-326505.331571,4480634.52754
8,-319892.00016,4479921.69252
8,-319903.259009,4479942.28854
8,-328647.130977,4480902.79469
8,-328677.776458,4480907.51884
8,-319867.079052,4479951.07601
8,-319806.675772,4479963.75882
8,-326401.298432,4480692.27411
8,-319145.141095,4479906.53498
8,-319463.081436,4479943.26013
8,-319410.616927,4479939.4666
8,-319807.893552,4479985.96456
8,-328422.06565,4480950.72616
8,-326412.11159,4480738.3269
8,-327606.435511,4480870.80805
8,-319015.006744,4479959.1638
8,-308168.142893,4478795.65036
8,-303925.140414,4478368.62951
8,-304040.592506,4478407.46846
8,-319150.732557,4480060.41321
8,-351545.942691,4483679.62806
8,-346932.380671,4483164.13443
8,-281797.337232,4476125.28157
8,-281838.327326,4476131.40045
8,-328488.076141,4481127.2712
8,-319115.722433,4480112.57546
8,-304034.57797,4478492.19024
8,-313263.532187,4479487.21232
8,-319104.399052,4480123.91184
8,-319085.950213,4480122.46844
8,-281629.655338,4476144.44451
8,-319085.644666,4480136.89506
8,-320250.207219,4480278.50836
8,-319150.331624,4480160.3725
8,-326559.443274,4480971.1916
