5,-330772.160533,4472589.29576
5,-328849.183603,4472378.03776
5,-328860.581049,4472380.79084
5,-326531.969792,4472125.54253
5,-328880.56208,4472384.29844
5,-328704.200644,4472365.87943
5,-326807.953046,4472160.8248
5,-326817.062879,4472162.57322
5,-326423.56763,4472119.68536
5,-319192.229483,4471335.0202
5,-328886.781696,4472393.42985
5,-329328.036645,4472442.24587
5,-328316.54271,4472331.60113
5,-326943.998844,4472181.467
5,-330717.194628,4472597.33014
5,-319178.252538,4471336.88248
5,-318592.494709,4471273.51683
5,-326929.834353,4472183.40769
5,-326383.973444,4472124.10046
5,-326268.959013,4472111.62709
5,-326525.105976,4472140.7485
5,-326958.460452,4472188.6828
5,-328625.683037,4472375.62413
5,-326491.77317,4472141.79338
5,-325858.925456,4472072.6288
5,-314700.377227,4470860.97763
5,-326962.010018,4472194.25303
5,-325951.922323,4472086.74248
5,-316237.228236,4471030.51034
5,-326708.560617,4472169.89192
5,-325961.439899,4472088.45934
5,-328417.419308,4472358.62984
5,-326809.711796,4472184.33398
5,-326699.207514,4472173.1362
5,-329427.917743,4472473.12984
5,-326732.807754,4472177.56579
5,-326439.261612,4472146.25867
5,-328373.894539,4472359.10411
5,-325734.033481,4472070.4597
5,-329426.511062,4472475.41608
5,-328595.575446,4472385.6877
5,-326731.300962,4472182.09416
5,-325971.256172,4472100.12097
5,-326517.693936,4472160.96324
5,-326508.479357,4472162.01971
5,-325918.400723,4472100.08418
5,-329087.388568,4472447.55926
5,-326430.210306,4472156.64461
5,-325911.869292,4472101.172
5,-336597.327449,4473278.59251
5,-326948.831632,4472215.67596
5,-328930.804945,4472433.18379
5,-326859.77174,4472206.48632
5,-326631.851862,4472182.84609
5,-326916.133768,4472214.34795
5,-326584.168234,4472178.56488
5,-326454.556485,4472165.1289
5,-329141.500366,4472459.88458
5,-326744.897627,4472197.73795
5,-328902.159682,4472434.92057
5,-329308.172801,4472480.51694
5,-326441.595093,4472166.90175
5,-319160.436609,4471374.13862
5,-329070.671049,4472456.42535
5,-326787.865945,4472207.62403
5,-328873.738805,4472437.24532
5,-329038.233242,4472455.8677
5,-329238.407701,4472478.14931
5,-326045.287772,4472128.38125
5,-319160.051413,4471378.48866
5,-325905.209312,4472113.73474
5,-326545.61435,4472184.29449
5,-319147.822198,4471379.41443
5,-329003.634307,4472455.26066
5,-329234.970767,4472484.98147
5,-316671.874007,4471119.49559
5,-329243.216473,4472493.54726
5,-326503.698482,4472194.08676
5,-329233.740071,4472494.60932
5,-326963.057189,4472245.61947
5,-328485.738156,4472412.68265
5,-325885.535652,4472128.81643
5,-326935.301626,4472245.0579
5,-328861.671454,4472456.38515
5,-325372.529076,4472075.87914
5,-329239.742802,4472499.92477
5,-316314.155248,4471092.19658
5,-329232.892401,4472500.74954
5,-326941.813614,4472250.00637
5,-326948.918682,4472251.2801
5,-325797.230628,4472126.4802
5,-326601.456158,4472215.37568
5,-325447.092354,4472091.35083
5,-326910.48465,4472251.68934
5,-325947.953843,4472147.58308
5,-326664.143547,4472226.93163
5,-326549.012144,4472215.26684
5,-326944.179027,4472258.7135
5,-328375.454229,4472415.98161
5,-316641.911185,4471138.21317
5,-329223.131221,4472509.92869
5,-329220.635874,4472512.13295
5,-326935.552691,4472261.75629
5,-328951.716862,4472482.94237
5,-319421.362811,4471443.77323
5,-326919.063225,4472261.18952
5,-258753.479278,4465109.11836
5,-330695.679055,4472677.08915
5,-328924.062699,4472485.38862
5,-326959.36091,4472272.24856
5,-329162.144249,4472513.96671
5,-329422.477817,4472543.69009
5,-326279.511804,4472199.46844
5,-326904.13889,4472269.54264
5,-326563.576669,4472233.94481
5,-326511.114175,4472228.46502
5,-316621.371659,4471155.92268
5,-329201.297014,4472529.61024
5,-326721.118243,4472257.95018
5,-328893.053799,4472496.81654
5,-326560.869605,4472244.16152
5,-326564.172956,4472245.64952
5,-328917.207057,4472504.81889
5,-316630.207651,4471166.33656
5,-326669.987841,4472259.29841
5,-326961.570994,4472294.00508
5,-329276.567541,4472548.12807
5,-329067.199689,4472525.13589
5,-328396.356008,4472453.19528
5,-326428.289683,4472237.53459
5,-326460.788354,4472241.46702
5,-328762.329584,4472494.25742
5,-329030.798762,4472524.89403
5,-326457.567968,4472243.1796
5,-328973.181504,4472519.50672
5,-326646.749248,4472265.7655
5,-328814.173744,4472506.18134
5,-326498.060819,4472252.71803
5,-326606.973722,4472264.97803
5,-326479.16162,4472251.73825
5,-319153.762135,4471454.04398
5,-326475.797933,4472252.12101
5,-326600.009552,4472266.18798
5,-328877.907892,4472516.36937
5,-326658.658375,4472273.07675
5,-326469.926857,4472252.98026
5,-326801.362781,4472289.86518
5,-326938.953956,4472305.07885
5,-326872.924868,4472297.92671
5,-319149.022076,4471457.80905
5,-326600.084974,4472269.8559
5,-328589.863312,4472489.07219
5,-326624.592068,4472274.22836
5,-329329.88011,4472571.43322
5,-325545.08405,4472157.25482
5,-326428.082217,4472254.02479
5,-322893.784038,4471868.54057
5,-326479.206301,4472260.56656
5,-326493.683252,4472265.53033
5,-327033.37421,4472325.18606
5,-328932.712943,4472534.2141
5,-328943.906176,4472536.19396
5,-326945.995941,4472317.53096
5,-319163.53377,4471470.98202
5,-328362.769518,4472476.54572
5,-327047.456659,4472333.48702
5,-325928.011554,4472211.06928
5,-326440.474103,4472267.40343
5,-326810.752704,4472309.36644
5,-328858.84742,4472534.7415
5,-326482.882104,4472274.48562
5,-328815.808002,4472530.76791
5,-333278.316061,4473022.33282
5,-328830.732243,4472532.96941
5,-326466.470395,4472274.00341
5,-328361.963265,4472482.3149
5,-326473.019415,4472275.65889
5,-326454.503179,4472273.81996
5,-326809.518894,4472313.51168
5,-328858.032336,4472538.21923
5,-326372.38147,4472266.70934
5,-328865.841227,4472540.76619
5,-326669.005818,4472299.92908
5,-326482.864117,4472279.92789
5,-328855.096856,4472541.27645
5,-326274.611341,4472258.82213
5,-319177.009174,4471486.52006
5,-326489.69531,4472283.4916
5,-326801.422857,4472317.80664
5,-325666.250055,4472194.26899
5,-326951.520273,4472337.51027
5,-326597.549269,4472299.61561
5,-326463.661937,4472285.14768
5,-326477.391384,4472287.17608
5,-329024.482754,4472566.63181
5,-328877.463553,4472550.67848
5,-326950.346736,4472339.52193
5,-326468.841461,4472287.96739
5,-326520.484668,4472295.122
5,-326173.153395,4472258.6126
5,-328981.059361,4472567.49656
5,-328950.637371,4472564.34425
5,-316565.366429,4471215.62614
5,-326908.274362,4472343.95939
5,-328865.150593,4472561.5304
5,-326494.522757,4472301.66684
5,-330604.814158,4472753.83741
5,-328871.638251,4472563.48174
5,-316571.079646,4471223.67551
5,-328853.223785,4472562.28634
5,-316565.589047,4471223.98267
5,-316555.829271,4471223.71565
5,-328886.49752,4472568.3798
5,-328385.337633,4472514.12996
5,-325533.825108,4472205.02043
5,-326458.024723,4472307.62173
5,-319134.885361,4471510.66669
5,-330610.46459,4472765.49929
5,-325196.741195,4472172.34249
5,-319488.631597,4471551.1845
5,-328972.563372,4472587.02086
5,-326457.757282,4472311.38465
5,-328487.544635,4472534.35591
5,-324649.155669,4472114.91954
5,-327014.909318,4472374.30287
5,-328908.660755,4472582.26558
5,-328930.333334,4472584.83267
5,-326943.128038,4472367.45486
5,-326520.854967,4472321.55774
5,-328407.123743,4472528.90387
5,-326948.339816,4472369.71527
5,-333214.971723,4473059.65316
5,-328226.517555,4472510.97551
5,-328353.103231,4472527.52805
5,-328993.476081,4472599.0874
5,-328873.329685,4472590.96599
5,-326934.439084,4472379.2993
5,-316539.242753,4471249.73472
5,-329275.37487,4472637.89208
5,-326758.958178,4472362.15554
5,-316538.167132,4471250.06883
5,-326840.224325,4472371.80516
5,-326598.180252,4472345.30384
5,-326938.020932,4472383.22851
5,-326908.772722,4472380.4759
5,-331439.823775,4472879.72374
5,-326760.978606,4472367.44559
5,-326904.481799,4472387.21501
5,-326743.895596,4472370.45619
5,-316543.259058,4471260.75815
5,-328886.726218,4472605.76679
5,-328370.196369,4472550.24302
5,-316461.236278,4471253.34947
5,-314528.9277,4471045.15361
5,-328826.43905,4472601.02605
5,-328428.189812,4472558.059
5,-327132.01991,4472417.46904
5,-326540.265239,4472354.54573
5,-326924.970821,4472397.23113
5,-322866.358064,4471955.15664
5,-328908.246069,4472617.69697
5,-316462.988184,4471261.9839
5,-320599.955611,4471711.05315
5,-319153.137724,4471557.24038
5,-328382.961655,4472564.74813
5,-329616.374959,4472700.92534
5,-327892.314658,4472511.90939
5,-325817.400205,4472285.92697
5,-326941.317839,4472410.09408
5,-328162.940069,4472544.40419
5,-328073.76349,4472534.96131
5,-316542.977345,4471280.09029
5,-326838.959708,4472401.55405
5,-328248.422964,4472556.18402
5,-326958.881738,4472415.96015
5,-326912.747723,4472411.43697
5,-314392.817437,4471051.08011
5,-327262.854855,4472450.57636
5,-326908.19782,4472412.6283
5,-318641.472524,4471512.68029
5,-327015.479721,4472425.34691
5,-328099.082628,4472544.30919
5,-326926.645117,4472415.88765
5,-326809.799121,4472403.5423
5,-326770.492131,4472400.58985
5,-328639.505294,4472606.60469
5,-325912.490377,4472308.60495
5,-319252.105972,4471584.07962
5,-326500.694948,4472374.31909
5,-326776.936141,4472405.05015
5,-327966.803541,4472535.96036
5,-328650.53569,4472611.38247
5,-326286.595861,4472352.49729
5,-328774.433204,4472625.58222
5,-328078.292754,4472549.5275
5,-319134.070155,4471574.09074
5,-328498.54403,4472596.01694
5,-326118.880561,4472335.68877
5,-328433.771885,4472590.03618
5,-328487.922252,4472596.72886
5,-328481.928212,4472596.07114
5,-327627.543129,4472502.70761
5,-328171.482129,4472562.38824
5,-328069.277882,4472551.36621
5,-325868.101839,4472310.39535
5,-328771.232787,4472628.94832
5,-316563.289966,4471300.52784
5,-326954.862342,4472431.48121
5,-328078.269509,4472554.98076
5,-328173.7664,4472566.58141
5,-328699.476813,4472624.82335
5,-327586.78169,4472504.84814
5,-327554.773004,4472501.71527
5,-328170.036297,4472570.30262
5,-328081.634799,4472561.16988
5,-328672.585031,4472626.56923
5,-327818.550691,4472532.88397
5,-326834.516543,4472425.51056
5,-327028.794925,4472446.90061
5,-327692.860269,4472520.04307
5,-325929.612237,4472327.14812
5,-327911.134937,4472544.72514
5,-327240.803014,4472471.252
5,-327074.887919,4472453.30117
5,-328540.749173,4472614.16598
5,-327328.062714,4472481.56381
5,-328543.093899,4472615.17427
5,-328913.113848,4472657.47829
5,-327741.995764,4472528.99668
5,-327503.357149,4472503.02641
5,-316512.746289,4471308.12476
5,-328677.716352,4472633.5083
5,-327004.511301,4472450.24833
5,-326971.085026,4472446.95518
5,-325972.502766,4472338.26017
5,-328516.855552,4472617.36412
5,-331465.516235,4472944.1439
5,-328592.331819,4472628.46302
5,-327023.718537,4472456.85404
5,-327660.290491,4472529.98629
5,-327841.511068,4472550.0452
5,-327398.750975,4472502.07594
5,-324180.549148,4472151.78974
5,-326926.414083,4472452.02018
5,-326077.756092,4472359.12364
5,-324879.35209,4472228.55877
5,-328581.594821,4472635.54178
5,-326835.612805,4472448.26016
5,-327029.463852,4472470.06541
5,-327873.767118,4472564.09546
5,-316502.261435,4471326.58369
5,-326934.307602,4472462.23391
5,-316507.681139,4471327.73265
5,-325735.933375,4472331.29702
5,-329233.617597,4472715.08991
5,-330478.895122,4472854.1393
5,-324614.858261,4472211.49545
5,-326689.511353,4472439.78293
5,-319190.852002,4471624.05571
5,-316495.793454,4471334.32944
5,-329267.770729,4472727.9545
5,-329056.840921,4472704.78973
5,-328649.910944,4472661.02921
5,-327190.784341,4472503.31945
5,-327853.179245,4472576.66964
5,-319177.248848,4471630.46285
5,-322912.73769,4472037.29172
5,-326901.444314,4472473.50337
5,-326927.081487,4472476.86308
5,-316501.240475,4471344.039
5,-326376.33991,4472418.71715
5,-326928.67093,4472484.74182
5,-330493.076852,4472877.74593
5,-315978.701068,4471295.8284
5,-325537.0997,4472336.48646
5,-328554.417429,4472668.61029
5,-324638.558103,4472240.43968
5,-316476.468244,4471353.63422
5,-316486.790112,4471355.1518
5,-326349.299488,4472428.26064
5,-323822.333165,4472154.04526
5,-326962.638039,4472497.89011
5,-329124.895767,4472735.25485
5,-322283.94509,4471987.2515
5,-324926.448457,4472276.04281
5,-330457.284134,4472882.55078
5,-319463.864207,4471684.4197
5,-316470.109995,4471361.16665
5,-326195.174385,4472420.06738
5,-325116.678875,4472302.35864
5,-325023.260206,4472292.15064
5,-326050.036743,4472404.97585
5,-324072.128343,4472189.89658
5,-329150.878599,4472746.44437
5,-328763.739933,4472704.0509
5,-328403.749933,4472664.59628
5,-328932.611672,4472724.57992
5,-316473.473832,4471368.51156
5,-325795.506936,4472382.31502
5,-324486.513451,4472239.44673
5,-328341.68779,4472663.80217
5,-316470.188256,4471370.85875
5,-324721.910741,4472269.81721
5,-325146.642783,4472316.78388
5,-328337.362972,4472667.12783
5,-326871.256502,4472507.81944
5,-322916.491778,4472076.78191
5,-330429.551694,4472900.90479
5,-324707.003288,4472273.82059
5,-325175.245256,4472325.19224
5,-326776.774222,4472500.9647
5,-326851.225474,4472510.05632
5,-326955.882771,4472522.3819
5,-319151.281334,4471671.7895
5,-326894.232285,4472518.78375
5,-328732.647422,4472722.04114
5,-319493.03705,4471714.16196
5,-328572.934796,4472705.18772
5,-328744.537687,4472724.77318
5,-316474.655954,4471388.991
5,-327462.640672,4472585.67495
5,-316456.83913,4471387.76943
5,-328452.563951,4472695.73444
5,-329268.869131,4472786.28163
5,-326741.378605,4472510.04255
5,-319510.573253,4471721.80825
5,-325675.226917,4472394.27894
5,-324462.073612,4472261.71475
5,-325755.875005,4472403.21122
5,-326897.580212,4472528.64606
5,-314277.961927,4471157.93108
5,-326876.646305,4472528.23454
5,-316433.33104,4471392.88479
5,-326937.809057,4472536.2848
5,-325303.096952,4472358.32497
5,-326923.512172,4472535.80031
5,-316465.187585,4471398.84804
5,-326872.855825,4472531.98714
5,-325929.590339,4472428.7446
5,-326728.746437,4472518.57173
5,-326088.796199,4472449.09022
5,-316446.625645,4471400.51509
5,-327008.490321,4472549.99647
5,-326723.780385,4472518.81645
5,-325757.446452,4472414.1962
5,-326708.710985,4472519.53188
5,-316416.283537,4471399.93724
5,-325745.508684,4472414.80545
5,-326773.518715,4472527.52934
5,-316439.043148,4471403.60764
5,-316465.86146,4471406.87354
5,-326834.436671,4472535.43932
5,-328326.113968,4472699.28218
5,-336535.883395,4473605.1637
5,-326742.670194,4472528.31911
5,-319521.545619,4471741.24222
5,-326873.300328,4472542.962
5,-326749.337838,4472531.5273
5,-326949.350149,4472553.54391
5,-329283.446871,4472811.35921
5,-326835.981279,4472544.28182
5,-319144.408962,4471707.19213
5,-316421.112728,4471412.95795
5,-325676.280602,4472420.30053
5,-325179.815535,4472366.62306
5,-326757.659244,4472540.99918
5,-316593.34447,4471435.21852
5,-326890.540171,4472556.4521
5,-319150.629885,4471712.93443
5,-326734.907521,4472539.85957
5,-326872.461314,4472556.16176
5,-319136.859968,4471713.69296
5,-329282.375862,4472821.18862
5,-326720.780361,4472541.46662
5,-319140.14001,4471715.40009
5,-326742.064851,4472544.13514
5,-326567.084754,4472525.12722
5,-325324.495795,4472389.27328
5,-316419.57485,4471421.57452
5,-326811.545311,4472552.98257
5,-328512.504282,4472739.67239
5,-317849.913723,4471578.65183
5,-326739.301978,4472548.00031
5,-326881.479476,4472564.809
5,-328235.957043,4472714.58668
5,-326729.235844,4472549.7141
5,-326760.404251,4472553.91552
5,-326752.428786,4472553.15483
5,-326864.820027,4472565.80054
5,-328386.229345,4472732.68779
5,-326803.572578,4472559.3185
5,-326285.686518,4472503.33368
5,-328374.510833,4472732.6036
5,-328766.239535,4472775.77822
5,-324160.94899,4472273.17221
5,-326911.414315,4472573.94482
5,-316664.105839,4471459.27448
5,-326742.987034,4472556.28866
5,-326735.782213,4472555.61238
5,-326744.345182,4472557.3385
5,-326838.534741,4472568.44133
5,-328882.245837,4472792.63637
5,-326745.129251,4472560.46565
5,-326742.59733,4472560.63897
5,-326743.502968,4472561.86454
5,-316423.814415,4471440.04891
5,-326440.263502,4472529.79244
5,-325192.773754,4472393.38201
5,-333075.417884,4473260.00696
5,-326857.374986,4472576.8125
5,-328321.839852,4472738.23963
5,-333034.987748,4473257.23543
5,-328700.814554,4472782.30595
5,-327151.283735,4472613.39889
5,-328588.067965,4472771.28307
5,-326739.811947,4472569.45786
5,-328641.255206,4472780.16199
5,-325788.788553,4472469.8875
5,-326853.990674,4472587.14276
5,-326819.764787,4472583.95779
5,-326908.009059,4472593.95993
5,-328698.582074,4472790.88127
5,-316722.695709,4471486.20552
5,-326225.959951,4472521.20635
5,-325637.355012,4472456.93087
5,-328360.268073,4472755.81572
5,-327353.013511,4472645.36969
5,-326861.735109,4472591.59541
5,-326584.897197,4472561.62019
5,-326854.457165,4472591.58685
5,-326588.567592,4472563.71163
5,-326871.399591,4472595.13194
5,-325283.380142,4472421.38545
5,-326877.027438,4472598.33904
5,-326850.385459,4472595.53394
5,-326947.229146,4472606.9289
5,-326850.116689,4472596.40563
5,-326587.387464,4472569.21442
5,-328806.848079,4472813.4336
5,-319124.00625,4471757.11779
5,-327426.469294,4472662.70134
5,-326900.808646,4472605.11129
5,-326560.619956,4472568.34904
5,-326854.998878,4472600.88274
5,-327422.751234,4472664.2088
5,-328373.175282,4472768.49659
5,-321972.131844,4472069.42734
5,-326547.614667,4472571.05541
5,-326739.576252,4472592.18545
5,-326582.334395,4472575.79508
5,-326590.163144,4472576.83991
5,-326820.175477,4472602.36323
5,-326851.930608,4472605.95349
5,-326551.420089,4472574.288
5,-322909.09663,4472176.43799
5,-325846.181411,4472498.12911
5,-326441.929796,4472564.44249
5,-316778.856551,4471514.46389
5,-332075.517811,4473185.41161
5,-316728.244389,4471509.70878
5,-326595.751855,4472583.8347
5,-319121.555241,4471770.92828
5,-326889.951586,4472618.00236
5,-327430.228933,4472677.41907
5,-326501.405644,4472576.81024
5,-326823.836934,4472613.23981
5,-325163.13825,4472432.00939
5,-326912.081159,4472624.03057
5,-330351.739676,4473002.11709
5,-326925.402839,4472627.40453
5,-316787.114456,4471523.94181
5,-326838.664228,4472619.48187
5,-329058.383705,4472863.53528
5,-332990.027368,4473296.77702
5,-326889.159799,4472626.81429
5,-325345.30479,4472458.11525
5,-326553.86097,4472590.51253
5,-326892.377896,4472629.87013
5,-325403.65392,4472467.30969
5,-325186.87564,4472444.17758
5,-321775.319597,4472072.65817
5,-326872.354192,4472629.14146
5,-326805.774666,4472623.87756
5,-326841.114393,4472629.54997
5,-328196.714063,4472780.115
5,-316749.265101,4471533.68057
5,-316401.942724,4471497.18748
5,-326808.223361,4472630.00305
5,-328397.671551,4472804.60678
5,-328398.301645,4472805.41938
5,-328593.568485,4472827.76009
5,-316364.997129,4471497.22735
5,-327435.165979,4472702.74167
5,-326447.777453,4472594.93203
5,-327421.674596,4472704.07918
5,-326878.427033,4472644.90047
5,-327409.625955,4472703.32195
5,-328663.085905,4472841.02247
5,-327437.931588,4472706.762
5,-326856.70305,4472643.87298
5,-326842.9173,4472642.36321
5,-329063.809308,4472886.10702
5,-319125.597461,4471801.54647
5,-326963.380902,4472656.45798
5,-323807.413512,4472311.65062
5,-316367.313547,4471503.73383
5,-326725.660015,4472632.22599
5,-316372.698336,4471505.80936
5,-327436.147049,4472711.1848
5,-326569.059474,4472616.58174
5,-328587.502805,4472838.02122
5,-319133.903108,4471806.79535
5,-321777.318918,4472096.71767
5,-326239.052055,4472583.68918
5,-316381.743161,4471511.60172
5,-325568.815492,4472512.39982
5,-326940.045071,4472663.02595
5,-325291.794788,4472483.12806
5,-327410.05765,4472715.1968
5,-326669.627415,4472634.31337
5,-320576.948172,4471970.87435
5,-328371.614029,4472822.21562
5,-316371.85097,4471515.27831
5,-326895.704607,4472661.99931
5,-323708.543132,4472313.91566
5,-319125.788639,4471815.75618
5,-327539.95335,4472733.37607
5,-329280.381473,4472924.78831
5,-326791.771962,4472652.04377
5,-327414.291574,4472720.84239
5,-327413.777819,4472720.78609
5,-328692.45822,4472862.38284
5,-316370.932455,4471520.50162
5,-314896.365803,4471361.53589
5,-326912.537735,4472668.12331
5,-326781.432795,4472653.87774
5,-326715.391141,4472646.87122
5,-325276.277423,4472490.33008
5,-319133.31793,4471821.41521
5,-319124.183861,4471822.56398
5,-328438.69302,4472840.08597
5,-328321.04887,4472828.38294
5,-326716.298627,4472652.8279
5,-316360.816236,4471526.80922
5,-311417.190077,4470994.06281
5,-319968.115822,4471917.76219
5,-329298.671862,4472937.12751
5,-326979.548559,4472682.89737
5,-327435.065581,4472735.2846
5,-327406.295334,4472732.13153
5,-326815.393162,4472667.39652
5,-325717.055482,4472548.99773
5,-326917.679889,4472681.30234
5,-331498.53256,4473184.73638
5,-326822.672518,4472671.34765
5,-326723.041441,4472660.88787
5,-328353.458635,4472840.30854
5,-319478.71188,4471873.30506
5,-326955.931229,4472688.87124
5,-326916.812885,4472685.26247
5,-326935.516087,4472687.76156
5,-325173.091473,4472498.23368
5,-326984.360846,4472697.50469
5,-328413.332417,4472856.08144
5,-319294.86409,4471862.62329
5,-326703.217582,4472670.2065
5,-325307.789822,4472519.1175
5,-326965.513049,4472701.07227
5,-327643.508464,4472777.61959
5,-326891.118015,4472695.96518
5,-329091.836453,4472938.43821
5,-316306.66617,4471547.75437
5,-326519.335221,4472659.19778
5,-327396.027618,4472755.44985
5,-324789.209793,4472470.73923
5,-319664.451998,4471913.172
5,-328330.180643,4472858.96591
5,-328355.940589,4472861.83735
5,-316870.093053,4471611.05794
5,-316359.461885,4471556.16406
5,-316336.617542,4471555.94651
5,-311433.123371,4471028.42322
5,-328715.658423,4472906.33901
5,-326240.115464,4472635.73198
5,-328956.61393,4472933.54742
5,-317797.321575,4471718.61197
5,-318525.524099,4471799.45932
5,-319131.484085,4471865.47238
5,-321799.477893,4472156.04815
5,-316880.320621,4471623.41214
5,-326584.762507,4472680.25292
5,-324784.471309,4472483.73755
5,-328043.01074,4472842.29918
5,-316330.878274,4471570.33568
5,-326898.380371,4472720.40399
5,-328425.35076,4472887.99521
5,-324468.323256,4472456.33768
5,-313516.745404,4471270.11314
5,-326449.53656,4472675.43655
5,-326899.99745,4472727.2382
5,-316338.697904,4471578.12843
5,-325916.463784,4472620.03126
5,-326896.315868,4472727.62346
5,-330078.251083,4473079.96399
5,-316322.210423,4471583.97532
5,-326903.939074,4472735.5548
5,-326908.024683,4472736.22757
5,-316317.871807,4471584.3221
5,-326940.917092,4472740.50612
5,-316307.632668,4471583.76699
5,-316335.902871,4471587.39729
5,-329277.560727,4472998.27588
5,-325723.962005,4472611.02742
5,-316317.916224,4471589.46338
5,-326850.780604,4472735.92797
5,-328434.881839,4472910.03854
5,-326770.783356,4472728.96935
5,-326899.807868,4472744.00099
5,-316329.111751,4471598.93656
5,-326900.901174,4472750.15831
5,-328345.759439,4472908.82052
5,-325976.093915,4472649.19483
5,-328299.222728,4472906.22838
5,-326397.281206,4472698.4396
5,-326676.796229,4472729.49096
5,-329176.67011,4473006.34457
5,-326900.461467,4472758.6033
5,-324463.486297,4472499.52187
5,-319107.476668,4471917.4844
5,-326897.016511,4472767.19223
5,-326881.17503,4472766.17808
5,-316307.784929,4471619.93932
5,-326890.14294,4472772.11651
5,-326782.415614,4472761.21943
5,-316913.599621,4471687.40083
5,-328357.692437,4472934.64183
5,-326910.753871,4472777.52794
5,-319142.448384,4471931.3005
5,-326899.646295,4472784.00475
5,-316271.227418,4471628.0695
5,-329322.320667,4473052.30852
5,-325765.257245,4472662.85139
5,-325160.648439,4472602.49112
5,-326617.180846,4472762.72548
5,-315031.676706,4471504.16992
5,-329267.953849,4473055.04416
5,-328364.335499,4472955.91757
5,-325178.080502,4472607.09959
5,-328433.018972,4472964.13013
5,-332000.777349,4473356.94013
5,-325160.413752,4472608.91943
5,-316294.894348,4471645.45984
5,-328330.942627,4472956.98475
5,-325185.801558,4472612.5615
5,-312995.495198,4471290.46147
5,-328392.152262,4472964.6022
5,-328376.960035,4472963.27311
5,-330103.105135,4473154.52497
5,-327473.352326,4472865.86685
5,-325231.416267,4472620.92626
5,-325749.670101,4472677.81681
5,-326701.287946,4472781.99743
5,-322250.018307,4472308.10295
5,-329311.879668,4473081.0891
5,-325185.438611,4472629.67608
5,-326899.516673,4472817.8618
5,-326880.801906,4472816.26257
5,-329277.711339,4473080.5274
5,-316292.218193,4471668.58876
5,-326905.59881,4472826.41287
5,-316298.568916,4471673.01529
5,-313979.661379,4471427.03748
5,-329955.005868,4473166.78772
5,-316269.215599,4471675.44801
5,-326887.531082,4472832.61919
5,-319080.221514,4471981.86914
5,-327511.953249,4472901.60054
5,-326703.408262,4472814.06935
5,-321651.548687,4472263.97855
5,-316305.668394,4471688.39655
5,-316290.587504,4471686.87889
5,-326761.111625,4472827.45571
5,-319426.990825,4472030.11271
5,-316289.266174,4471690.79517
5,-328549.048505,4473032.061
5,-326456.383716,4472802.86055
5,-325007.07868,4472644.34568
5,-316263.331423,4471694.64632
5,-328998.609767,4473084.52651
5,-329100.043419,4473100.42895
5,-324696.277452,4472619.59137
5,-326866.053564,4472857.56355
5,-330002.386799,4473202.22195
5,-324469.888337,4472596.40855
5,-325024.169048,4472658.42278
5,-329032.847787,4473097.64702
5,-326877.466996,4472861.7423
5,-316269.739979,4471709.05948
5,-316284.597809,4471715.8452
5,-328559.474565,4473052.9581
5,-329333.014711,4473137.9715
5,-329036.014406,4473106.17157
5,-329672.075593,4473176.12943
5,-317019.144297,4471796.63769
5,-317034.617161,4471798.53707
5,-314178.311341,4471490.64125
5,-328541.556337,4473053.57068
5,-325197.298731,4472691.60363
5,-312685.604616,4471334.75726
5,-315153.715154,4471601.37254
5,-328353.401675,4473038.18932
5,-329268.943523,4473139.04382
5,-324666.096755,4472634.84527
5,-328593.601677,4473067.47858
5,-329435.903803,4473163.05279
5,-328340.052688,4473042.72867
5,-317045.451574,4471812.88393
5,-325166.886757,4472696.3555
5,-319094.837619,4472035.5935
5,-329374.292275,4473158.53659
5,-315155.3536,4471610.1855
5,-329458.063439,4473168.72068
5,-325916.57959,4472780.55233
5,-316304.661519,4471735.4203
5,-324961.412081,4472676.34451
5,-326831.640713,4472881.49297
5,-328395.036396,4473054.9576
5,-328877.530746,4473109.2258
5,-328318.640782,4473048.56869
5,-329594.021434,4473189.61982
5,-328851.922022,4473108.29528
5,-328517.1293,4473073.39164
5,-328520.872314,4473074.02773
5,-329366.396765,4473166.98539
5,-316227.218388,4471735.42803
5,-329286.388382,4473159.38983
5,-316847.756204,4471804.33186
5,-328543.42856,4473080.10806
5,-329444.038412,4473179.71776
5,-329071.919922,4473139.59525
5,-329067.307262,4473139.46041
5,-328772.949617,4473108.79452
5,-324127.186144,4472601.45395
5,-314301.43057,4471535.50626
5,-328816.99716,4473115.65808
5,-328314.088995,4473060.91101
5,-328952.81374,4473131.20158
5,-328765.37832,4473110.66688
5,-329375.25427,4473178.72797
5,-319110.131707,4472058.31086
5,-329423.541366,4473184.78801
5,-325185.306185,4472720.70419
5,-328878.744448,4473125.47915
5,-328857.576128,4473126.56819
5,-328998.648692,4473142.62206
5,-326896.957586,4472912.42552
5,-328358.483575,4473073.21696
5,-328637.198238,4473105.37117
5,-329786.185063,4473234.97178
5,-315966.837573,4471731.11555
5,-328100.272903,4473052.27776
5,-328352.00819,4473081.21404
5,-328283.669925,4473074.84216
5,-319153.380271,4472079.66916
5,-319126.839501,4472077.5781
5,-328205.819116,4473068.29465
5,-327866.555587,4473031.3074
5,-329607.717521,4473225.3036
5,-328440.667272,4473097.13863
5,-319129.473925,4472081.24223
5,-325852.13832,4472814.39012
5,-328091.362005,4473059.75626
5,-322962.893304,4472499.23047
5,-313091.917628,4471429.94675
5,-327852.68079,4473034.32545
5,-328329.968907,4473087.24426
5,-328319.537575,4473086.27991
5,-329414.224732,4473206.48613
5,-316346.644256,4471783.69466
5,-313492.994488,4471479.33495
5,-327900.671745,4473047.10182
5,-326930.824327,4472941.81737
5,-328767.412326,4473143.44566
5,-326863.402849,4472934.77041
5,-328616.238291,4473127.85308
5,-328830.834989,4473152.2112
5,-328450.745767,4473110.63589
5,-312686.961939,4471398.35688
5,-327611.941351,4473019.72331
5,-319093.618323,4472090.75319
5,-328454.382522,4473112.15313
5,-327754.240676,4473036.48514
5,-319101.423897,4472093.0639
5,-327513.533169,4473012.35238
5,-328006.80564,4473066.99905
5,-328472.825148,4473118.69135
5,-327872.505014,4473052.91184
5,-329003.661479,4473177.14768
5,-326902.914468,4472947.43363
5,-326877.032122,4472944.82395
5,-327293.438247,4472992.74816
5,-327081.413658,4472969.57832
5,-319697.665565,4472164.78551
5,-329698.801437,4473257.81081
5,-326898.541811,4472950.96471
5,-327601.606797,4473028.39039
5,-327321.088208,4472998.58153
5,-326941.568957,4472957.63772
5,-316317.179883,4471801.45293
5,-329183.309645,4473203.64865
5,-327518.551077,4473021.91018
5,-316293.821195,4471800.39151
5,-327186.449551,4472986.0429
5,-326870.572446,4472951.85113
5,-327693.873533,4473042.22331
5,-316272.786215,4471799.46876
5,-328628.61793,4473146.67242
5,-328514.197516,4473134.29415
5,-331601.028734,4473473.73297
5,-329199.841284,4473209.58754
5,-327400.150741,4473012.50317
5,-327141.146897,4472985.4271
5,-327440.784002,4473018.64641
5,-328609.474183,4473147.39855
5,-327178.292779,4472990.89391
5,-327151.055714,4472989.89205
5,-328494.570893,4473137.6033
5,-328291.473539,4473116.89333
5,-327011.404246,4472977.45311
5,-327011.318624,4472977.44373
5,-327531.890447,4473034.60301
5,-328405.573702,4473131.39611
5,-328403.247262,4473131.51255
5,-328294.75113,4473121.29698
5,-328169.070377,4473107.85723
5,-328075.399096,4473097.58155
5,-328644.907314,4473160.10831
5,-326902.184634,4472969.20613
5,-326855.597826,4472964.65533
5,-328366.242957,4473131.77754
5,-328479.282272,4473144.26133
5,-326864.246311,4472967.41612
5,-315841.084113,4471768.23946
5,-327917.056774,4473083.57011
5,-328405.958847,4473138.38871
5,-327733.498084,4473064.99656
5,-328395.678074,4473137.78997
5,-327778.283595,4473070.0988
5,-317158.663321,4471913.75361
5,-327619.110325,4473053.20987
5,-327095.812457,4472995.85827
5,-327314.167596,4473020.08887
5,-327001.037797,4472986.97339
5,-327519.031639,4473043.92841
5,-326841.594938,4472969.8801
5,-328309.175015,4473130.88882
5,-328344.081008,4473134.97805
5,-327773.208205,4473072.92161
5,-327868.597449,4473084.32655
5,-336477.785399,4474034.00868
5,-326942.655085,4472985.69181
5,-326735.75084,4472963.17668
5,-326765.697796,4472966.64781
5,-328224.287095,4473126.64409
5,-315293.339068,4471720.08602
5,-327653.160747,4473065.01956
5,-327132.443073,4473008.13585
5,-327868.349523,4473088.98698
5,-326747.660398,4472966.54227
5,-328376.862978,4473145.5256
5,-327989.121462,4473103.16746
5,-327786.341793,4473080.92896
5,-327735.189886,4473075.88331
5,-327403.278729,4473039.54249
5,-378475.555178,4478814.37376
5,-327999.871255,4473106.75714
5,-326377.846316,4472929.02514
5,-317196.097596,4471929.62829
5,-319117.433434,4472137.9307
5,-320537.696069,4472292.25819
5,-327299.623878,4473030.30081
5,-328042.890534,4473111.92635
5,-326861.279577,4472982.63567
5,-326452.412225,4472938.15656
5,-328323.946733,4473143.47022
5,-315810.795487,4471782.41974
5,-326728.685387,4472971.04247
5,-326997.906499,4473001.08231
5,-323821.583243,4472654.03727
5,-325147.721361,4472799.01091
5,-327870.576375,4473097.67958
5,-327771.407696,4473088.23538
5,-327219.059096,4473027.68931
5,-327536.705135,4473063.40443
5,-329026.936145,4473227.76312
5,-324703.025871,4472754.4404
5,-324712.346379,4472755.57121
5,-326938.863309,4472999.50309
5,-327815.759451,4473095.79103
5,-315235.502446,4471727.04267
5,-326183.660645,4472917.23283
5,-315246.084314,4471729.31109
5,-327686.361537,4473083.86667
5,-326844.281648,4472992.26331
5,-314327.746081,4471632.02099
5,-324690.613406,4472757.02663
5,-327277.051526,4473040.12698
5,-327581.623939,4473073.69048
5,-324709.401335,4472759.52954
5,-326507.495236,4472956.50977
5,-326780.287152,4472986.44839
5,-325171.840063,4472810.84936
5,-325334.730768,4472829.39894
5,-324702.112431,4472760.42279
5,-326432.940196,4472949.73313
5,-324703.984945,4472762.31684
5,-327322.884202,4473050.77065
5,-327520.317676,4473072.98506
5,-329713.956896,4473313.95532
5,-324678.263792,4472762.21029
5,-325833.394357,4472888.62891
5,-317244.625426,4471954.24834
5,-327384.942213,4473059.08145
5,-324704.868011,4472766.13019
5,-319134.034482,4472159.77649
5,-328634.101406,4473196.65932
5,-327503.597619,4473073.74304
5,-327005.363894,4473019.14473
5,-317229.315893,4471954.84341
5,-327333.890177,4473055.73912
5,-326502.180591,4472965.00669
5,-327178.364512,4473039.82242
5,-324683.917819,4472767.5585
5,-325951.768035,4472906.38863
5,-324717.236906,4472771.87406
5,-327293.205939,4473054.09654
5,-326333.786311,4472949.20816
5,-327545.064126,4473082.00586
5,-324716.735848,4472772.49512
5,-327229.025315,4473047.99825
5,-326325.717424,4472949.06836
5,-327293.754367,4473055.65479
5,-327328.693032,4473059.67527
5,-326221.711213,4472938.8111
5,-317399.851259,4471979.83391
5,-327140.433222,4473040.73516
5,-324693.571686,4472773.56891
5,-326051.788274,4472922.47615
5,-324714.57355,4472776.42632
5,-324697.070479,4472774.85218
5,-331575.345033,4473529.86965
5,-324708.83748,4472776.58814
5,-324692.386175,4472774.90363
5,-324682.332096,4472774.14324
5,-326572.498698,4472980.96214
5,-325902.264302,4472908.55319
5,-326452.914252,4472969.18743
5,-326971.731736,4473026.37538
5,-325794.608395,4472897.53089
5,-328322.848711,4473175.82587
5,-326050.591898,4472927.33886
5,-327521.630652,4473088.67385
5,-327284.837569,4473063.17089
5,-324711.1158,4472781.9055
5,-325925.052605,4472915.36033
5,-324689.699028,4472780.467
5,-327212.67114,4473056.727
5,-326918.854592,4473024.98737
5,-312915.313196,4471504.38066
5,-325159.304089,4472832.79452
5,-324678.7158,4472780.28091
5,-326868.264738,4473020.12183
5,-324682.141639,4472782.232
5,-326874.288064,4473022.08822
5,-316301.620366,4471871.9499
5,-326004.992674,4472927.86871
5,-326968.172576,4473033.87041
5,-327474.234483,4473089.44854
5,-324673.825319,4472783.01304
5,-327154.718962,4473054.99525
5,-324859.805621,4472804.00701
5,-324724.439659,4472789.21794
5,-327900.020028,4473137.03399
