6,-328364.929647,4473188.52026
6,-324706.888485,4472788.87748
6,-324703.023407,4472788.56788
6,-326095.510446,4472941.26514
6,-313047.079752,4471524.87166
6,-324686.13238,4472787.73641
6,-326247.232434,4472961.02325
6,-324700.32257,4472791.8771
6,-327123.787199,4473058.13934
6,-324706.879368,4472793.71969
6,-324682.122929,4472791.12794
6,-324654.614485,4472788.3483
6,-324689.486787,4472792.72079
6,-327522.062569,4473102.91433
6,-327504.326677,4473101.08277
6,-324688.753189,4472793.09118
6,-327475.97494,4473098.15518
6,-326362.89666,4472976.22911
6,-325940.045036,4472930.14541
6,-329170.822541,4473284.51181
6,-326760.973197,4473020.31066
6,-325577.935137,4472890.95347
6,-326657.488948,4473009.23705
6,-326888.683683,4473034.63631
6,-319119.117064,4472187.88745
6,-325565.190234,4472890.23553
6,-312500.874139,4471473.17474
6,-324710.453131,4472797.48908
6,-324697.524464,4472796.07674
6,-326767.797798,4473022.63506
6,-324693.475991,4472795.85975
6,-314315.483734,4471669.43042
6,-324546.331738,4472780.23778
6,-326897.197607,4473037.59643
6,-326132.921187,4472954.43768
6,-324699.89853,4472798.13821
6,-325982.44997,4472938.53579
6,-324700.632635,4472798.55631
6,-324688.9518,4472797.61819
6,-323768.499745,4472697.46393
6,-324690.945893,4472798.39919
6,-325304.453163,4472865.89419
6,-325925.052815,4472934.00932
6,-325174.395894,4472852.22912
6,-325190.663925,4472854.24384
6,-316243.894438,4471882.87016
6,-324689.565844,4472801.51478
6,-324680.061998,4472800.4766
6,-324691.327392,4472802.04511
6,-324683.475157,4472801.75051
6,-324691.303582,4472803.05621
6,-327510.176115,4473111.74928
6,-325928.089969,4472939.15506
6,-324760.461417,4472812.41343
6,-324677.642352,4472803.59126
6,-325992.102206,4472948.03972
6,-324678.988468,4472804.75201
6,-326852.250054,4473042.92352
6,-324674.524569,4472805.16544
6,-326833.650006,4473042.41819
6,-325548.661207,4472903.52123
6,-328370.333648,4473212.94943
6,-325668.236645,4472916.93631
6,-325217.738361,4472867.86607
6,-324679.28486,4472809.17706
6,-317239.364051,4472000.21803
6,-325859.782494,4472938.65966
6,-326336.011796,4472990.9368
6,-326863.994033,4473048.82816
6,-325832.823331,4472936.06559
6,-325369.031502,4472885.52442
6,-325194.793967,4472866.47688
6,-326583.249944,4473018.56717
6,-325551.091357,4472905.62295
6,-316287.160506,4471898.44945
6,-329446.994629,4473332.86552
6,-324685.890786,4472811.36291
6,-313893.411126,4471640.70172
6,-331620.168377,4473572.72919
6,-326593.265599,4473020.79024
6,-326571.080191,4473018.92426
6,-326554.082046,4473017.24332
6,-322971.138499,4472627.0588
6,-326501.317189,4473013.7303
6,-324687.348869,4472815.46434
6,-324654.886706,4472812.0309
6,-325504.369426,4472905.01923
6,-315711.462559,4471840.77687
6,-328457.956406,4473229.14391
6,-326602.333398,4473026.28875
6,-325715.148175,4472929.276
6,-326328.597375,4472996.69207
6,-325708.254744,4472929.00635
6,-325240.72578,4472878.18824
6,-324124.014703,4472757.02226
6,-324642.143527,4472813.67999
6,-316299.133945,4471907.48558
6,-325505.434152,4472908.51474
6,-324845.161352,4472836.53489
6,-325481.050843,4472906.15258
6,-319082.973228,4472209.64166
6,-325283.195243,4472885.98466
6,-324708.329329,4472823.27527
6,-325567.330748,4472918.2795
6,-325429.178772,4472903.5219
6,-328605.119227,4473251.49181
6,-325267.141338,4472886.21204
6,-325660.256482,4472929.69254
6,-317607.223741,4472053.40885
6,-326881.930709,4473065.43621
6,-325293.387985,4472891.89719
6,-325686.31905,4472936.74442
6,-325276.040049,4472892.0732
6,-328525.308164,4473248.36395
6,-328739.447205,4473272.4336
6,-325504.17342,4472918.14242
6,-316263.304398,4471914.42177
6,-316306.761165,4471919.45758
6,-325267.312046,4472893.92368
6,-325458.51557,4472915.01963
6,-325459.896832,4472915.77889
6,-326134.24224,4472989.87189
6,-325739.911837,4472947.82759
6,-326432.507162,4473023.65617
6,-328733.276766,4473276.07062
6,-326088.826189,4472986.59149
6,-326080.264135,4472985.65456
6,-329253.485199,4473333.95495
6,-319108.323568,4472226.69342
6,-325958.435158,4472973.27024
6,-325115.075521,4472881.04502
6,-324807.913856,4472847.55816
6,-325986.95176,4472976.58182
6,-326896.513973,4473076.27022
6,-326894.721114,4473076.89611
6,-325981.127652,4472977.07096
6,-326003.287891,4472980.43054
6,-328485.131979,4473252.8198
6,-325223.932816,4472897.06611
6,-325030.595703,4472878.37862
6,-326886.498536,4473081.48107
6,-328727.098186,4473283.64945
6,-326083.121955,4472995.16984
6,-325287.353967,4472908.17788
6,-326455.374384,4473036.0719
6,-313722.160408,4471652.98261
6,-326885.76563,4473084.21683
6,-314637.036717,4471752.7027
6,-316439.954736,4471947.70829
6,-325273.230338,4472908.62008
6,-317374.247097,4472050.48018
6,-326009.660221,4472991.00614
6,-321745.356531,4472525.70464
6,-325213.39827,4472904.17397
6,-325165.665866,4472899.04327
6,-325110.526629,4472893.01648
6,-325864.731008,4472975.78035
6,-329252.571969,4473347.55296
6,-316297.961234,4471935.95925
6,-325702.371042,4472958.95496
6,-328358.756153,4473249.99029
6,-325251.12038,4472910.08954
6,-325558.572488,4472944.1742
6,-325442.848383,4472931.51974
6,-323958.736505,4472769.92119
6,-328521.662338,4473269.73862
6,-323020.221041,4472668.51735
6,-325013.688338,4472886.74152
6,-324936.32955,4472878.37193
6,-319107.075433,4472243.78751
6,-325919.993639,4472986.15153
6,-329216.976675,4473348.15998
6,-325159.35798,4472904.43606
6,-325667.784694,4472960.9954
6,-323808.723542,4472759.18141
6,-316275.72709,4471941.32496
6,-328331.407502,4473255.21246
6,-325581.617917,4472954.0158
6,-324993.563388,4472889.8075
6,-326891.29751,4473097.55126
6,-325743.533146,4472972.36686
6,-325795.014129,4472978.09957
6,-322974.220567,4472670.63194
6,-325509.514528,4472947.82036
6,-325023.173002,4472894.84551
6,-325453.126025,4472943.15245
6,-331545.758497,4473612.23167
6,-312257.023732,4471512.64451
6,-324521.482617,4472842.27604
6,-327825.693933,4473204.08479
6,-325122.083608,4472908.08863
6,-324326.313771,4472821.90864
6,-325197.181266,4472917.24329
6,-324839.953378,4472879.44237
6,-324966.7024,4472893.55131
6,-324096.532603,4472798.92805
6,-324668.761654,4472862.99637
6,-324869.640522,4472885.27667
6,-324575.182832,4472853.22102
6,-324978.732887,4472898.42523
6,-319139.16627,4472262.58419
6,-324872.673256,4472888.52525
6,-324321.712241,4472828.34429
6,-324415.299177,4472838.75529
6,-324388.433315,4472836.20441
6,-323951.069656,4472788.5694
6,-329255.198853,4473369.6282
6,-325190.643548,4472924.97626
6,-325271.166543,4472933.95882
6,-324634.552101,4472864.51128
6,-324425.865235,4472841.96289
6,-329277.664818,4473374.15779
6,-325286.637191,4472938.51102
6,-325044.615246,4472912.61977
6,-324053.418558,4472804.50494
6,-328326.750034,4473272.38699
6,-323332.195431,4472726.00565
6,-325134.247264,4472923.31723
6,-329232.346628,4473372.55878
6,-316353.78288,4471970.03183
6,-325474.991424,4472962.43873
6,-316216.98297,4471955.91811
6,-324750.911618,4472883.48909
6,-324008.538008,4472802.61332
6,-317048.590247,4472046.19924
6,-316287.115539,4471964.23606
6,-324804.528406,4472890.43946
6,-327415.87421,4473177.36808
6,-324867.899923,4472898.82777
6,-323384.684233,4472737.24896
6,-324974.482962,4472910.91371
6,-317128.318625,4472058.88096
6,-324111.435523,4472817.96758
6,-324507.064574,4472861.32428
6,-324010.041133,4472807.65428
6,-324023.582528,4472809.32381
6,-323857.053658,4472791.14868
6,-324991.48846,4472915.21625
6,-328740.023954,4473326.37681
6,-324259.442857,4472835.97329
6,-323512.576874,4472754.57766
6,-323589.490881,4472763.26093
6,-323833.996818,4472790.69365
6,-324462.953392,4472859.91945
6,-324503.133628,4472864.87087
6,-324931.506531,4472911.67259
6,-324830.439024,4472900.70424
6,-324103.851553,4472823.15416
6,-317178.886483,4472072.40929
6,-328338.188948,4473288.96223
6,-326839.815698,4473124.80348
6,-324149.973104,4472831.37653
6,-316220.872791,4471970.41359
6,-324717.284397,4472893.89451
6,-324681.440644,4472890.17028
6,-325144.592972,4472942.01905
6,-324027.985028,4472820.50423
6,-324260.973974,4472846.31106
6,-324671.541657,4472891.88502
6,-324078.787327,4472827.35615
6,-324165.669861,4472837.03223
6,-323541.633896,4472769.12282
6,-324803.487009,4472907.10805
6,-325035.931202,4472932.62066
6,-324263.805526,4472848.38853
6,-325101.932483,4472941.5237
6,-325144.510095,4472946.74064
6,-322573.135131,4472666.80085
6,-329026.634985,4473373.05656
6,-324992.388935,4472932.02955
6,-323368.344341,4472754.72619
6,-324005.589488,4472824.62606
6,-323365.423988,4472754.97082
6,-323925.639907,4472817.55562
6,-316396.047334,4471999.71145
6,-319089.837625,4472291.6915
6,-323719.397248,4472795.725
6,-323618.346901,4472784.8319
6,-323821.475984,4472807.53949
6,-323786.917984,4472803.94861
6,-295106.957825,4469730.03607
6,-316368.286726,4471998.5115
6,-316393.607476,4472003.05086
6,-319080.131121,4472294.12941
6,-325137.677745,4472954.55408
6,-316441.994778,4472009.74669
6,-329288.942178,4473410.88177
6,-323872.852875,4472818.17039
6,-319077.11368,4472296.39211
6,-320954.36154,4472501.02876
6,-325134.85189,4472957.73687
6,-323175.18042,4472745.10428
6,-322511.212012,4472672.73564
6,-323330.488573,4472762.31084
6,-324042.656607,4472840.86991
6,-328886.360499,4473372.10483
6,-323940.058064,4472832.30693
6,-323671.487566,4472803.17965
6,-317491.130769,4472133.69251
6,-323641.463461,4472804.40906
6,-322123.107859,4472640.78961
6,-326430.662277,4473112.21427
6,-315434.839239,4471916.78613
6,-323349.382074,4472776.30991
6,-322317.848152,4472664.99467
6,-322096.17073,4472640.97593
6,-328737.33966,4473367.95364
6,-321824.330953,4472613.32758
6,-338734.82029,4474473.81558
6,-329237.278164,4473424.92737
6,-319081.935517,4472316.62214
6,-316412.544161,4472028.18155
6,-322567.088043,4472697.96969
6,-323262.329548,4472773.8827
6,-329096.391119,4473413.76958
6,-317475.009563,4472146.58566
6,-323501.815151,4472801.60862
6,-323172.786099,4472767.30102
6,-316417.13949,4472033.74546
6,-322624.452836,4472707.86928
6,-329231.515745,4473432.73562
6,-321892.444997,4472630.87858
6,-316422.416987,4472037.80674
6,-317534.011345,4472158.46348
6,-322564.548315,4472705.05862
6,-322906.036067,4472742.42053
6,-316333.367035,4472029.07913
6,-322956.226001,4472748.7588
6,-323895.52972,4472851.32466
6,-322690.731609,4472720.08096
6,-323486.996731,4472807.2004
6,-316425.476403,4472040.5409
6,-319110.364331,4472331.64316
6,-321503.018521,4472593.07682
6,-324749.797636,4472949.6745
6,-322282.187514,4472680.60559
6,-322458.715117,4472700.06026
6,-335531.318273,4474136.68992
6,-316428.49431,4472048.83114
6,-322776.089529,4472738.39333
6,-319080.374526,4472337.39845
6,-322355.036775,4472694.76876
6,-321859.99177,4472641.23184
6,-326863.333451,4473187.75526
6,-322271.293026,4472686.77328
6,-322375.016227,4472698.25157
6,-319117.645936,4472344.36994
6,-327375.781329,4473245.43713
6,-329307.575646,4473458.18083
6,-322611.359947,4472727.05296
6,-321892.065353,4472649.72395
6,-321847.582396,4472646.12018
6,-336468.809583,4474253.11033
6,-329012.097841,4473431.72767
6,-322060.147894,4472671.85374
6,-322676.053433,4472738.94934
6,-316444.802121,4472063.08523
6,-328990.861576,4473430.52187
6,-326869.586964,4473197.90214
6,-329150.602703,4473450.1286
6,-321550.999392,4472619.84953
6,-313645.836342,4471764.10348
6,-329196.996866,4473456.36274
6,-322530.830322,4472727.24344
6,-316262.978983,4472047.54745
6,-329029.570901,4473439.66222
6,-322090.983323,4472681.21427
6,-328892.788633,4473425.38417
6,-316447.001566,4472069.17831
6,-321904.418262,4472662.78148
6,-329002.663044,4473440.07521
6,-321906.523685,4472664.68877
6,-320918.98395,4472557.81554
6,-329013.650671,4473442.59995
6,-322199.434759,4472698.27308
6,-322187.165827,4472696.93689
6,-328731.453552,4473413.67364
6,-326497.159461,4473168.83086
6,-328976.819403,4473441.37118
6,-322910.756659,4472778.59247
6,-328959.406757,4473440.77689
6,-319085.326854,4472363.61104
6,-329056.503961,4473452.19558
6,-326438.903053,4473165.70796
6,-322400.106559,4472724.89709
6,-322362.563703,4472721.34573
6,-322268.837966,4472711.69975
6,-328994.185932,4473447.59293
6,-321585.70987,4472638.03512
6,-326873.201175,4473215.53218
6,-312901.952908,4471698.3936
6,-328828.452132,4473431.27421
6,-325129.329092,4473026.17824
6,-319240.507175,4472386.41657
6,-316441.952924,4472083.32082
6,-326883.280952,4473220.01557
6,-328841.478825,4473434.95758
6,-312959.541176,4471708.0838
6,-326825.549475,4473214.70559
6,-323136.953421,4472812.27399
6,-320863.970622,4472564.78484
6,-321230.752875,4472604.8993
6,-329121.328789,4473468.13635
6,-329236.386651,4473481.71055
6,-321551.254559,4472642.91228
6,-316364.272288,4472080.50102
6,-315535.419615,4471991.15398
6,-328828.100582,4473439.68429
6,-326889.692907,4473228.71549
6,-322009.394078,4472696.00818
6,-316440.390114,4472091.93807
6,-317548.561682,4472212.00253
6,-321691.842091,4472661.82784
6,-312365.900325,4471653.08759
6,-316344.454174,4472082.74966
6,-321025.853882,4472591.06383
6,-329088.20759,4473472.57531
6,-320630.40899,4472548.40277
6,-316363.855221,4472086.76155
6,-320842.378665,4472573.50752
6,-321134.354649,4472606.38521
6,-329148.061208,4473483.83606
6,-321561.039464,4472654.57471
6,-316394.660453,4472095.04682
6,-329736.210375,4473549.75009
6,-319073.093503,4472386.94567
6,-317779.532764,4472247.31808
6,-311702.278624,4471591.54994
6,-329631.545468,4473540.71247
6,-322988.103052,4472813.49122
6,-321172.929495,4472617.16131
6,-321288.1253,4472630.96151
6,-323026.989028,4472820.44484
6,-316475.25689,4472109.05424
6,-320754.893778,4472574.69471
6,-320670.713584,4472566.52324
6,-329262.221313,4473505.58067
6,-328894.765794,4473465.22008
6,-327373.715753,4473298.98671
6,-338695.273686,4474548.86573
6,-320668.107116,4472568.26701
6,-321246.047885,4472634.71797
6,-320576.171704,4472562.58704
6,-321043.231393,4472614.49359
6,-321807.295986,4472698.19189
6,-321463.953792,4472661.01574
6,-320538.783813,4472561.10297
6,-319829.036912,4472484.53647
6,-324111.233312,4472950.84966
6,-320505.718735,4472558.27441
6,-319202.125255,4472416.82355
6,-322076.600032,4472729.76514
6,-329061.74366,4473493.87709
6,-328903.349435,4473477.79938
6,-319079.687881,4472406.80497
6,-328910.056009,4473479.85386
6,-320728.783229,4472586.4964
6,-316467.667246,4472125.57405
6,-320734.355775,4472588.30722
6,-316418.4075,4472120.50733
6,-321801.42861,4472705.1405
6,-328940.14545,4473485.97446
6,-338675.539999,4474562.63681
6,-329078.562193,4473502.4834
6,-329162.812149,4473511.97435
6,-316349.000016,4472116.0079
6,-323840.602291,4472930.70349
6,-319607.063436,4472470.07505
6,-328907.182118,4473486.29723
6,-326910.474084,4473267.60047
6,-319697.18575,4472481.74009
6,-320518.869718,4472572.57635
6,-320107.646574,4472528.19752
6,-319504.622719,4472463.842
6,-320989.8014,4472626.53157
6,-319946.68049,4472513.19112
6,-316261.956769,4472114.36646
6,-317673.645963,4472267.90855
6,-320219.828262,4472544.1347
6,-320313.848968,4472554.53033
6,-328925.017257,4473496.1413
6,-319107.741962,4472425.27636
6,-328895.58624,4473494.59903
6,-329137.595551,4473521.18284
6,-329172.108467,4473525.16181
6,-320509.157539,4472578.76148
6,-319451.231429,4472464.12774
6,-328638.782701,4473467.15751
6,-326477.945178,4473231.15718
6,-320507.546308,4472580.27562
6,-319949.000084,4472519.74946
6,-328894.47702,4473496.73022
6,-320721.855839,4472603.7621
6,-319378.535349,4472458.71504
6,-320341.963514,4472563.48429
6,-326218.766878,4473204.47427
6,-317694.288871,4472276.45016
6,-329169.747941,4473528.50732
6,-319058.398098,4472424.99046
6,-321084.064904,4472645.21604
6,-319355.286428,4472457.43057
6,-328847.997999,4473493.87928
6,-319747.123437,4472500.9799
6,-320220.048024,4472552.79618
6,-316457.735403,4472145.33121
6,-319200.901317,4472443.83013
6,-319649.366133,4472492.61819
6,-319065.889353,4472430.19501
6,-329061.150641,4473521.60274
6,-319440.187613,4472472.5011
6,-320931.496394,4472634.74297
6,-319812.590158,4472513.22384
6,-329007.576615,4473518.91778
6,-328326.507191,4473444.37256
6,-329177.3684,4473538.01854
6,-317590.462573,4472274.80472
6,-319833.421534,4472518.34635
6,-319185.284722,4472450.76166
6,-322217.619021,4472780.59899
6,-316412.073025,4472151.09058
6,-319857.806219,4472525.77442
6,-326900.270417,4473294.30518
6,-320012.74284,4472543.00186
6,-326879.673759,4473294.07648
6,-322215.955421,4472785.29439
6,-319653.402495,4472506.80898
6,-319211.146585,4472459.01827
6,-328904.062917,4473517.30505
6,-328606.535851,4473484.6377
6,-319195.30894,4472458.08803
6,-329058.524038,4473535.02376
6,-315566.580533,4472065.90659
6,-319861.461874,4472531.10999
6,-316395.365296,4472155.81479
6,-319627.265121,4472506.05218
6,-328911.281985,4473519.97907
6,-325646.751486,4473162.5673
6,-319104.621024,4472450.05005
6,-329044.076459,4473535.12664
6,-329145.811919,4473546.30523
6,-319184.902955,4472459.54898
6,-316440.9786,4472164.12514
6,-313562.082469,4471853.36974
6,-319943.613064,4472543.82695
6,-317801.832879,4472311.97095
6,-319375.571591,4472482.83024
6,-323105.568244,4472889.56027
6,-319065.379839,4472450.86016
6,-328883.56015,4473523.5473
6,-316398.350016,4472163.45658
6,-319273.15653,4472475.09399
6,-329024.643669,4473539.75126
6,-319676.060452,4472518.88492
6,-328896.153612,4473526.20319
6,-319558.606743,4472506.85308
6,-318875.979736,4472432.90456
6,-328941.637038,4473531.56986
6,-319040.335368,4472450.9584
6,-329170.433912,4473556.97061
6,-319354.10073,4472485.11709
6,-329176.684207,4473560.02289
6,-329093.308164,4473552.36245
6,-328980.147697,4473541.25152
6,-328955.705878,4473538.93893
6,-328920.072451,4473535.96061
6,-329185.588776,4473565.73242
6,-328874.191626,4473531.53047
6,-316418.386518,4472174.40603
6,-328250.493928,4473463.51726
6,-319701.731979,4472531.2994
6,-316382.750114,4472172.35422
6,-325150.458468,4473126.70531
6,-316404.437044,4472176.05045
6,-319587.367994,4472522.7119
6,-328819.447246,4473531.66968
6,-328913.89,4473542.23213
6,-328819.240582,4473532.21023
6,-324094.521486,4473015.28587
6,-329182.543423,4473572.94546
6,-328892.955161,4473543.49286
6,-319908.67389,4472562.44259
6,-328921.045653,4473548.08719
6,-319286.700064,4472496.32531
6,-316157.837224,4472157.72157
6,-319248.356093,4472492.89807
6,-318655.582627,4472428.69689
6,-318258.853067,4472386.15053
6,-319804.592114,4472554.96844
6,-316254.893433,4472170.35331
6,-319562.270142,4472528.88372
6,-316438.383013,4472190.53086
6,-319382.900684,4472509.56029
6,-324905.099562,4473111.03972
6,-339352.542125,4474705.48206
6,-317854.063787,4472345.55515
6,-328915.579871,4473553.11942
6,-319116.627334,4472483.89734
6,-319590.295421,4472535.64237
6,-318818.495694,4472452.57011
6,-319354.301727,4472510.96088
6,-319113.742766,4472484.9357
6,-319578.508925,4472537.29076
6,-324648.815367,4473089.68321
6,-318699.89363,4472442.53242
6,-319291.542245,4472509.21738
6,-319591.086296,4472541.92195
6,-318024.625984,4472372.96349
6,-328339.08039,4473497.72028
6,-319228.218685,4472504.4515
6,-317966.490218,4472367.98214
6,-319007.446087,4472481.84933
6,-316597.156593,4472220.87625
6,-318016.184693,4472374.60505
6,-337974.723049,4474564.03382
6,-319648.160285,4472551.67683
6,-324649.101049,4473096.58502
6,-317866.911986,4472358.88326
6,-325105.123215,4473147.83599
6,-326873.978351,4473342.11373
6,-313822.573261,4471927.49146
6,-317881.755933,4472368.98095
6,-329093.076841,4473595.1479
6,-319655.317629,4472564.6612
6,-318202.877517,4472407.10983
6,-326851.562443,4473350.58445
6,-314010.520506,4471956.30874
6,-322237.964256,4472848.32795
6,-314123.104535,4471970.81181
6,-328792.096563,4473569.02863
6,-319120.05678,4472514.56186
6,-313565.439967,4471914.64257
6,-316456.424368,4472228.73933
6,-315975.369152,4472177.52145
6,-327816.662828,4473468.86946
6,-327773.890778,4473465.41778
6,-327828.845337,4473471.5573
6,-319055.417086,4472515.54415
6,-327775.23694,4473468.94476
6,-320418.471207,4472666.81452
6,-329725.396137,4473684.15015
6,-328779.533864,4473582.11335
6,-327606.167086,4473454.91113
6,-337967.561389,4474598.55418
6,-315981.977529,4472190.18164
6,-328627.139538,4473568.00639
6,-317750.093831,4472382.60099
6,-326847.718264,4473375.39504
6,-326833.844718,4473375.48985
6,-326874.823474,4473381.85614
6,-327615.085426,4473463.66145
6,-326849.715608,4473386.42742
6,-314684.134922,4472064.87981
6,-325132.460745,4473200.20326
6,-328638.537097,4473586.52666
6,-328719.691017,4473597.12623
6,-325130.04126,4473203.86973
6,-326429.141734,4473346.11324
6,-319057.791933,4472543.95456
6,-314898.199892,4472094.06125
6,-328817.322791,4473609.8853
6,-328874.534202,4473617.89133
6,-314283.311181,4472031.99911
6,-314246.184727,4472030.1344
6,-326844.169118,4473404.63097
6,-319046.28991,4472556.55785
6,-328483.854394,4473588.14478
6,-328589.747886,4473600.70377
6,-338604.854269,4474708.60061
6,-321460.111772,4472826.32984
6,-328764.045715,4473626.33974
6,-337962.05335,4474643.00545
6,-328295.924615,4473576.19312
6,-328584.559552,4473612.52552
6,-329136.098861,4473674.21928
6,-329760.248849,4473744.91638
6,-325129.37708,4473238.16199
6,-329123.763914,4473677.33649
6,-326392.512687,4473379.71336
6,-316225.884585,4472274.97543
6,-325099.73276,4473240.66594
6,-316532.197985,4472309.59565
6,-313747.216726,4472009.05911
6,-328540.342982,4473619.30822
6,-319087.066568,4472587.89595
6,-328597.628705,4473627.65828
6,-321193.835891,4472821.39226
6,-328567.150439,4473627.69189
6,-311804.665009,4471806.63596
6,-324726.782867,4473207.90579
6,-328432.98924,4473614.47866
6,-323017.330654,4473023.53858
6,-328447.493068,4473617.93678
6,-316372.032598,4472303.2785
6,-328303.47539,4473606.08472
6,-316607.837621,4472331.93063
6,-321242.996446,4472836.68451
6,-328307.010694,4473610.19005
6,-328730.107332,4473656.85859
6,-328381.466093,4473619.52152
6,-328315.521241,4473612.46451
6,-328344.81104,4473616.62515
6,-329714.523706,4473769.88909
6,-328409.128616,4473628.7194
6,-328445.304494,4473633.85026
6,-329114.145273,4473708.41904
6,-328325.423477,4473622.19127
6,-329126.312782,4473710.69066
6,-328812.443138,4473680.91552
6,-316200.2541,4472309.36251
6,-323063.863635,4473054.89919
6,-328719.432816,4473678.39656
6,-328500.065796,4473654.69681
6,-327759.286301,4473574.0957
6,-328505.468408,4473656.78807
6,-328382.38168,4473643.4695
6,-319073.364385,4472627.96283
6,-319076.031531,4472628.92787
6,-327348.767359,4473531.33903
6,-347196.88194,4475736.59941
6,-316539.404894,4472357.63377
6,-328525.91315,4473664.40561
6,-328587.492203,4473671.24061
6,-317274.562949,4472441.86631
6,-327360.095462,4473541.02901
6,-314814.712468,4472177.49098
6,-323029.575237,4473068.79796
6,-261036.381456,4466569.82848
6,-328587.105804,4473680.02232
6,-327373.501893,4473547.56753
6,-316497.208123,4472365.79399
6,-328717.579188,4473699.22458
6,-326860.760223,4473496.78695
6,-319049.691044,4472646.56526
6,-327390.798266,4473556.56007
6,-328467.377616,4473675.10277
6,-329752.344901,4473820.04312
6,-323756.122924,4473164.18955
6,-325131.096135,4473315.16684
6,-313354.60852,4472037.16807
6,-339397.562427,4474889.10508
6,-326423.500098,4473461.73988
6,-323010.937131,4473090.04576
6,-331316.047399,4474004.89386
6,-328728.718641,4473723.16897
6,-325092.358389,4473327.15172
6,-328270.576044,4473675.87526
6,-329255.176678,4473784.9358
6,-328705.268565,4473724.53689
6,-323059.339627,4473106.95754
6,-318983.478442,4472667.64714
6,-315715.726084,4472314.4211
6,-319036.798119,4472679.17499
6,-325129.669267,4473344.07064
6,-329103.855339,4473780.47767
6,-321055.654748,4472901.142
6,-325094.634733,4473342.86529
6,-328887.624511,4473759.54375
6,-339993.190208,4474988.17066
6,-351796.197841,4476312.16859
6,-316232.371351,4472383.20989
6,-321539.858906,4472959.04863
6,-319052.344159,4472690.77144
6,-329268.74473,4473806.32073
6,-326585.006041,4473518.13562
6,-337875.49985,4474770.69036
6,-319055.58063,4472705.64943
6,-328963.530955,4473791.8748
6,-323032.860448,4473143.30952
6,-328922.20276,4473787.89894
6,-319062.033211,4472711.64225
6,-329238.433036,4473823.76316
6,-329110.86948,4473810.5711
6,-339164.60455,4474923.0332
6,-339911.169251,4475006.12254
6,-314899.923435,4472265.05391
6,-316198.956346,4472411.36353
6,-328768.50152,4473781.22583
6,-324380.591682,4473303.3219
6,-319973.668439,4472823.78549
6,-329112.002415,4473822.52761
6,-324488.272323,4473317.34706
6,-316787.742433,4472481.56035
6,-325104.158355,4473386.51606
6,-315726.816094,4472368.09013
6,-326512.204264,4473542.07801
6,-326449.176841,4473539.0063
6,-320468.367104,4472887.59386
6,-311763.061832,4471949.5341
6,-321053.15195,4472954.73542
6,-321015.316457,4472950.81167
6,-328338.321314,4473752.02479
6,-315716.342187,4472377.65527
6,-325758.417208,4473472.30183
6,-319045.337116,4472744.17715
6,-328259.480087,4473750.69442
6,-328293.749138,4473760.24525
6,-328691.96478,4473806.24481
6,-326528.391032,4473569.64518
6,-324630.740183,4473362.19485
6,-326828.348981,4473604.4136
6,-338397.595355,4474881.0833
6,-326530.238868,4473572.5509
6,-337329.111145,4474765.15698
6,-320092.150576,4472872.58046
6,-326991.745814,4473625.39022
6,-326865.070885,4473612.45403
6,-317175.269937,4472557.39195
6,-328577.048028,4473800.57841
6,-328282.662189,4473769.76381
6,-328826.169319,4473830.74819
6,-331621.652621,4474138.8301
6,-328308.782529,4473774.84955
6,-328269.4975,4473772.00264
6,-321773.582601,4473062.23172
6,-326553.701055,4473585.3705
6,-338381.110243,4474890.3326
6,-326543.317612,4473585.24717
6,-331758.030729,4474159.10141
6,-326557.506111,4473589.39169
6,-328586.041671,4473813.39385
6,-326543.380597,4473590.21025
6,-319018.189034,4472770.06013
6,-328285.753396,4473782.5731
6,-328607.777242,4473818.48369
6,-319019.549976,4472772.68523
6,-326554.915329,4473594.85263
6,-326553.814821,4473595.40796
6,-326562.266558,4473597.34729
6,-326558.695421,4473597.51941
6,-326536.619391,4473595.7777
6,-326557.399595,4473599.0671
6,-323048.184687,4473215.93524
6,-326557.583303,4473599.76307
6,-328598.20969,4473823.55011
6,-326578.864998,4473603.2201
6,-326532.890385,4473598.97383
6,-321293.804441,4473027.84334
6,-326571.845197,4473604.0283
6,-316516.128469,4472511.18174
6,-326549.317019,4473603.25079
6,-319042.348551,4472785.2938
6,-326551.726698,4473604.19052
6,-326545.623705,4473603.74746
6,-326548.632975,4473605.54133
6,-326554.161335,4473606.48467
6,-327711.547932,4473733.66006
6,-326840.932822,4473638.23291
6,-326823.210639,4473636.29147
6,-326567.272798,4473608.59638
6,-326549.698074,4473608.47398
6,-326575.05237,4473611.92644
6,-326555.324525,4473610.10391
6,-329109.028158,4473890.35443
6,-326761.728653,4473633.61159
6,-326549.136211,4473610.43998
6,-324088.046686,4473341.78255
6,-326406.169349,4473596.54961
6,-326568.559604,4473615.83366
6,-326569.56317,4473617.74581
6,-323034.152842,4473232.04258
6,-326566.407923,4473618.07611
6,-328545.659553,4473835.24522
6,-320428.909469,4472950.16578
6,-326561.981518,4473620.52001
6,-326547.488352,4473619.15812
6,-326542.083634,4473621.83282
6,-326575.705593,4473625.74013
6,-326577.222267,4473626.13151
6,-323053.623422,4473242.8041
6,-326524.92542,4473623.44569
6,-328629.954754,4473855.37776
6,-326818.472585,4473658.18809
6,-326893.177421,4473667.49864
6,-328247.68928,4473816.05381
6,-338287.567399,4474924.82692
6,-327648.614058,4473750.52657
6,-326552.922656,4473630.45408
6,-328578.814887,4473854.28038
6,-326596.574181,4473636.92419
6,-326530.957298,4473630.07617
6,-325111.074589,4473476.44508
6,-317908.721606,4472692.5957
6,-329260.675793,4473932.35815
6,-328091.634068,4473804.97896
6,-326563.064265,4473638.32315
6,-328345.352292,4473834.09414
6,-326568.837254,4473639.40594
6,-328611.169363,4473864.14082
6,-338265.969132,4474930.69119
6,-327316.797131,4473724.27362
6,-328341.168725,4473837.94938
6,-326565.365374,4473643.4187
6,-322219.077408,4473174.18525
6,-326832.057416,4473679.23087
6,-328007.159945,4473808.80973
6,-326859.158167,4473683.03337
6,-326680.861554,4473664.74143
6,-312872.097116,4472167.14489
6,-326538.560388,4473652.4231
6,-336093.743346,4474706.83744
6,-321318.961058,4473085.95574
6,-328150.90711,4473832.54757
6,-332349.526381,4474296.23629
6,-328100.14903,4473828.76921
6,-328289.847756,4473851.84994
6,-323737.86073,4473358.52099
6,-326428.37794,4473656.23997
6,-328300.758793,4473862.96037
6,-319053.792167,4472855.45349
6,-327344.059125,4473760.12015
6,-327946.426068,4473826.22135
6,-326549.232733,4473673.64186
6,-328176.224858,4473854.02508
6,-327731.816502,4473805.61022
6,-326637.158658,4473685.63689
6,-319656.601833,4472924.60068
6,-321694.870274,4473147.33032
6,-321694.45078,4473147.28465
6,-326763.182599,4473701.80621
6,-327517.647637,4473784.94093
6,-328315.188641,4473875.26803
6,-327562.546851,4473793.46862
6,-327619.492829,4473801.96586
6,-319051.62081,4472868.2808
6,-326863.548897,4473721.24937
6,-325106.242602,4473529.04671
6,-326399.716243,4473671.31178
6,-336228.744815,4474754.78915
6,-327486.892617,4473791.54917
6,-321306.480449,4473117.06612
6,-327644.982391,4473809.71741
6,-326811.949384,4473718.52519
6,-326387.478418,4473672.03689
6,-338002.139639,4474953.22185
6,-326977.795147,4473737.37116
6,-327007.613286,4473741.20165
6,-326863.379193,4473725.96173
6,-339500.966417,4475121.88971
6,-327358.734779,4473781.63305
6,-326264.441629,4473662.6214
6,-326841.28001,4473727.59576
6,-327873.658561,4473842.42027
6,-326680.058415,4473711.62476
6,-326507.968485,4473692.9239
6,-325891.328492,4473626.16566
6,-327193.997466,4473769.57975
6,-326670.898613,4473712.98694
6,-326848.319977,4473732.45591
6,-316698.846839,4472627.55908
6,-326602.555421,4473707.30384
6,-326544.326256,4473701.03938
6,-337350.019694,4474892.56366
6,-316200.733378,4472576.5018
6,-321815.30179,4473186.11914
6,-327543.741308,4473813.25963
6,-326610.029551,4473711.83957
6,-326437.739365,4473693.30984
6,-319043.319385,4472887.31226
6,-327082.920924,4473764.53676
6,-327246.797722,4473784.19813
6,-326489.475224,4473701.90371
6,-326867.396398,4473743.86131
6,-326413.916356,4473695.65744
6,-326708.441732,4473728.02534
6,-326551.998591,4473712.46781
6,-329232.711951,4474006.82331
6,-326756.47094,4473735.15627
6,-318949.674506,4472885.82319
6,-326457.935415,4473705.09574
6,-336081.88389,4474766.1311
6,-326981.497919,4473763.75218
6,-327530.938803,4473824.1341
6,-326664.459265,4473729.85363
6,-327011.462019,4473769.3334
6,-326488.513196,4473713.06239
6,-326380.017551,4473702.19595
6,-326665.21074,4473733.80328
6,-326937.896872,4473764.65197
6,-326450.84439,4473711.30294
6,-326641.406627,4473732.2849
6,-326380.690873,4473703.95927
6,-326586.419275,4473728.06474
6,-326825.80569,4473754.96205
6,-327712.693199,4473852.54734
6,-326840.867594,4473756.98384
6,-326874.16513,4473761.16122
6,-326856.846903,4473759.48916
6,-326450.185934,4473716.52493
6,-327255.64602,4473806.23228
6,-326639.471902,4473739.42845
6,-326861.681872,4473764.70476
6,-326268.323799,4473700.28499
6,-327407.402294,4473825.57135
6,-326569.617591,4473734.33477
6,-320416.892038,4473063.68349
6,-326433.835964,4473720.25396
6,-326232.4386,4473699.33014
6,-327202.041473,4473805.98902
6,-325929.949207,4473667.7539
6,-326505.335992,4473731.12483
6,-328712.577492,4473973.54259
6,-326508.952526,4473732.64728
6,-326444.918353,4473725.86045
6,-326861.889665,4473771.98166
6,-326625.28433,4473746.32635
6,-326806.963015,4473766.4148
6,-326688.095784,4473753.73174
6,-326479.090608,4473731.06676
6,-325672.181558,4473642.9295
6,-326608.039864,4473745.56407
6,-326807.012305,4473767.54661
6,-326509.948339,4473735.68498
6,-326827.905941,4473771.14219
6,-326404.571888,4473725.61025
6,-326711.611938,4473759.72439
6,-326432.351415,4473729.32789
6,-326486.014508,4473735.88002
6,-325806.303711,4473661.54562
6,-326445.752175,4473731.6964
6,-326545.821217,4473742.76744
6,-326744.981142,4473765.14435
6,-323740.205523,4473437.0544
6,-337697.214096,4474974.09061
6,-326527.476293,4473742.56067
6,-326682.647629,4473760.4942
6,-326151.332103,4473703.40513
6,-326645.793881,4473757.88435
6,-326687.181671,4473762.86819
6,-327222.506652,4473821.63664
6,-329931.86758,4474119.35447
6,-326559.215355,4473749.41578
6,-326290.420352,4473719.983
6,-326528.810675,4473746.19865
6,-325094.511378,4473589.60079
6,-325089.705817,4473590.76497
6,-326564.364133,4473752.79568
6,-320332.589769,4473074.22912
6,-326888.018538,4473789.71305
6,-325334.143109,4473620.5994
6,-321417.083492,4473195.70505
6,-328325.585475,4473950.95928
6,-326765.861364,4473779.93484
6,-315703.863235,4472576.50661
6,-327048.573237,4473811.84491
6,-326551.024331,4473757.75526
6,-328285.408558,4473948.3521
6,-326934.226998,4473801.3091
6,-326435.827331,4473747.16772
6,-319014.983383,4472938.51635
6,-326395.112663,4473743.1601
6,-326451.017893,4473750.07015
6,-326713.616428,4473780.18182
6,-325697.484331,4473670.2863
6,-325864.628861,4473689.32871
6,-325327.433376,4473631.17431
6,-325112.59181,4473607.83058
6,-329990.345348,4474143.06299
6,-326993.044842,4473814.06186
6,-326494.520838,4473760.3421
6,-325509.627558,4473653.12723
6,-311425.234738,4472126.11198
6,-327185.062403,4473836.79455
6,-325279.900988,4473629.31073
6,-326746.298155,4473790.29499
6,-328299.548484,4473961.61931
6,-326401.709313,4473755.7096
6,-326852.238963,4473806.29386
6,-339776.729368,4475233.6177
6,-337683.73331,4475001.8206
6,-324998.288327,4473604.71795
6,-325367.822737,4473645.27775
6,-326434.687884,4473763.37576
6,-349479.727958,4476322.8433
6,-328299.319358,4473967.97
6,-321217.457084,4473194.85201
6,-325184.713102,4473628.29677
6,-326636.489163,4473787.72883
6,-326436.584429,4473765.83624
6,-325285.311192,4473640.6027
6,-326831.755215,4473810.58296
6,-251445.935554,4465934.67767
6,-328608.645293,4474006.06004
