1,-337593.766554,4464152.29607
1,-334749.857299,4463839.06725
1,-336080.667426,4463987.13718
1,-337679.366689,4464164.39144
1,-332566.992674,4463601.67277
1,-326507.710139,4462938.94258
1,-332551.461908,4463602.20709
1,-335816.930202,4463963.83348
1,-330734.107785,4463406.1201
1,-328293.096753,4463139.41086
1,-333046.416514,4463660.96839
1,-329951.691823,4463322.4684
1,-327682.752382,4463074.14399
1,-328306.423134,4463143.45919
1,-328635.887024,4463181.52966
1,-335234.813605,4463906.9222
1,-335226.682706,4463907.15198
1,-328860.997028,4463209.65674
1,-330245.640348,4463370.46107
1,-328394.012716,4463175.7935
1,-329004.887471,4463246.58415
1,-316967.727955,4461941.17292
1,-304627.758952,4460621.6136
1,-338066.585844,4464249.17002
1,-322415.457584,4462537.11228
1,-328978.737902,4463252.98087
1,-328877.945043,4463255.36752
1,-338176.49076,4464284.21021
1,-316923.847693,4461964.93861
1,-327320.071437,4463106.94015
1,-329105.542755,4463303.56252
1,-321214.014242,4462448.41599
1,-324012.484993,4462756.24403
1,-327081.469845,4463091.07681
1,-326235.85982,4463009.07205
1,-323556.203633,4462738.59832
1,-322193.41706,4462595.14803
1,-330004.479083,4463449.13244
1,-329833.575786,4463431.73486
1,-338091.721261,4464344.3496
1,-333872.743817,4463882.41897
1,-326181.314176,4463043.84925
1,-323564.317917,4462763.69454
1,-323566.15562,4462764.34486
1,-323581.295997,4462767.9059
1,-322669.217261,4462671.70455
1,-326215.013683,4463058.0457
1,-322420.032523,4462645.88008
1,-333018.595457,4463823.14555
1,-331210.73907,4463629.35068
1,-322406.208923,4462681.3177
1,-313422.053179,4461713.2883
1,-304611.764466,4460774.67072
1,-326584.86627,4463145.89263
1,-323560.535549,4462829.34762
1,-316987.774666,4462118.43471
1,-333805.248918,4463955.53997
1,-316967.730768,4462135.41424
1,-322567.764143,4462751.23044
1,-320275.077919,4462505.7199
1,-329897.072811,4463554.34855
1,-307613.17339,4461145.58031
1,-325721.970394,4463098.12621
1,-318763.940887,4462345.24896
1,-307485.014183,4461137.38939
1,-323549.37673,4462868.38545
1,-316962.708013,4462162.68394
1,-322984.277081,4462819.34296
1,-332950.16993,4463912.3924
1,-325107.314944,4463056.1009
1,-303188.426128,4460700.51465
1,-326882.419357,4463251.97311
1,-325501.381693,4463104.22815
1,-323577.064659,4462897.75015
1,-325245.972452,4463081.66846
1,-322237.552308,4462754.85598
1,-323340.708086,4462875.20345
1,-324868.130647,4463041.67869
1,-316904.065649,4462181.64817
1,-304812.014215,4460887.33103
1,-324723.524612,4463031.52659
1,-324633.072952,4463022.83659
1,-326913.605892,4463275.42772
1,-328596.32426,4463459.59483
1,-324648.615284,4463030.35186
1,-322904.975624,4462846.65147
1,-324408.072239,4463010.35625
1,-326674.880441,4463267.27185
1,-324112.880161,4462992.75526
1,-324395.293193,4463025.74636
1,-329916.747497,4463631.00994
1,-324264.15533,4463016.76502
1,-325932.88351,4463199.21431
1,-328970.863681,4463532.016
1,-323492.944125,4462941.42238
1,-354009.066777,4466325.72127
1,-322916.869732,4462885.67165
1,-322504.534523,4462842.2286
1,-324021.704916,4463007.94905
1,-316173.207733,4462161.56445
1,-332975.544255,4463996.21987
1,-326647.456248,4463304.71392
1,-322889.444286,4462897.78263
1,-333786.601119,4464090.7547
1,-322767.640605,4462889.16577
1,-322815.49965,4462901.34797
1,-326784.248262,4463335.07917
1,-334790.47869,4464213.65541
1,-322044.315349,4462820.25704
1,-323239.304071,4462951.01072
1,-323340.321277,4462964.13261
1,-322890.081046,4462915.87103
1,-323454.748678,4462978.37619
1,-322788.568164,4462907.31884
1,-323293.284839,4462962.73539
1,-353921.514306,4466356.42946
1,-325903.660243,4463248.89639
1,-320067.57032,4462615.00116
1,-320079.879043,4462616.67181
1,-322868.670323,4462920.52699
1,-332568.800533,4463983.44373
1,-320350.298644,4462653.42488
1,-323453.331602,4462990.61055
1,-323097.029555,4462954.35337
1,-322912.525863,4462936.10393
1,-326821.260665,4463369.532
1,-322948.146202,4462950.67363
1,-326735.655445,4463364.57799
1,-317950.379462,4462416.37141
1,-327153.397484,4463422.36318
1,-324410.837089,4463135.55946
1,-320885.156889,4462766.93187
1,-327159.764477,4463452.23161
1,-333777.939734,4464190.44252
1,-316906.105073,4462357.00128
1,-326169.517288,4463362.93504
1,-300070.707259,4460570.42881
1,-332992.692503,4464124.2853
1,-322078.376102,4462933.34907
1,-318163.747357,4462516.55017
1,-319281.852585,4462644.55127
1,-327142.807456,4463504.21963
1,-323571.162575,4463121.11491
1,-319031.77933,4462641.0819
1,-320163.310639,4462764.89194
1,-323044.733228,4463085.95413
1,-327145.708005,4463533.25886
1,-319855.157205,4462744.02484
1,-327200.076724,4463543.81633
1,-319716.050031,4462730.31784
1,-323457.955203,4463140.33789
1,-323060.558101,4463098.37309
1,-323507.769272,4463150.48515
1,-323299.842279,4463128.21384
1,-325903.705918,4463413.11864
1,-319457.313804,4462721.68501
1,-326963.686792,4463554.03898
1,-326936.413274,4463551.96142
1,-322818.864414,4463106.68167
1,-326254.443115,4463490.72537
1,-319628.291194,4462783.09126
1,-319960.530765,4462820.97154
1,-327088.96065,4463596.89475
1,-324389.826339,4463308.63077
1,-324404.754494,4463313.89385
1,-319983.757436,4462834.74734
1,-329893.977174,4463916.32864
1,-324054.198372,4463280.42123
1,-297235.714291,4460416.70992
1,-332970.307156,4464267.33365
1,-321357.419264,4463004.9612
1,-319833.831417,4462842.79338
1,-323662.219703,4463260.08476
1,-333763.284855,4464378.66542
1,-320281.384651,4462906.65257
1,-334756.651226,4464523.58973
1,-319701.845537,4462882.94045
1,-327061.446736,4463693.91058
1,-329837.13425,4464009.61848
1,-324402.562926,4463416.32522
1,-353839.699296,4466690.3129
1,-327465.93498,4463768.85528
1,-353810.048316,4466708.19676
1,-319779.288131,4462962.07525
1,-333712.260181,4464490.02379
1,-317646.728396,4462749.04893
1,-319591.796488,4462967.4962
1,-314470.204095,4462417.37213
1,-324374.078462,4463490.72199
1,-315434.554783,4462524.48904
1,-329856.048028,4464091.39345
1,-319924.527127,4463015.71512
1,-315466.068784,4462535.42598
1,-335505.397867,4464721.33809
1,-333568.512654,4464509.68291
1,-333619.363383,4464523.36023
1,-320095.496335,4463062.83367
1,-327132.927009,4463838.46008
1,-319961.500843,4463085.14442
1,-327024.303291,4463863.20086
1,-322432.513052,4463369.56955
1,-353795.728364,4466846.574
1,-326218.128301,4463793.54197
1,-319753.098148,4463091.52084
1,-322171.007937,4463354.95008
1,-319371.325128,4463055.49331
1,-315458.258036,4462635.34311
1,-325859.492214,4463781.96373
1,-319618.495986,4463108.36788
1,-317060.43048,4462840.47831
1,-333542.54205,4464641.83757
1,-328219.620282,4464067.30834
1,-324378.876738,4463651.3988
1,-327030.722754,4463940.78779
1,-319907.834431,4463167.23579
1,-316856.819992,4462847.43826
1,-327174.854765,4463981.92224
1,-325865.482395,4463846.25422
1,-325121.214874,4463771.57006
1,-332902.435458,4464628.61235
1,-316787.598333,4462876.0138
1,-325859.666396,4463862.5146
1,-333171.94839,4464666.37168
1,-333534.634313,4464708.37258
1,-353844.007682,4466976.60313
1,-332883.774936,4464641.04721
1,-320340.359856,4463273.57453
1,-328880.900053,4464204.51777
1,-325155.123459,4463797.90405
1,-322522.222627,4463517.04709
1,-353834.244103,4466984.89662
1,-353830.716168,4466990.51148
1,-316905.610496,4462917.90654
1,-322868.246981,4463563.7674
1,-334142.214251,4464804.67211
1,-303557.157235,4461501.95463
1,-324341.872927,4463737.92124
1,-329632.649326,4464317.22761
1,-325295.771716,4463850.06426
1,-329698.713575,4464342.51592
1,-327025.502529,4464051.54754
1,-326909.702332,4464042.82934
1,-316932.513615,4462961.11874
1,-317230.556658,4462998.12071
1,-330509.749963,4464448.37361
1,-316807.167306,4462961.1552
1,-314336.08623,4462704.19947
1,-307142.796318,4461934.35667
1,-326299.42551,4464000.60439
1,-316475.804956,4462935.16817
1,-314418.673886,4462715.10771
1,-333524.025612,4464805.97533
1,-324226.013092,4463790.29242
1,-324333.583478,4463814.05495
1,-325480.250355,4463941.27986
1,-334700.665541,4464952.34758
1,-326092.721448,4464008.72794
1,-322973.034771,4463674.89355
1,-324318.72699,4463821.44746
1,-325669.559103,4463969.80777
1,-326832.054436,4464100.0266
1,-325204.433636,4463922.47422
1,-326169.442411,4464029.8275
1,-338246.657254,4465358.68015
1,-326712.058104,4464091.53995
1,-325225.93487,4463930.52817
1,-324691.644364,4463875.34982
1,-324236.057854,4463826.29994
1,-323546.788666,4463751.92278
1,-324366.844726,4463842.67957
1,-324272.175411,4463833.94875
1,-325859.231976,4464007.00793
1,-323265.341516,4463725.52547
1,-323256.21876,4463724.87135
1,-324573.109946,4463868.63332
1,-324710.73198,4463884.06282
1,-328271.190421,4464274.69105
1,-324036.95173,4463814.83002
1,-323412.152567,4463747.34728
1,-323210.800015,4463725.71028
1,-324034.666948,4463815.89905
1,-324343.632647,4463850.09702
1,-325229.037526,4463947.42292
1,-324240.383417,4463839.94807
1,-326174.57953,4464051.11264
1,-333488.570499,4464853.51273
1,-324455.388029,4463865.61119
1,-325488.582177,4463978.30897
1,-324819.658652,4463907.31598
1,-333295.709763,4464837.3485
1,-337601.187633,4465313.74538
1,-324888.765893,4463917.88633
1,-322469.475949,4463656.96715
1,-340376.525259,4465625.49085
1,-333023.669474,4464812.66653
1,-326956.259558,4464150.98826
1,-325098.914004,4463948.89572
1,-336164.461641,4465163.66406
1,-323805.599891,4463808.60741
1,-323687.035156,4463796.61937
1,-323132.821931,4463737.06093
1,-334645.048166,4464999.80635
1,-323319.688185,4463760.1539
1,-324109.314579,4463846.40286
1,-330174.133445,4464509.19366
1,-339069.236616,4465490.20298
1,-325073.104856,4463954.90179
1,-334377.445834,4464976.03754
1,-328827.861808,4464369.86171
1,-330106.167059,4464510.56062
1,-332810.031125,4464807.93883
1,-337915.218433,4465371.94204
1,-335270.716699,4465079.82119
1,-324302.72558,4463877.59504
1,-317997.684844,4463193.89178
1,-333126.741584,4464844.4696
1,-323315.7478,4463771.66335
1,-315949.599599,4462974.82927
1,-316833.280485,4463071.03884
1,-322391.596836,4463672.79923
1,-322684.890041,4463707.20841
1,-303651.820046,4461664.09313
1,-322346.561347,4463671.96177
1,-326945.427605,4464173.12076
1,-329148.534305,4464415.45419
1,-324889.450035,4463951.41149
1,-328366.434687,4464335.80132
1,-331155.446573,4464646.35836
1,-334896.573481,4465058.19171
1,-313951.59182,4462782.49594
1,-321241.468666,4463569.9276
1,-320244.359152,4463463.24894
1,-304064.689798,4461729.97174
1,-322133.373951,4463670.3867
1,-332702.558728,4464830.25087
1,-332169.239952,4464774.19093
1,-340145.158307,4465658.78086
1,-312394.972855,4462630.35723
1,-315383.908478,4462952.96298
1,-320338.417023,4463490.26328
1,-340140.561655,4465662.40249
1,-322033.771028,4463675.64774
1,-340161.991219,4465667.41083
1,-330113.805001,4464559.05052
1,-316699.185783,4463101.57936
1,-312260.673831,4462624.20284
1,-315445.432062,4462966.49384
1,-312246.187637,4462624.75426
1,-315436.767559,4462967.77507
1,-323790.028069,4463873.59773
1,-316913.80022,4463129.83122
1,-323605.223289,4463855.32681
1,-328696.514625,4464411.12778
1,-321319.060039,4463607.61464
1,-313243.825682,4462736.66976
1,-312844.933296,4462694.40427
1,-322308.592941,4463716.81557
1,-317074.913937,4463150.67196
1,-311929.5889,4462597.78217
1,-326177.023557,4464143.17555
1,-329557.140832,4464514.40344
1,-324340.754426,4463945.5159
1,-316060.337041,4463048.80214
1,-315594.113518,4462998.68268
1,-315104.050193,4462946.13873
1,-317298.554168,4463182.8028
1,-317600.242618,4463215.711
1,-313233.004333,4462746.20301
1,-321008.946753,4463585.80441
1,-340204.366173,4465692.21129
1,-316091.462615,4463056.88568
1,-323849.697924,4463897.54753
1,-317235.88375,4463181.28551
1,-340157.538661,4465690.58113
1,-317561.588317,4463216.63796
1,-315448.264738,4462989.84267
1,-316524.300467,4463106.251
1,-319635.445859,4463444.23495
1,-320648.206405,4463555.02822
1,-317225.319571,4463185.40366
1,-316196.29578,4463074.60303
1,-334859.291559,4465109.84988
1,-317465.938137,4463212.31975
1,-318363.027167,4463309.48896
1,-318714.158521,4463347.95097
1,-314944.552427,4462942.48203
1,-320778.141227,4463572.71665
1,-312773.569466,4462709.82351
1,-313908.100822,4462833.55122
1,-315742.585919,4463033.40048
1,-313421.107979,4462783.74452
1,-326912.128921,4464246.07613
1,-324202.699198,4463951.06156
1,-313860.842525,4462832.45734
1,-315839.020538,4463048.26013
1,-317783.578867,4463259.71919
1,-317357.825909,4463215.32383
1,-315885.528805,4463059.23875
1,-318793.069908,4463374.44908
1,-318357.454119,4463327.35349
1,-319732.991615,4463477.50469
1,-315396.335357,4463017.12722
1,-318363.49632,4463337.80302
1,-324407.868848,4463999.30501
1,-319397.518481,4463456.16788
1,-317035.722421,4463201.34564
1,-315554.924569,4463046.1415
1,-315465.722156,4463037.88536
1,-315408.063151,4463033.02706
1,-324361.947312,4464005.22919
1,-315654.851011,4463065.12427
1,-317458.765878,4463263.49133
1,-339888.048585,4465722.34656
1,-317231.848031,4463242.77919
1,-316970.886874,4463215.56315
1,-315423.097832,4463049.62082
1,-316906.528784,4463213.30334
1,-317132.281372,4463238.60902
1,-315362.792711,4463049.20671
1,-304354.42274,4461872.27221
1,-324337.213655,4464026.86322
1,-324287.754323,4464022.26621
1,-320981.902013,4463664.85416
1,-317293.006562,4463266.65316
1,-324263.540492,4464024.63039
1,-315375.09107,4463063.0287
1,-304204.797389,4461872.47733
1,-329659.778036,4464620.38811
1,-338304.023047,4465573.31365
1,-324204.897582,4464024.95813
1,-324149.085678,4464018.88201
1,-334992.139874,4465212.83617
1,-325818.19294,4464210.90042
1,-311304.092316,4462641.96846
1,-304818.710293,4461950.18399
1,-314418.431453,4462980.74369
1,-329829.263019,4464655.04875
1,-334738.722731,4465196.03703
1,-311408.570812,4462663.24969
1,-308593.119001,4462363.15652
1,-305317.56367,4462019.07136
1,-315422.523346,4463103.26519
1,-315380.381083,4463100.86615
1,-305331.682549,4462030.33105
1,-303093.86491,4461794.32429
1,-304650.360701,4461960.99615
1,-305220.897146,4462022.76072
1,-315424.583214,4463115.86085
1,-308270.698487,4462348.87488
1,-320559.385007,4463671.18846
1,-305656.056621,4462071.95587
1,-315425.640543,4463122.62889
1,-308660.145398,4462397.1042
1,-316876.036789,4463279.6438
1,-320752.296645,4463706.8515
1,-311276.605802,4462687.31865
1,-316877.75364,4463289.77137
1,-315424.445524,4463135.33565
1,-307461.322383,4462285.28104
1,-307571.353677,4462298.02691
1,-316867.617999,4463300.69199
1,-309826.352258,4462546.7191
1,-304930.081395,4462027.59247
1,-308251.926273,4462383.35336
1,-310285.821544,4462601.8362
1,-315431.815593,4463154.74078
1,-320609.358608,4463715.00553
1,-307779.126223,4462337.97133
1,-326855.222764,4464397.77616
1,-310732.586065,4462654.27073
1,-311085.263316,4462692.2183
1,-305177.069939,4462061.9177
1,-305204.86628,4462065.43577
1,-306094.234352,4462162.86211
1,-304865.764402,4462041.39874
1,-329746.423599,4464728.47321
1,-307774.435859,4462352.76825
1,-320586.049311,4463738.8302
1,-306037.222143,4462181.86004
1,-338433.894119,4465701.31731
1,-321100.609537,4463802.94178
1,-304890.531052,4462069.34372
1,-325803.291865,4464322.28988
1,-320570.144768,4463753.54765
1,-324359.762873,4464166.27231
1,-315470.855261,4463206.79685
1,-322636.495342,4463986.31449
1,-329804.492924,4464773.00528
1,-315392.800836,4463210.17897
1,-325749.17163,4464343.15867
1,-332880.150744,4465126.82022
1,-316876.501704,4463384.39825
1,-321100.819976,4463845.49971
1,-315420.234768,4463231.59849
1,-326081.977139,4464390.17009
1,-321107.728026,4463849.66679
1,-306719.132139,4462304.62612
1,-323627.265224,4464127.07514
1,-332069.901348,4465051.739
1,-306945.804691,4462343.11657
1,-316827.679248,4463404.28508
1,-315399.530783,4463251.54934
1,-315401.370332,4463252.98596
1,-306932.571532,4462346.09628
1,-317139.742495,4463442.65429
1,-326122.371807,4464419.01988
1,-324921.955662,4464296.58955
1,-304900.922121,4462148.29995
1,-321122.198647,4463905.36415
1,-326107.536968,4464453.21827
1,-326128.14242,4464465.49145
1,-326809.224634,4464545.71163
1,-316844.169488,4463464.42335
1,-315318.243988,4463312.89507
1,-329771.429079,4464883.89821
1,-319019.209712,4463725.01369
1,-324329.757501,4464303.2247
1,-338362.335316,4465853.76944
1,-315391.905177,4463348.11994
1,-314344.791392,4463238.15881
1,-324291.863277,4464325.45276
1,-316740.720796,4463509.94424
1,-316604.127076,4463503.27188
1,-324341.657463,4464346.86814
1,-315390.430931,4463377.91057
1,-314341.413502,4463268.19418
1,-317348.355092,4463593.34416
1,-320722.241393,4463970.48448
1,-316832.171464,4463551.51776
1,-321029.990615,4464017.43652
1,-319147.067156,4463816.84547
1,-326766.157884,4464651.7287
1,-311515.903039,4463005.09668
1,-325174.368231,4464483.4714
1,-304856.499654,4462299.83371
1,-332841.966986,4465327.24242
1,-325512.42088,4464528.06929
1,-326987.589391,4464693.15191
1,-328818.090541,4464894.83873
1,-315391.893792,4463444.83503
1,-304829.758403,4462317.63349
1,-326768.50759,4464681.83389
1,-311532.690427,4463037.74202
1,-316112.060269,4463535.41394
1,-324308.4204,4464430.98462
1,-328017.20844,4464846.26818
1,-324291.085586,4464441.71105
1,-305783.679135,4462449.83806
1,-309718.796509,4462892.69466
1,-323614.339852,4464398.60099
1,-324295.69597,4464473.52323
1,-304282.496673,4462321.80834
1,-322604.361929,4464297.97772
1,-304919.425828,4462405.01602
1,-304085.527624,4462316.42255
1,-319762.928141,4464006.2452
1,-316958.678699,4463723.7395
1,-332828.961288,4465457.25144
1,-316692.971737,4463720.59639
1,-315373.716316,4463584.63037
1,-319040.779064,4463982.51216
1,-325757.020287,4464717.40326
1,-316502.686574,4463713.5825
1,-325535.999536,4464695.19501
1,-303570.46608,4462332.27067
1,-327520.334223,4464920.22354
1,-326756.616151,4464837.54959
1,-326086.515003,4464766.63529
1,-325781.566791,4464745.07234
1,-315340.142408,4463629.09111
1,-324766.536927,4464665.59747
1,-332717.601254,4465544.13764
1,-325747.200218,4464787.38948
1,-326050.743385,4464828.95954
1,-315344.092809,4463670.49995
1,-315496.666449,4463698.08056
1,-323983.813062,4464621.636
1,-315330.060648,4463684.86411
1,-324376.670859,4464665.73186
1,-332002.029355,4465501.25787
1,-329742.060478,4465255.98694
1,-315357.364334,4463692.98399
1,-316356.010713,4463805.67597
1,-320866.741481,4464300.56741
1,-346664.812692,4467145.46681
1,-321051.598937,4464337.91402
1,-324358.128931,4464698.93075
1,-329627.050957,4465282.99653
1,-325116.640466,4464801.85589
1,-325102.957267,4464801.74954
1,-334639.176099,4465848.44175
1,-316740.217125,4463905.48093
1,-307050.513377,4462867.71281
1,-320543.887513,4464338.19727
1,-329700.01406,4465345.40419
1,-314717.936224,4463718.04205
1,-325703.38081,4464909.99573
1,-326021.887989,4464946.32787
1,-320571.797734,4464369.58987
1,-325752.192062,4464934.01804
1,-307351.621618,4462949.65994
1,-315337.574914,4463813.12728
1,-315261.510648,4463807.74991
1,-316778.454263,4463985.57219
1,-312715.539711,4463560.56539
1,-317732.472723,4464103.24357
1,-316843.247117,4464009.45324
1,-316044.924917,4463923.57511
1,-302191.062138,4462445.1351
1,-315287.079317,4463849.68547
1,-319750.072067,4464339.23359
1,-324277.373709,4464834.41026
1,-319161.276998,4464279.31889
1,-315312.924234,4463866.83572
1,-325077.420303,4464925.86542
1,-315351.521714,4463874.41572
1,-309729.965043,4463271.26927
1,-315350.954091,4463893.45017
1,-315245.13931,4463888.43755
1,-317403.153475,4464122.25215
1,-312158.72226,4463567.00633
1,-324270.049267,4464899.27382
1,-332704.386866,4465853.43237
1,-331383.141743,4465711.90395
1,-316045.39816,4464044.8905
1,-315343.013419,4463971.11646
1,-327600.136691,4465308.87085
1,-326746.568906,4465231.2417
1,-332722.096112,4465891.39853
1,-322298.804621,4464752.96952
1,-316714.920079,4464148.51368
1,-318495.747224,4464347.74153
1,-315299.83306,4464033.94181
1,-315293.198966,4464048.6073
1,-332712.224393,4465945.62807
1,-315317.705952,4464054.74854
1,-314259.031561,4463944.62077
1,-334321.355111,4466135.0548
1,-315287.241372,4464066.32934
1,-328889.431517,4465543.9363
1,-315615.633994,4464103.05808
1,-315306.308898,4464070.40973
1,-315310.803236,4464071.34419
1,-301834.854623,4462632.82478
1,-325233.285212,4465150.84956
1,-325702.288574,4465209.36537
1,-316379.918306,4464207.85691
1,-315278.353046,4464092.50661
1,-314286.941632,4463993.59272
1,-315360.471527,4464113.28658
1,-316671.16606,4464257.51594
1,-326700.223934,4465347.74701
1,-326228.516717,4465298.78789
1,-322088.105324,4464864.47898
1,-301632.08589,4462672.01301
1,-316514.556011,4464263.96141
1,-325229.205087,4465209.52808
1,-315292.360963,4464137.92618
1,-329690.777478,4465707.89462
1,-332701.201018,4466038.77871
1,-326500.322156,4465359.21803
1,-321446.002547,4464811.39234
1,-328728.238214,4465609.18757
1,-326711.772056,4465392.56499
1,-325669.193654,4465279.86644
1,-329671.852362,4465718.56003
1,-326711.280553,4465406.59082
1,-319018.301186,4464572.50072
1,-320113.458827,4464691.65423
1,-325720.074227,4465303.10128
1,-316741.17588,4464331.05206
1,-328923.617963,4465656.27067
1,-316603.591392,4464318.90938
1,-316367.409454,4464294.89561
1,-317528.52839,4464424.64949
1,-332681.294841,4466094.79928
1,-317669.297679,4464471.00866
1,-315277.696037,4464218.53863
1,-329631.114536,4465779.20381
1,-330014.846405,4465823.5396
1,-329637.144707,4465785.62755
1,-332673.682457,4466120.06478
1,-325587.808355,4465344.76109
1,-321426.573769,4464892.68672
1,-330010.459447,4465851.67127
1,-315300.009374,4464261.70034
1,-332637.523348,4466151.46061
1,-329967.02125,4465859.41055
1,-322341.328602,4465034.64408
1,-321468.943511,4464943.08643
1,-332693.619379,4466174.66575
1,-329677.272218,4465847.12227
1,-316964.213729,4464464.00526
1,-327550.797225,4465622.03096
1,-329639.075768,4465856.90245
1,-315261.627009,4464295.28429
1,-328863.621035,4465790.72972
1,-309650.21872,4463711.33236
1,-326715.689808,4465574.22474
1,-300008.319162,4462710.21533
1,-317642.405358,4464597.14418
1,-332308.436364,4466228.76724
1,-315267.140672,4464373.67914
1,-326710.360312,4465618.79838
1,-333052.503541,4466340.78271
1,-294652.395645,4462256.66394
1,-320449.943736,4465013.5944
1,-321730.550956,4465154.48983
1,-315249.130183,4464457.98448
1,-329251.263011,4465991.84248
1,-315252.713522,4464476.79049
1,-315267.384055,4464481.68097
1,-332709.988611,4466413.4048
1,-330709.372897,4466202.11481
1,-301364.339864,4463038.56827
1,-314232.832623,4464412.19454
1,-315234.815879,4464531.31616
1,-326675.289224,4465774.13307
1,-315234.64981,4464533.6627
1,-326694.356549,4465782.18602
1,-315218.038579,4464538.17855
1,-300472.743474,4462975.9786
1,-332643.974112,4466454.95461
1,-326687.840606,4465811.66064
1,-323784.104465,4465498.91542
1,-331850.430793,4466383.02693
1,-318500.338409,4464933.92679
1,-326701.396062,4465832.85307
1,-299656.592949,4462932.44557
1,-332614.202311,4466490.35407
1,-326933.92201,4465877.18565
1,-326669.52017,4465853.92508
1,-315364.572927,4464628.08345
1,-328859.026319,4466101.86952
1,-326986.046391,4465902.76127
1,-329830.153978,4466220.75809
1,-326210.61095,4465824.97552
1,-299438.960664,4462955.79035
1,-325944.914644,4465802.50005
1,-326834.414804,4465902.8729
1,-326858.694941,4465905.60084
1,-315698.277562,4464695.4231
1,-315217.750717,4464649.50083
1,-318039.93976,4464954.1394
1,-315433.042092,4464676.52296
1,-312997.674247,4464414.74177
1,-315221.583516,4464655.76847
1,-332623.339568,4466553.14228
1,-327904.306064,4466035.45733
1,-326745.060772,4465911.13067
1,-315915.055195,4464736.01814
1,-321985.84908,4465395.99905
1,-327908.167128,4466043.76471
1,-321875.673824,4465389.85399
1,-326157.167153,4465862.50408
1,-326574.807682,4465908.29831
1,-323876.231926,4465618.52832
1,-325727.928156,4465820.82886
1,-315351.751855,4464700.41636
1,-329625.204523,4466252.35249
1,-314160.065918,4464574.48659
1,-325782.812124,4465839.20832
1,-315235.626847,4464696.01284
1,-326537.748424,4465923.3979
1,-324273.088161,4465680.62823
1,-325798.966415,4465847.7294
1,-341159.060774,4467541.51169
1,-329726.474434,4466279.56686
1,-327035.597265,4465985.12209
1,-295473.504059,4462604.22617
1,-394806.03926,4473706.41148
1,-325985.287182,4465875.16325
1,-326150.692891,4465895.58746
1,-324639.530674,4465736.25518
1,-296214.113944,4462693.442
1,-318943.567444,4465119.67472
1,-341063.390835,4467546.64991
1,-296376.844381,4462715.39618
1,-325943.959219,4465885.21518
1,-324656.197295,4465747.00309
1,-329611.308778,4466288.90373
1,-324890.067298,4465772.80037
1,-329978.706197,4466330.89009
1,-296940.812494,4462779.91737
1,-324439.626533,4465726.39808
1,-324451.760504,4465727.73148
1,-321645.976116,4465423.64999
1,-324199.153784,4465701.44997
1,-330478.00187,4466388.16096
1,-296702.554709,4462757.76631
1,-294746.496601,4462553.86699
1,-326664.221323,4465974.65547
1,-324357.235963,4465725.12489
1,-315215.384919,4464735.04098
1,-328779.67839,4466209.3589
1,-324206.327006,4465712.81825
1,-318337.963929,4465077.76174
1,-314887.074785,4464706.21255
1,-332826.276542,4466663.77227
1,-318758.562845,4465129.94641
1,-318998.272197,4465156.56195
1,-331844.597441,4466559.93244
1,-319086.47524,4465170.72557
1,-330981.819782,4466468.26754
1,-297902.168059,4462908.85873
1,-330727.698028,4466444.41413
1,-331121.761231,4466493.54258
1,-333933.330698,4466804.54527
1,-319683.769871,4465253.98249
1,-320307.279362,4465327.40488
1,-315214.671464,4464777.07349
1,-320680.291128,4465371.34235
1,-316641.931797,4464936.23504
1,-315212.625776,4464787.21158
1,-330161.686813,4466414.95169
1,-334093.415333,4466848.02887
1,-325728.516914,4465936.21774
1,-299336.232329,4463108.11338
1,-332291.103679,4466662.28517
1,-337701.5077,4467259.66476
1,-329745.556541,4466384.0815
1,-326677.456117,4466050.9259
1,-340368.998779,4467563.78957
1,-336356.74824,4467122.72159
1,-341551.278755,4467701.21663
1,-341767.431001,4467727.63698
1,-318840.129644,4465212.40522
1,-294329.562902,4462600.7975
1,-318992.489053,4465230.58289
1,-314212.601061,4464715.46918
1,-339757.404284,4467508.25774
1,-329679.573003,4466397.20981
1,-336358.596236,4467132.92015
1,-306910.573982,4463937.37112
1,-337804.245915,4467301.80525
1,-326690.470924,4466080.47331
1,-329638.537838,4466404.42503
1,-330353.691302,4466484.49706
1,-314850.938026,4464799.48713
1,-337399.845589,4467262.88297
1,-337555.797031,4467281.31039
1,-339708.23185,4467524.46838
1,-325641.354468,4465979.20359
1,-325905.928834,4466013.77973
1,-329607.995693,4466422.01697
1,-313957.926717,4464727.47877
1,-332837.127113,4466795.04482
1,-326674.000024,4466124.06609
1,-326690.995156,4466128.85167
1,-334385.078206,4466981.78558
1,-341041.827225,4467727.30343
1,-316648.911321,4465056.69477
1,-325910.961616,4466063.48238
1,-325892.18392,4466072.1665
1,-335659.881069,4467155.8627
1,-329621.460452,4466501.96605
1,-340948.566593,4467754.49763
1,-301363.796061,4463459.51874
1,-326693.08439,4466193.62072
1,-309609.410414,4464347.59376
1,-301373.048072,4463471.97722
1,-314205.587029,4464849.1447
1,-337982.995126,4467447.71135
1,-315193.506003,4464971.94189
1,-340818.464883,4467778.27305
1,-329613.828899,4466545.90487
1,-325669.851781,4466114.9158
1,-301364.253306,4463502.6696
1,-337970.230271,4467468.99861
1,-316576.155242,4465131.6023
1,-339268.43966,4467627.63569
1,-329549.793926,4466564.15148
1,-319654.505704,4465485.71522
1,-315185.177206,4465007.41185
1,-332552.898728,4466904.62746
1,-319659.224158,4465511.78866
1,-299863.1548,4463395.21711
1,-293637.984603,4462740.80138
1,-342367.274414,4468010.46452
1,-326708.732578,4466283.18726
1,-326234.644984,4466238.60415
1,-314179.503741,4464935.83459
1,-322748.670112,4465864.42538
1,-342378.600811,4468028.74361
1,-301355.809663,4463577.51446
1,-325653.479093,4466206.61403
1,-327029.504358,4466361.04958
1,-339217.615416,4467712.7084
1,-316606.709803,4465252.46526
1,-331744.917084,4466906.94953
1,-326782.116509,4466364.75877
1,-346340.352122,4468533.68055
1,-315165.817296,4465112.28857
1,-333486.4105,4467111.64447
1,-324136.540242,4466087.58401
1,-325874.907435,4466278.08927
1,-329546.00591,4466689.21267
1,-340876.719266,4467941.05439
1,-326739.198645,4466383.72218
1,-326728.708773,4466385.27909
1,-326721.486454,4466385.50355
1,-326719.552467,4466385.74274
1,-326601.890686,4466372.88537
1,-326762.990263,4466392.96785
1,-326712.053685,4466393.25839
1,-326706.485046,4466395.01521
1,-326730.44529,4466400.33693
1,-326738.073941,4466403.53599
1,-326693.854443,4466398.7036
1,-326660.041853,4466396.24767
1,-326667.465961,4466404.49296
1,-327554.296621,4466507.42491
1,-326666.10368,4466416.9594
1,-315130.44753,4465167.02609
1,-315179.843174,4465172.79776
1,-315208.134896,4465176.52127
1,-321103.154098,4465816.43649
1,-300175.545575,4463577.567
1,-325877.913733,4466339.99422
1,-326677.331554,4466438.0104
1,-326709.45657,4466443.21058
1,-315175.625092,4465196.66321
1,-315172.389626,4465200.14277
1,-315170.115467,4465201.13628
1,-316604.030761,4465362.5077
1,-327636.813207,4466566.00282
1,-327542.278503,4466556.79822
1,-327304.877245,4466532.07043
1,-315062.127581,4465203.35217
1,-326956.228821,4466494.28709
1,-315150.320169,4465215.10438
1,-315268.8179,4465227.98357
1,-315240.872604,4465225.87339
1,-342425.207469,4468204.67397
1,-315228.365316,4465226.10214
1,-326745.946793,4466476.70931
1,-315174.64748,4465224.24426
1,-315209.211732,4465229.28536
1,-325854.103254,4466385.25282
1,-315174.44595,4465227.72416
1,-315223.001576,4465235.65755
1,-315134.906824,4465227.10132
1,-315250.21683,4465239.71568
1,-327531.457435,4466576.4416
1,-326700.661122,4466487.19148
1,-315250.134874,4465246.91275
1,-315260.076673,4465248.77207
1,-315237.039777,4465246.96556
1,-326607.512713,4466480.9548
1,-337958.74065,4467731.10652
1,-326657.998486,4466488.27377
1,-315169.411598,4465242.26912
1,-327124.835508,4466540.88014
1,-315267.240635,4465256.29949
1,-339218.264467,4467877.30221
1,-309586.267844,4464659.76378
1,-326785.026184,4466519.84015
1,-329496.770926,4466819.30633
1,-326834.277508,4466528.37709
1,-315181.991922,4465263.89101
1,-329517.995359,4466824.82177
1,-315265.215706,4465275.89757
1,-326649.552184,4466520.0154
1,-327480.310402,4466614.5621
1,-292820.347456,4462907.14663
1,-315320.025215,4465300.60625
1,-315301.26267,4465300.16083
1,-326659.219672,4466533.12397
1,-315283.619524,4465307.83013
1,-332879.028464,4467238.74309
1,-315171.747673,4465313.11599
1,-315203.930849,4465316.9211
1,-316586.16336,4465467.09661
1,-332528.155451,4467206.42325
1,-315112.648181,4465312.94168
1,-315174.423313,4465322.07384
1,-325645.590282,4466457.66727
1,-315115.248426,4465320.99063
1,-315164.500617,4465326.5556
1,-315177.753467,4465328.17481
1,-332527.457288,4467224.82261
1,-315112.507009,4465331.95449
1,-325899.163996,4466504.68686
1,-329768.682545,4466928.54663
1,-329523.529514,4466904.84545
1,-325527.987209,4466467.92214
1,-325631.289597,4466484.61378
1,-318928.373039,4465758.3104
1,-332562.848548,4467248.43371
1,-315121.166321,4465356.982
1,-330063.244313,4466995.9675
1,-319633.556416,4465863.16421
1,-325633.487998,4466516.98783
1,-315150.714785,4465386.84963
1,-315169.095065,4465391.64465
1,-315122.427982,4465395.96213
1,-315161.801841,4465403.01884
1,-329579.679528,4466974.08642
1,-315139.790494,4465405.3763
1,-321085.664665,4466055.87222
1,-315117.352781,4465414.10562
1,-315140.214498,4465419.94634
1,-325627.690243,4466562.16276
1,-292283.648083,4462998.33828
1,-318102.566398,4465758.03888
1,-326163.362124,4466634.34454
1,-314137.133541,4465332.28072
1,-326674.820645,4466700.6302
1,-297097.21434,4463528.97493
1,-312885.533476,4465215.99663
1,-330021.683233,4467082.2814
1,-327015.64311,4466756.02024
1,-325612.042302,4466610.19347
1,-317445.013236,4465725.24861
1,-327506.240841,4466820.18453
1,-314576.870314,4465430.43271
1,-329531.228628,4467060.01757
1,-330115.442439,4467127.49254
1,-325633.993253,4466638.12319
1,-309571.4962,4464904.52163
1,-325581.549102,4466667.12379
1,-316593.115176,4465695.84577
1,-325594.910098,4466676.5114
1,-329719.38478,4467128.90309
1,-325605.830681,4466678.94229
1,-325628.720708,4466694.05557
1,-315134.147311,4465559.13197
1,-314550.424786,4465505.38512
1,-315113.703323,4465582.10495
1,-320360.492998,4466156.81835
1,-318914.99321,4466042.09474
1,-344675.725541,4468879.72812
1,-332563.936428,4467540.63578
1,-332518.964038,4467538.12979
1,-315123.059489,4465644.10406
1,-326511.688479,4466885.47016
1,-329854.176741,4467255.96865
1,-328935.760511,4467163.89481
1,-326144.299301,4466860.16786
1,-325979.260119,4466842.93202
1,-326210.719112,4466868.92079
1,-328313.234566,4467103.38634
1,-325726.293584,4466821.27041
1,-315085.510129,4465667.83501
1,-329021.089697,4467182.37161
1,-325377.599111,4466783.96722
1,-328676.623775,4467150.81795
1,-325999.775913,4466859.92749
1,-325595.213232,4466817.29031
1,-322141.53684,4466445.11079
1,-329240.085958,4467220.12208
1,-328316.111882,4467120.9021
1,-327028.385104,4466980.4372
1,-325821.464933,4466848.85977
1,-329008.282735,4467198.49558
1,-315125.160698,4465690.00905
1,-325608.933607,4466827.99
1,-325613.771572,4466828.70955
1,-329025.809909,4467202.60208
1,-325589.939384,4466829.85891
1,-325576.150961,4466831.69911
1,-316519.142475,4465849.45052
1,-328972.451379,4467204.41347
1,-327398.026923,4467033.80645
1,-328336.084401,4467137.28252
1,-329499.425916,4467268.30798
1,-325861.403829,4466870.38582
1,-315098.108952,4465703.75811
1,-329391.373918,4467261.15545
1,-326612.103379,4466957.1208
1,-321092.963107,4466359.26119
1,-327827.656799,4467096.40704
1,-329490.433723,4467293.60255
1,-328207.90462,4467153.20849
1,-328300.952939,4467164.29931
1,-322943.222897,4466581.8395
1,-324136.706353,4466714.8213
1,-323525.119679,4466656.43222
1,-324121.499733,4466722.28726
1,-323378.707708,4466644.76171
1,-326616.467006,4467001.85268
1,-332537.012177,4467659.15314
