0.000073
0.000049
0.000049
0.000070
0.000069
0.000094
0.000121
0.000122
0.000122
0.000198
0.000211
0.000200
0.000412
0.000391
0.000411
0.000609
0.000636
0.000619
0.000980
0.000992
0.000969
0.001285
0.001290
0.001291
0.002027
0.002029
0.002034
0.002775
0.002798
0.002771
0.003584
0.003618
0.003584
0.004455
0.004487
0.004504
0.006014
0.006011
0.006001
0.007366
0.007373
0.007401
0.009332
0.009296
0.009341
0.010511
0.010526
0.010523
0.013428
0.013506
0.013474
0.015668
0.015629
0.015628
0.018361
0.018611
0.018369
0.020942
0.020960
0.020931
