0.020941
0.020957
0.020980
0.165316
0.165178
0.165509
0.564942
0.564857
0.564703
1.338617
1.364974
1.337962
2.648632
2.645205
2.647729
4.627479
4.633232
4.620400
7.375048
7.366081
7.374635
11.209262
11.210660
11.210253
15.850586
15.831766
15.846410
21.875322
21.841375
21.868555
29.095249
29.095020
29.090874
38.884331
38.847355
38.842854
48.625656
48.605900
48.641811
60.591717
60.598061
60.630547
74.997246
74.977905
74.989349
93.186607
93.293533
93.282303
108.756500
108.711739
108.738785
130.398178
130.444550
130.415558
152.351837
152.402100
152.438507
183.131058
183.270294
183.268021
