0.000047
0.000069
0.000045
0.000062
0.000061
0.000062
0.000100
0.000100
0.000100
0.000176
0.000160
0.000161
0.000264
0.000266
0.000264
0.000400
0.000399
0.000427
0.000606
0.000606
0.000631
0.000798
0.000798
0.000799
0.001324
0.001308
0.001297
0.001741
0.001770
0.001783
0.002260
0.002263
0.002239
0.002763
0.002774
0.002770
0.003594
0.003615
0.003584
0.004379
0.004367
0.004403
0.005376
0.005351
0.005361
0.005979
0.005983
0.005969
0.008058
0.008075
0.008041
0.009388
0.009389
0.009362
0.011006
0.011031
0.011030
0.012552
0.012571
0.012547
