0.000083
0.000063
0.000062
0.000157
0.000159
0.000161
0.000425
0.000422
0.000422
0.000907
0.000908
0.000934
0.001757
0.001792
0.001765
0.002908
0.002908
0.002903
0.004732
0.004740
0.004719
0.006800
0.006780
0.006796
0.010089
0.010090
0.010086
0.014013
0.013975
0.013882
0.019368
0.019377
0.019354
0.026284
0.026272
0.026267
0.031606
0.032525
0.032360
0.041408
0.041456
0.041392
0.052969
0.052946
0.052958
0.065672
0.065824
0.065723
0.080178
0.080143
0.080124
0.094737
0.094723
0.094741
0.112899
0.112929
0.112898
0.130689
0.130572
0.130650
