0.012557
0.012593
0.012556
0.091498
0.091535
0.091523
0.326055
0.325952
0.325973
0.729286
0.729300
0.729376
1.496159
1.496492
1.495940
2.459167
2.459171
2.459243
4.098344
4.098069
4.098148
5.851163
5.851062
5.851210
8.733897
8.733720
8.733674
11.409414
11.410006
11.410556
15.973214
15.977789
15.977379
19.673128
19.674435
19.674179
26.700977
26.695856
26.703508
31.235052
31.235378
31.240801
40.895969
40.897228
40.899117
47.064754
47.064110
47.057903
58.828339
58.822170
58.816994
66.512497
66.520721
66.519379
82.142021
82.161736
82.141457
91.264481
91.270866
91.271248
