0.013583
0.013582
0.013576
0.100787
0.100779
0.100794
0.341905
0.342022
0.342437
0.732435
0.732472
0.732511
1.572919
1.574451
1.574707
2.678703
2.679917
2.678700
4.302528
4.298791
4.298382
5.861796
5.861896
5.861512
9.157882
9.157618
9.156806
12.165428
12.168139
12.166230
16.604481
16.606144
16.605074
19.664513
19.663687
19.663912
27.256954
27.271227
27.273750
33.481861
33.481361
33.481750
41.818268
41.817966
41.818226
47.028885
47.027054
47.027245
60.921173
60.890091
60.914402
70.810303
70.823776
70.817757
85.751404
85.750099
85.711227
90.737686
90.737907
90.737457
