0.000053
0.000079
0.000054
0.000086
0.000086
0.000112
0.000101
0.000100
0.000126
0.000203
0.000220
0.000218
0.000280
0.000270
0.000268
0.000476
0.000477
0.000475
0.000604
0.000606
0.000626
0.000944
0.000960
0.000946
0.001435
0.001420
0.001417
0.001726
0.001716
0.001743
0.002369
0.002398
0.002401
0.002771
0.002743
0.002773
0.003754
0.003758
0.003740
0.004487
0.004492
0.004511
0.005756
0.005737
0.005730
0.005941
0.005938
0.005943
0.008323
0.008325
0.008358
0.009929
0.010002
0.009945
0.011303
0.011321
0.011319
0.013566
0.013535
0.013568
