0.000071 
0.000046 
0.000046 
0.000046 
0.000046 
0.000066 
0.000067 
0.000067 
0.000072 
0.000067 
0.000145 
0.000120 
0.000145 
0.000119 
0.000145 
0.000196 
0.000197 
0.000198 
0.000198 
0.000198 
0.000411 
0.000386 
0.000389 
0.000385 
0.000385 
0.000604 
0.000604 
0.000606 
0.000606 
0.000606 
0.000964 
0.000963 
0.000957 
0.000983 
0.000961 
0.001282 
0.001284 
0.001312 
0.001285 
0.001290 
0.002036 
0.002042 
0.002037 
0.002059 
0.002035 
0.002790 
0.002799 
0.002755 
0.002794 
0.002761 
0.003588 
0.003590 
0.003575 
0.003567 
0.003603 
0.004455 
0.004481 
0.004492 
0.004471 
0.004487 
0.006003 
0.006025 
0.005990 
0.006018 
0.006031 
0.007336 
0.007393 
0.007403 
0.007361 
0.007393 
0.009449 
0.009242 
0.009285 
0.009272 
0.009255 
0.010512 
0.010521 
0.010538 
0.010511 
0.010507 
0.013523 
0.013437 
0.013564 
0.013483 
0.013510 
0.015621 
0.015614 
0.015631 
0.015631 
0.015626 
0.018514 
0.018361 
0.018587 
0.018522 
0.018466 
0.020951 
0.020957 
0.020963 
0.020983 
0.020980 
