(0,[117952, 237937, 166295])
(0,[164330, 158397, 177452])
(0,[147714, 132149, 136530, 126028])
(0,[252449, 147372, 135492])
(0,[205401, 170063, 184081, 159380])
(0,[288244, 268319, 281565])
(0,[205590, 209956, 141150])
(0,[203244, 264460, 199585])
(0,[215779, 264455, 215190])
(0,[240457, 196563, 120449])
(0,[176658, 244707, 180097])
(0,[172034, 268849, 201303])
(0,[235648, 256974, 253697, 273517])
(0,[148926, 153379, 158798, 179757, 170295])
(0,[197392, 221266, 212489, 137656])
(0,[256974, 253697, 273517])
(0,[225054, 152674, 233215, 234066])
(0,[172038, 244729, 259592, 195760, 260834])
(0,[274133, 228817, 201316, 152506])
(0,[277301, 236040, 186327])
(0,[149278, 137961, 256569, 186840])
(0,[193573, 158967, 190374, 194387])
(0,[220419, 239746, 118639])
(0,[228164, 155077, 139778])
(0,[179782, 224787, 123505])
(0,[165170, 196215, 128106])
(0,[243802, 223443, 144488])
(0,[171772, 274853, 198739])
(0,[240033, 267358, 129317, 126375])
(0,[149278, 137961, 152674, 186840])
(0,[180567, 157310, 204082])
(0,[260274, 262716, 232132, 268769, 273837, 251975])
(0,[262716, 232132, 268769, 273837, 251975])
(0,[185942, 235248, 250726])
(0,[211941, 227055, 154943, 125872, 218072])
(0,[214810, 143457, 158707, 134131, 194830])
(0,[176453, 210650, 166592])
(0,[247717, 130005, 120496])
(0,[217043, 228478, 218339])
(0,[235648, 256974, 253697, 273517, 228149])
(0,[161444, 270034, 191571])
(0,[250922, 288718, 286140])
(0,[221266, 212489, 137656])
(0,[168448, 206740, 176551])
(0,[142493, 143386, 229619, 146423, 234789])
(0,[250202, 203978, 256778])
(0,[234789, 193573, 158967, 243461, 190374, 172564, 194387, 200415])
(0,[289096, 290149, 264573, 270031, 163250, 271659])
(0,[289096, 290149, 264573, 270031, 163250, 271659])
(0,[229619, 146423, 234789])
(0,[136848, 126302, 249409, 234302])
(0,[185942, 235248, 250726])
(0,[191879, 221463, 237311, 193458])
(0,[117675, 197149, 146620])
(0,[176901, 213654, 186248, 137830])
(0,[161859, 228452, 137239, 183697])
(0,[243461, 172564, 200415, 176116])
(0,[142493, 143386, 229619, 146423])
(0,[185251, 120163, 224032])
(0,[142956, 205401, 217440])
(0,[288244, 268319, 281565, 275753])
(0,[128425, 293291, 195274, 205727, 141091])
(0,[161859, 137239, 211430])
(0,[205401, 170063, 184081])
(0,[179802, 208539, 191721, 204231])
(0,[192713, 246758, 208507])
(0,[231248, 277326, 203655, 179933])
(0,[144254, 189485, 139674])
(0,[197715, 219753, 225543])
(0,[198407, 210650, 166592, 181018])
(0,[276742, 226400, 211941, 242240, 227055, 125872])
(0,[188975, 220419, 131986, 239746, 225862, 164965, 118639])
(0,[149278, 137961, 256569, 152674, 233215, 234066, 186840])
(0,[144130, 170037, 154778])
(0,[231716, 191661, 180069])
(0,[188975, 220419, 131986])
(0,[145565, 224894, 237432])
(0,[176453, 198407, 210650, 166592])
(0,[195274, 205727, 141091, 261701, 205186, 155817])
(0,[243461, 190374, 172564, 200415, 176116])
(0,[210650, 166592, 181018])
(0,[226400, 211941, 242240, 227055])
(0,[191571, 162221, 288017])
(0,[243461, 190374, 172564, 194387, 200415, 176116])
(0,[172038, 244729, 259592, 195760])
(0,[152806, 226179, 148969])
(0,[250922, 158159, 243032, 288718])
(0,[192713, 246758, 208507])
(0,[206642, 184065, 191211])
(0,[178564, 150085, 155090])
(0,[291928, 249368, 135342])
(0,[207746, 250985, 265935, 182479])
(0,[145947, 173755, 250903, 222262])
(0,[141091, 261701, 205186, 155817])
(0,[286551, 188783, 241286])
(0,[204603, 147601, 250486])
(0,[271207, 137937, 174223, 150953, 248747])
(0,[234789, 193573, 158967, 243461, 190374, 172564])
(0,[291086, 120189, 182745])
(0,[253177, 119659, 247701])
(0,[217140, 222432, 214151])
(0,[242240, 227055, 154943, 125872, 218072])
(0,[188975, 220419, 131986, 239746, 225862])
(0,[209819, 193759, 169228])
(0,[195459, 271207, 248747])
(0,[256974, 253697, 273517])
(0,[214227, 189192, 209497])
(0,[273691, 144221, 241202])
(0,[172034, 184433, 268849, 201303])
(0,[195459, 271207, 137937, 174223])
(0,[179802, 208539, 191721, 204231])
(0,[197715, 219753, 126564, 225543])
(0,[145565, 224894, 237432])
(0,[211430, 183697, 130998])
(0,[211941, 242240, 227055, 154943, 125872, 218072])
(0,[195274, 141091, 261701])
(0,[121731, 248123, 143683, 253948])
(0,[215795, 203455, 209819, 169228])
(0,[289096, 290149, 270031])
(0,[188975, 220419, 131986, 225862, 164965])
(0,[193573, 158967, 190374, 194387])
(0,[193061, 147807, 123204])
(0,[293291, 195274, 205727, 261701])
(0,[266011, 215190, 264966, 268762])
(0,[143074, 163549, 238142])
(0,[277301, 236040, 187965, 186327])
(0,[260274, 262716, 232132, 251975])
(0,[143457, 158707, 134131])
(0,[219797, 195034, 136064])
(0,[293149, 253486, 243000])
(0,[291928, 249368, 135342, 227820])
(0,[289096, 290149, 264573])
(0,[166230, 146852, 162792])
(0,[142956, 205401, 170063, 217440, 184081, 159380])
(0,[188975, 220419, 131986, 239746, 225862])
(0,[219797, 195034, 136064])
(0,[158159, 243032, 286140])
(0,[184753, 176658, 244707, 180097])
(0,[118737, 148926, 158798, 179757])
(0,[288244, 268319, 275753])
(0,[276366, 162966, 163018])
(0,[224084, 204603, 147601])
(0,[142956, 205401, 170063, 217440, 184081])
(0,[161444, 191571, 162221])
(0,[171772, 274853, 198739])
(0,[227820, 221859, 284623])
(0,[291086, 120189, 182745])
(0,[211941, 242240, 227055, 154943, 125872, 218072])
(0,[123146, 156552, 220849])
(0,[128425, 293291, 199517])
(0,[191171, 221927, 215703])
(0,[244524, 164149, 193594])
(0,[243461, 172564, 200415, 176116])
(0,[161859, 228452, 137239, 211430, 183697, 130998])
(0,[205727, 141091, 205186, 155817])
(0,[198407, 210650, 166592, 181018])
(0,[131986, 225862, 164965, 160832])
(0,[154895, 197392, 221266, 212489, 137656])
(0,[142956, 205401, 217440, 159380])
(0,[288244, 268319, 281565, 286164])
(0,[128425, 293291, 199517])
(0,[142956, 205401, 170063, 217440, 159380])
(0,[215795, 203455, 169228, 152170])
(0,[149278, 137961, 256569, 152674, 233215, 234066, 186840])
(0,[126302, 249409, 234302])
(0,[247189, 130810, 187780])
(0,[193573, 158967, 243461, 190374, 194387, 200415, 176116])
(0,[145565, 214486, 224894])
(0,[154028, 125948, 163762])
(0,[188975, 220419, 239746, 225862])
(0,[118737, 148926, 153379, 158798, 179757])
(0,[172564, 200415, 176116])
(0,[152806, 229103, 226179])
(0,[149278, 137961, 256569, 152674, 233215, 234066, 186840])
(0,[219643, 227693, 214431, 136721])
(0,[193573, 158967, 243461, 190374, 194387, 200415, 176116])
(0,[132149, 136530, 126028])
(0,[217440, 184081, 159380])
(0,[119448, 162822, 173071])
(0,[264460, 199585, 207746, 250985, 265935, 182479])
(0,[150085, 155090, 146966])
(0,[128425, 293291, 195274, 205727, 199517])
(0,[251140, 153587, 215772])
(0,[250202, 140324, 203978, 256778])
(0,[227820, 221859, 284623])
(0,[220419, 239746, 225862, 118639])
(0,[247189, 130810, 187780, 264244])
(0,[215190, 264966, 268762])
(0,[191879, 221463, 237311, 193458])
(0,[159030, 292255, 164306])
(0,[214810, 143457, 158707, 134131, 194830])
(0,[291928, 249368, 227820, 221859])
(0,[250922, 243032, 288718])
(0,[149278, 152674, 186840])
(0,[137961, 225054, 256569, 233215, 234066, 186840])
(0,[188975, 220419, 131986, 239746, 225862, 164965])
(0,[231248, 277326, 179933])
(0,[148926, 158798, 179757])
(0,[176453, 198407, 210650, 166592])
(0,[268319, 275753, 286164])
(0,[191879, 237311, 193458])
(0,[182355, 144130, 170037])
(0,[161859, 228452, 137239, 211430, 183697, 130998])
(0,[195274, 205727, 141091])
(0,[243461, 190374, 172564, 194387, 200415, 176116])
(0,[250202, 140324, 256778])
(0,[137961, 225054, 256569, 234066])
(0,[249409, 234302, 222893])
(0,[213654, 186248, 137830])
(0,[276742, 226400, 211941])
(0,[152806, 168320, 229103])
(0,[168448, 206740, 140513, 176551])
(0,[250202, 140324, 203978, 256778])
(0,[291928, 249368, 227820, 221859])
(0,[276742, 226400, 211941])
(0,[146423, 234789, 243461])
(0,[250922, 158159, 243032, 288718, 286140])
(0,[250985, 265935, 182479])
(0,[257183, 214486, 224894])
(0,[271207, 137937, 174223, 150953, 248747])
(0,[154895, 197392, 221266, 212489, 137656])
(0,[118737, 148926, 153379, 158798, 179757, 170295])
(0,[267233, 131467, 279806, 270099])
(0,[168448, 166230, 206740, 140513])
(0,[152336, 193021, 214831, 154895, 197392])
(0,[149278, 137961, 225054, 256569, 233215, 234066, 186840])
(0,[286551, 117784, 241286])
(0,[267233, 131467, 270099])
(0,[291928, 249368, 227820, 126881, 221859])
(0,[148926, 153379, 158798])
(0,[154895, 197392, 221266, 137656])
(0,[274133, 228817, 152506])
(0,[173755, 250903, 222262, 118214])
(0,[260519, 264037, 267243])
(0,[216549, 122630, 253766])
(0,[128425, 293291, 195274, 205727])
(0,[144254, 140140, 139674])
(0,[226400, 211941, 242240, 227055, 154943, 125872, 218072])
(0,[240033, 267358, 129317])
(0,[215779, 266011, 264455])
(0,[128425, 293291, 195274, 205727, 141091, 199517])
(0,[197392, 221266, 212489, 137656])
(0,[149278, 225054, 256569, 152674, 233215, 234066, 186840])
(0,[260060, 272379, 225537])
(0,[158967, 243461, 190374, 172564, 194387, 200415, 176116])
(0,[195459, 271207, 137937])
(0,[161859, 228452, 137239, 183697])
(0,[260060, 272379, 225537])
(0,[205401, 170063, 217440, 159380])
(0,[288244, 268319, 281565, 275753, 286164])
(0,[226400, 211941, 125872])
(0,[260274, 262716, 268769, 273837, 251975])
(0,[148926, 158798, 179757])
(0,[145947, 173755, 250903])
(0,[161444, 191571, 162221, 288017])
(0,[215779, 264455, 215190])
(0,[128425, 293291, 195274, 205727, 141091, 261701])
(0,[172564, 194387, 200415, 176116])
(0,[167375, 156372, 217043, 217153, 218339])
(0,[128425, 293291, 195274, 205727, 141091, 261701])
(0,[260274, 262716, 232132, 273837, 251975])
(0,[121731, 248123, 143683])
(0,[262716, 232132, 268769, 273837, 251975])
(0,[152336, 193021, 214831, 154895, 197392, 221266])
(0,[288244, 268319, 281565, 275753, 286164])
(0,[142956, 205401, 170063, 217440, 184081, 159380])
(0,[118737, 148926, 158798])
(0,[161859, 228452, 137239, 211430, 183697])
(0,[178564, 150085, 155090])
(0,[193573, 158967, 243461, 190374, 172564, 194387, 200415, 176116])
(0,[137239, 211430, 183697, 130998])
(0,[205731, 144254, 189485])
(0,[256138, 235219, 143586])
(0,[231716, 191661, 141120, 198161])
(0,[293291, 195274, 261701])
(0,[266011, 264966, 268762])
(0,[231716, 191661, 180069])
(0,[137961, 225054, 256569])
(0,[234789, 193573, 158967, 243461, 190374])
(0,[264460, 199585, 207746, 250985])
(0,[164582, 158590, 286551, 188783])
(0,[266011, 264455, 215190, 264966, 268762])
(0,[158967, 243461, 190374, 172564])
(0,[234789, 158967, 243461, 172564])
(0,[128425, 293291, 199517])
(0,[193061, 147807, 123204])
(0,[197715, 126564, 225543])
(0,[249368, 135342, 227820, 126881, 221859])
(0,[193573, 190374, 194387, 200415, 176116])
(0,[219797, 195034, 136064])
(0,[168448, 166230, 206740, 140513])
(0,[152336, 193021, 214831, 154895, 197392, 221266])
(0,[142956, 205401, 170063, 184081])
(0,[262270, 204221, 180854])
(0,[248123, 143683, 253948, 246659])
(0,[184753, 176658, 180097])
(0,[158590, 286551, 117784])
(0,[229619, 146423, 234789])
(0,[161859, 228452, 137239, 211430, 183697])
(0,[293291, 195274, 261701])
(0,[208764, 148075, 194062])
(0,[143457, 158707, 134131, 194830])
(0,[214810, 143457, 241115, 134131])
(0,[195459, 271207, 174223, 150953, 248747])
(0,[259592, 195760, 260834])
(0,[152806, 168320, 229103])
(0,[290149, 264573, 271659])
(0,[221463, 237311, 193458])
(0,[204603, 147601, 250486])
(0,[202937, 205549, 120006])
(0,[193573, 190374, 194387, 200415, 176116])
(0,[260274, 262716, 232132, 268769, 273837, 251975])
(0,[215779, 266011, 264455, 215190, 264966, 268762])
(0,[176453, 198407, 210650])
(0,[231716, 191661, 198161])
(0,[144254, 189485, 140140, 139674])
(0,[188975, 220419, 131986, 239746, 225862, 164965, 160832])
(0,[193573, 158967, 243461, 190374, 172564, 194387, 200415, 176116])
(0,[152806, 229103, 226179, 148969])
(0,[221266, 212489, 137656])
(0,[149278, 137961, 152674, 234066, 186840])
(0,[212021, 173115, 287610])
(0,[132149, 136530, 126028])
(0,[193573, 158967, 243461, 190374, 172564, 194387, 200415, 176116])
(0,[268769, 273837, 251975])
(0,[242240, 227055, 154943])
(0,[140324, 203978, 256778])
(0,[161859, 228452, 137239, 211430, 183697, 130998])
(0,[191879, 221463, 237311])
(0,[267233, 131467, 279806, 270099])
(0,[172038, 195760, 260834])
(0,[152806, 168320, 229103, 226179, 148969])
(0,[168448, 166230, 140513])
(0,[208539, 191721, 204231])
(0,[257183, 145565, 214486, 224894])
(0,[247717, 130005, 120496])
(0,[131467, 279806, 270099])
(0,[192713, 246758, 208507])
(0,[251140, 153587, 215772])
(0,[211941, 242240, 227055, 154943, 125872, 218072])
(0,[276742, 226400, 211941, 242240, 227055])
(0,[190374, 172564, 194387, 200415, 176116])
(0,[217140, 222432, 214151])
(0,[143457, 241115, 134131, 194830])
(0,[219547, 161444, 270034])
(0,[200559, 202937, 205549])
(0,[224084, 204603, 147601])
(0,[290149, 270031, 163250, 271659])
(0,[170623, 214917, 134556])
(0,[215779, 266011, 264455, 215190])
(0,[211941, 242240, 125872, 218072])
(0,[145947, 173755, 250903, 128792])
(0,[194062, 234232, 237608])
(0,[265294, 244720, 171629])
(0,[150444, 143396, 205731])
(0,[193061, 147807, 123204])
(0,[260519, 264037, 267243])
(0,[234789, 193573, 158967, 243461, 190374, 194387, 200415])
(0,[219147, 235690, 160851])
(0,[150085, 155090, 146966])
(0,[161444, 191571, 162221])
(0,[286551, 117784, 241286])
(0,[215779, 264455, 215190, 264966])
(0,[225054, 256569, 233215, 234066])
(0,[137937, 174223, 150953])
(0,[146423, 234789, 193573, 243461])
(0,[160404, 208356, 197098, 208928])
(0,[191879, 221463, 237311, 193458])
(0,[152336, 193021, 214831, 154895, 197392, 221266])
(0,[149278, 225054, 152674, 233215, 234066, 186840])
(0,[231248, 277326, 203655, 179933])
(0,[214345, 162966, 163018])
(0,[148926, 153379, 158798, 179757, 170295])
(0,[170623, 214917, 134556])
(0,[214227, 189192, 209497])
(0,[152336, 193021, 214831, 154895, 197392, 221266])
(0,[208764, 148075, 194062])
(0,[253177, 119659, 247701])
(0,[228452, 211430, 183697, 130998])
(0,[291928, 249368, 227820])
(0,[195274, 205727, 141091, 261701])
(0,[250922, 243032, 288718, 286140])
(0,[149278, 137961, 225054, 256569, 234066, 186840])
(0,[152674, 233215, 234066, 186840])
(0,[152336, 193021, 214831, 197392, 221266])
(0,[117675, 197149, 146620])
(0,[252676, 160253, 131847])
(0,[199585, 207746, 250985])
(0,[234789, 193573, 158967])
(0,[203455, 209819, 193759, 169228, 152170])
(0,[249368, 227820, 126881, 221859])
(0,[214810, 143457, 241115, 134131, 194830])
(0,[203244, 264460, 199585, 207746])
(0,[225862, 164965, 160832, 118639])
(0,[262716, 232132, 273837, 251975])
(0,[277301, 236040, 280248, 187965])
(0,[214831, 154895, 197392, 221266, 212489])
(0,[141091, 261701, 205186])
(0,[268319, 281565, 275753, 286164])
(0,[165170, 196215, 128106])
(0,[217140, 222432, 214151])
(0,[277301, 236040, 280248, 187965, 186327])
(0,[150444, 143396, 205731])
(0,[172038, 244729, 259592, 195760, 260834])
(0,[289096, 290149, 270031, 163250])
(0,[249368, 135342, 227820, 126881, 221859])
(0,[172038, 244729, 259592, 195760])
(0,[219547, 161444, 270034])
(0,[217274, 154797, 162639])
(0,[128425, 293291, 195274])
(0,[200559, 202937, 205549, 120006])
(0,[142493, 143386, 229619, 146423])
(0,[197715, 219753, 126564])
(0,[227820, 126881, 221859, 284623])
(0,[167375, 156372, 217043, 228478, 217153, 218339])
(0,[156372, 217153, 218339])
(0,[166230, 146852, 162792])
(0,[228452, 137239, 211430, 183697, 130998])
(0,[142956, 205401, 170063, 217440, 184081, 159380])
(0,[164582, 158590, 286551, 117784])
(0,[158159, 243032, 286140])
(0,[145947, 173755, 250903, 222262, 118214, 128792])
(0,[267358, 129317, 126375])
(0,[248680, 240457, 196563])
(0,[168448, 206740, 140513])
(0,[179802, 208539, 191721, 204231])
(0,[142493, 143386, 146423])
(0,[193573, 158967, 190374, 194387, 200415, 176116])
(0,[242240, 227055, 154943, 218072])
(0,[277301, 236040, 280248, 187965, 186327])
(0,[234789, 193573, 158967, 243461])
(0,[260274, 268769, 273837])
(0,[291928, 249368, 135342, 227820, 126881])
(0,[235648, 256974, 253697, 228149])
(0,[131544, 181117, 243044])
(0,[157149, 184379, 159784])
(0,[277301, 236040, 280248, 187965, 186327])
(0,[188975, 220419, 131986, 239746, 225862, 164965])
(0,[226400, 211941, 242240, 227055, 154943, 125872, 218072])
(0,[191571, 162221, 288017])
(0,[158967, 243461, 190374, 172564, 194387, 200415, 176116])
(0,[195459, 271207, 174223, 150953, 248747])
(0,[293291, 195274, 205727, 141091])
(0,[214831, 221266, 212489])
(0,[217043, 228478, 217153, 218339])
(0,[172038, 259592, 195760, 260834])
(0,[131544, 181117, 243044])
(0,[130810, 187780, 264244])
(0,[234789, 193573, 158967, 243461, 190374, 172564, 194387, 200415])
(0,[271207, 150953, 248747])
(0,[172038, 244729, 195760])
(0,[153379, 158798, 170295])
(0,[219643, 227693, 136721])
(0,[152336, 193021, 154895, 197392])
(0,[176453, 198407, 210650, 166592])
(0,[289096, 290149, 264573, 271659])
(0,[240033, 267358, 129317, 126375])
(0,[167375, 217043, 228478, 217153, 218339])
(0,[225054, 152674, 233215, 234066, 186840])
(0,[161859, 228452, 137239, 211430, 183697, 130998])
(0,[161859, 228452, 137239, 211430, 130998])
(0,[146423, 234789, 193573, 243461])
(0,[276742, 226400, 211941, 242240])
(0,[243461, 190374, 172564, 200415])
(0,[175147, 188052, 163356])
(0,[173755, 250903, 222262])
(0,[244524, 164149, 193594])
(0,[152336, 193021, 214831, 154895, 197392, 221266])
(0,[276742, 226400, 211941])
(0,[234789, 193573, 158967, 243461])
(0,[219753, 126564, 225543])
(0,[228452, 183697, 130998])
(0,[264460, 199585, 207746, 265935])
(0,[253498, 196563, 120449])
(0,[188975, 220419, 131986, 239746, 225862, 164965, 160832, 118639])
(0,[239746, 225862, 164965, 118639])
(0,[289096, 290149, 264573, 270031, 271659])
(0,[184753, 176658, 244707])
(0,[175147, 188052, 163356])
(0,[215779, 266011, 264455, 215190, 264966, 268762])
(0,[228817, 201316, 152506])
(0,[152336, 154895, 197392])
(0,[150444, 143396, 205731])
(0,[211941, 242240, 227055, 154943, 125872, 218072])
(0,[244524, 164149, 193594])
(0,[225054, 256569, 233215, 234066])
(0,[227820, 126881, 221859, 284623])
(0,[261701, 205186, 155817])
(0,[200559, 205549, 120006])
(0,[172034, 268849, 201303])
(0,[188975, 220419, 131986, 225862, 164965, 160832])
(0,[225054, 256569, 152674, 233215, 234066])
(0,[205731, 144254, 189485])
(0,[276742, 226400, 211941, 242240, 227055, 125872])
(0,[260274, 262716, 232132, 268769, 273837])
(0,[145947, 173755, 250903, 222262, 128792])
(0,[250922, 158159, 243032, 288718, 286140])
(0,[271610, 193959, 158572])
(0,[292507, 185661, 213110])
(0,[149278, 152674, 234066, 186840])
(0,[152336, 193021, 154895])
(0,[162103, 121273, 164333])
(0,[179802, 208539, 204231])
(0,[239746, 225862, 164965, 118639])
(0,[195459, 271207, 137937, 174223, 150953, 248747])
(0,[215779, 266011, 264455, 215190, 264966, 268762])
(0,[231248, 277326, 179933])
(0,[149278, 137961, 225054, 256569, 186840])
(0,[267358, 129317, 126375])
(0,[214810, 143457, 158707])
(0,[264460, 199585, 265935])
(0,[228452, 137239, 211430, 183697, 130998])
(0,[291928, 249368, 135342, 227820, 126881])
(0,[144254, 189485, 140140])
(0,[258349, 238245, 212016])
(0,[142956, 205401, 170063])
(0,[191661, 141120, 198161])
(0,[214227, 189192, 209497])
(0,[250922, 158159, 243032, 288718, 286140])
(0,[241115, 134131, 194830])
(0,[215795, 203455, 209819, 193759, 169228])
(0,[193573, 158967, 243461, 190374, 172564, 200415])
(0,[214810, 143457, 158707, 134131])
(0,[250202, 140324, 203978, 256778])
(0,[161859, 228452, 137239, 211430])
(0,[264460, 199585, 207746, 250985, 265935, 182479])
(0,[131986, 225862, 164965, 160832, 118639])
(0,[217274, 154797, 162639])
(0,[148926, 153379, 158798, 170295])
(0,[152336, 193021, 214831])
(0,[173645, 130293, 213998])
(0,[208356, 197098, 208928])
(0,[131986, 225862, 164965, 160832, 118639])
(0,[212021, 173115, 262702, 287610])
(0,[286551, 117784, 241286])
(0,[204277, 257166, 292699])
(0,[262270, 204221, 180854])
(0,[121731, 253948, 246659])
(0,[152336, 193021, 214831, 154895, 197392])
(0,[133027, 205301, 198068])
(0,[193021, 214831, 197392, 221266])
(0,[118737, 148926, 153379])
(0,[193573, 158967, 190374, 194387, 200415])
(0,[170063, 184081, 159380])
(0,[120363, 266185, 197263])
(0,[220419, 131986, 225862, 164965, 160832, 118639])
(0,[184753, 176658, 244707, 180097])
(0,[267233, 279806, 270099])
(0,[289096, 290149, 264573, 270031])
(0,[205727, 141091, 261701, 205186])
(0,[148926, 158798, 179757, 170295])
(0,[189485, 140140, 139674])
(0,[188975, 220419, 239746, 225862, 164965, 118639])
(0,[164582, 158590, 286551, 117784])
(0,[120163, 224032, 202248])
(0,[215795, 209819, 193759])
(0,[276742, 226400, 211941, 242240, 125872])
(0,[154943, 125872, 218072])
(0,[167375, 217043, 217153, 218339])
(0,[293291, 195274, 205727, 141091, 261701])
(0,[267233, 131467, 279806])
(0,[231716, 191661, 141120, 198161])
(0,[193573, 158967, 243461, 190374, 172564, 194387, 200415, 176116])
(0,[137239, 211430, 130998])
(0,[260274, 262716, 268769, 273837, 251975])
(0,[250922, 158159, 243032, 288718, 286140])
(0,[149278, 137961, 256569, 234066, 186840])
(0,[231474, 242137, 150124])
(0,[289096, 290149, 270031, 163250, 271659])
(0,[289096, 290149, 264573, 270031, 163250, 271659])
(0,[149278, 152674, 186840])
(0,[240033, 267358, 129317, 126375])
(0,[285461, 117952, 237937])
(0,[286551, 188783, 241286])
(0,[203151, 241988, 221208])
(0,[121731, 143683, 253948])
(0,[252676, 160253, 131847])
(0,[154895, 221266, 137656])
(0,[149278, 137961, 225054, 256569, 152674, 233215, 234066, 186840])
(0,[128425, 293291, 195274, 205727, 141091, 261701])
(0,[214810, 143457, 241115, 134131, 194830])
(0,[291928, 227820, 221859])
(0,[277326, 203655, 179933])
(0,[184753, 176658, 244707, 180097])
(0,[137961, 225054, 256569, 234066, 186840])
(0,[167375, 156372, 217043])
(0,[288244, 268319, 281565, 275753, 286164])
(0,[192309, 205425, 181313])
(0,[267233, 131467, 279806, 270099])
(0,[238245, 212016, 257552])
(0,[173755, 250903, 118214, 128792])
(0,[191879, 221463, 237311, 193458])
(0,[164330, 158397, 177452])
(0,[152674, 233215, 234066, 186840])
(0,[231716, 191661, 141120, 198161])
(0,[172034, 184433, 268849])
(0,[164965, 160832, 118639])
(0,[130810, 187780, 264244])
(0,[291928, 249368, 135342])
(0,[171772, 274853, 198739])
(0,[167375, 156372, 217043, 217153])
(0,[137961, 225054, 256569, 233215, 234066])
(0,[152336, 154895, 197392, 221266])
(0,[188975, 220419, 131986, 239746, 225862, 164965, 160832, 118639])
(0,[188975, 220419, 239746])
(0,[227055, 154943, 218072])
(0,[215795, 203455, 209819, 193759, 169228, 152170])
(0,[131344, 172890, 173634])
(0,[228452, 211430, 183697, 130998])
(0,[161859, 137239, 211430, 183697, 130998])
(0,[215795, 203455, 169228, 152170])
(0,[195459, 271207, 137937, 174223, 150953, 248747])
(0,[152674, 233215, 234066, 186840])
(0,[220419, 239746, 225862, 164965, 160832, 118639])
(0,[268319, 281565, 286164])
(0,[142956, 205401, 170063, 217440, 159380])
(0,[220419, 131986, 225862])
(0,[250922, 243032, 288718, 286140])
(0,[149278, 137961, 186840])
(0,[215795, 203455, 209819, 193759, 169228])
(0,[117952, 237937, 166295])
(0,[292507, 185661, 213110])
(0,[143386, 229619, 146423, 234789])
(0,[226400, 211941, 242240, 227055, 154943, 125872])
(0,[220419, 131986, 225862, 164965, 160832])
(0,[274133, 228817, 201316, 152506])
(0,[203244, 264460, 199585])
(0,[173645, 130293, 213998])
(0,[126903, 142907, 172354])
(0,[293291, 195274, 205727, 141091, 261701, 205186])
(0,[126903, 142907, 172354])
(0,[228817, 201316, 152506])
(0,[234789, 193573, 158967, 243461, 190374, 172564, 194387, 200415])
(0,[164582, 158590, 117784])
(0,[211941, 125872, 218072])
(0,[231474, 242137, 150124])
(0,[226400, 211941, 242240, 154943, 125872, 218072])
(0,[234789, 193573, 158967, 243461, 190374, 172564, 194387, 200415, 176116])
(0,[164582, 158590, 286551, 117784])
(0,[184433, 268849, 201303])
(0,[231248, 277326, 203655])
(0,[243802, 223443, 144488])
(0,[291928, 249368, 135342, 227820, 126881])
(0,[195274, 205727, 141091, 261701, 205186])
(0,[161444, 270034, 191571, 162221])
(0,[278920, 180736, 293517])
(0,[167375, 156372, 217043, 217153, 218339])
(0,[193021, 214831, 197392, 221266])
(0,[148926, 153379, 158798, 179757, 170295])
(0,[188975, 220419, 239746])
(0,[145565, 214486, 224894, 237432])
(0,[293149, 253486, 243000])
(0,[219147, 235690, 160851])
(0,[260274, 262716, 232132, 268769])
(0,[219643, 214431, 136721])
(0,[249368, 135342, 126881])
(0,[211941, 242240, 227055])
(0,[207746, 250985, 182479])
(0,[178564, 150085, 155090, 146966])
(0,[142493, 143386, 229619])
(0,[234789, 193573, 158967, 243461, 190374, 172564])
(0,[195459, 271207, 137937])
(0,[149278, 137961, 225054, 152674, 233215, 234066, 186840])
(0,[267233, 131467, 279806, 270099])
(0,[271207, 137937, 174223])
(0,[160404, 208356, 197098])
(0,[235648, 256974, 253697])
(0,[211941, 242240, 227055, 154943])
(0,[193759, 169228, 152170])
(0,[193021, 214831, 221266])
(0,[266011, 264455, 215190, 264966, 268762])
(0,[164582, 158590, 286551])
(0,[121731, 248123, 143683, 253948, 246659])
(0,[170063, 217440, 184081, 159380])
(0,[260274, 262716, 268769, 273837])
(0,[264455, 215190, 264966, 268762])
(0,[240033, 267358, 126375])
(0,[133027, 205301, 198068])
(0,[142493, 143386, 229619, 146423, 234789])
(0,[118737, 148926, 153379, 158798, 179757, 170295])
(0,[216549, 122630, 253766])
(0,[200559, 202937, 205549, 120006])
(0,[274133, 228817, 152506])
(0,[286551, 188783, 241286])
(0,[154028, 125948, 163762])
(0,[193573, 158967, 194387])
(0,[234789, 193573, 158967, 243461])
(0,[176453, 198407, 210650, 166592])
(0,[195459, 271207, 150953, 248747])
(0,[214810, 143457, 241115, 134131, 194830])
(0,[247189, 130810, 187780])
(0,[227693, 214431, 136721])
(0,[176901, 213654, 186248, 137830])
(0,[215779, 266011, 264455, 215190, 268762])
(0,[225054, 256569, 152674, 233215, 234066, 186840])
(0,[236040, 187965, 186327])
(0,[126302, 249409, 234302])
(0,[142493, 143386, 146423, 234789])
(0,[164582, 158590, 117784])
(0,[234789, 193573, 158967, 243461, 190374, 194387])
(0,[145947, 173755, 250903])
(0,[149278, 137961, 225054, 256569, 234066, 186840])
(0,[292507, 185661, 213110])
(0,[293291, 195274, 205727, 141091, 261701, 205186])
(0,[285461, 117952, 237937])
(0,[118737, 148926, 153379, 158798])
(0,[251140, 153587, 215772])
(0,[188975, 220419, 239746, 225862, 164965, 160832, 118639])
(0,[145947, 173755, 250903, 222262, 118214, 128792])
(0,[288244, 268319, 281565, 275753])
(0,[252449, 147372, 135492])
(0,[149278, 152674, 233215, 234066, 186840])
(0,[219643, 227693, 214431, 136721])
(0,[188975, 220419, 131986, 239746, 225862, 164965, 160832, 118639])
(0,[135342, 227820, 126881, 221859])
(0,[253697, 273517, 228149])
(0,[215772, 166960, 133725])
(0,[179955, 179172, 174557])
(0,[217043, 228478, 218339])
(0,[208539, 191721, 204231])
(0,[160404, 208356, 197098, 208928])
(0,[157149, 184379, 159784])
(0,[120163, 224032, 202248])
(0,[277301, 236040, 280248])
(0,[128425, 293291, 195274, 205727])
(0,[214810, 143457, 158707, 134131])
(0,[289096, 290149, 264573, 163250, 271659])
(0,[154895, 197392, 221266, 137656])
(0,[175147, 188052, 163356])
(0,[215795, 203455, 209819, 193759, 169228])
(0,[214810, 241115, 134131, 194830])
(0,[260274, 262716, 232132, 268769, 273837])
(0,[236040, 280248, 187965])
(0,[179802, 208539, 204231])
(0,[234789, 243461, 172564])
(0,[199585, 207746, 250985, 265935, 182479])
(0,[198407, 166592, 181018])
(0,[194387, 200415, 176116])
(0,[195274, 205727, 141091, 205186, 155817])
(0,[293291, 195274, 205727, 261701])
(0,[243461, 172564, 176116])
(0,[250922, 158159, 243032, 286140])
(0,[124722, 208764, 148075])
(0,[166230, 146852, 140513])
(0,[131344, 172890, 173634])
(0,[211941, 242240, 227055, 154943, 218072])
(0,[219643, 227693, 214431, 136721])
(0,[247189, 130810, 187780, 264244])
(0,[214810, 143457, 241115])
(0,[142956, 205401, 217440, 159380])
(0,[244729, 259592, 195760])
(0,[118737, 148926, 153379, 158798, 179757])
(0,[193573, 194387, 200415, 176116])
(0,[158967, 243461, 190374, 172564, 194387, 200415, 176116])
(0,[172034, 184433, 268849])
(0,[179782, 224787, 123505])
(0,[215795, 203455, 209819])
(0,[191661, 141120, 198161])
(0,[167375, 156372, 217043, 217153, 218339])
(0,[271207, 174223, 150953, 248747])
(0,[260274, 262716, 268769])
(0,[195274, 205727, 141091, 261701])
(0,[290149, 264573, 271659])
(0,[160404, 208356, 208928])
(0,[227055, 154943, 125872, 218072])
(0,[147714, 132149, 136530, 126028])
(0,[193416, 136049, 153249])
(0,[152336, 193021, 214831, 154895, 197392, 221266])
(0,[147714, 132149, 136530])
(0,[178564, 155090, 146966])
(0,[156372, 217043, 217153, 218339])
(0,[170063, 217440, 184081, 159380])
(0,[195459, 271207, 137937, 174223, 248747])
(0,[123146, 156552, 220849])
(0,[219147, 235690, 160851])
(0,[167375, 156372, 217043, 228478, 217153, 218339])
(0,[149278, 137961, 225054, 256569, 152674, 233215, 234066, 186840])
(0,[170623, 214917, 134556])
(0,[141091, 205186, 155817])
(0,[214486, 224894, 237432])
(0,[161859, 228452, 183697])
(0,[278920, 180736, 293517])
(0,[164582, 158590, 286551, 188783])
(0,[158085, 133092, 251254])
(0,[137961, 225054, 256569, 152674, 233215, 234066, 186840])
(0,[234789, 193573, 158967, 243461, 190374, 172564, 194387])
(0,[205401, 170063, 217440, 184081, 159380])
(0,[252449, 147372, 135492])
(0,[253697, 273517, 228149])
(0,[234789, 193573, 158967, 243461, 190374, 172564])
(0,[118737, 148926, 153379, 158798])
(0,[167375, 156372, 217043, 217153])
(0,[236040, 280248, 187965, 186327])
(0,[193416, 136049, 153249])
(0,[159030, 292255, 164306])
(0,[195459, 271207, 248747])
(0,[214831, 221266, 212489])
(0,[135872, 175481, 284844])
(0,[120363, 266185, 197263])
(0,[188975, 220419, 131986, 239746])
(0,[172038, 259592, 195760, 260834])
(0,[214810, 143457, 241115, 134131])
(0,[290149, 264573, 163250, 271659])
(0,[152806, 168320, 229103, 226179])
(0,[214831, 197392, 221266, 212489])
(0,[168448, 206740, 140513])
(0,[188975, 220419, 239746, 225862, 164965, 118639])
(0,[176453, 198407, 210650, 166592, 181018])
(0,[205401, 170063, 217440, 184081, 159380])
(0,[195459, 271207, 137937, 174223, 248747])
(0,[253498, 196563, 120449])
(0,[212021, 173115, 262702])
(0,[264460, 207746, 250985, 265935, 182479])
(0,[277301, 236040, 280248, 187965, 186327])
(0,[152336, 193021, 214831, 154895, 197392])
(0,[131986, 164965, 160832, 118639])
(0,[145565, 214486, 224894])
(0,[215795, 203455, 209819, 193759, 169228, 152170])
(0,[197715, 219753, 126564, 225543])
(0,[172038, 244729, 259592])
(0,[173755, 250903, 222262, 118214, 128792])
(0,[173115, 262702, 287610])
(0,[234789, 243461, 172564])
(0,[131986, 225862, 164965])
(0,[264460, 199585, 207746, 250985, 265935, 182479])
(0,[145947, 173755, 250903, 222262, 118214])
(0,[149278, 137961, 225054, 256569, 186840])
(0,[215795, 209819, 193759, 169228])
(0,[195274, 205727, 141091, 261701, 205186])
(0,[273691, 144221, 241202])
(0,[215795, 203455, 209819, 193759, 169228, 152170])
(0,[210650, 166592, 181018])
(0,[161859, 137239, 211430, 130998])
(0,[121731, 143683, 253948, 246659])
(0,[168448, 206740, 140513])
(0,[141091, 261701, 205186, 155817])
(0,[265294, 244720, 171629])
(0,[157149, 184379, 159784])
(0,[220854, 228592, 162949])
(0,[178564, 150085, 155090, 146966])
(0,[117952, 237937, 166295])
(0,[204277, 257166, 292699])
(0,[145947, 173755, 250903, 222262, 118214, 128792])
(0,[167375, 217043, 228478, 217153, 218339])
(0,[219643, 227693, 214431, 136721])
(0,[195459, 271207, 137937, 174223, 150953, 248747])
(0,[147714, 132149, 126028])
(0,[128425, 293291, 195274, 205727, 199517])
(0,[226400, 211941, 242240, 227055, 154943, 125872])
(0,[214831, 197392, 221266, 212489])
(0,[143074, 163549, 238142])
(0,[291928, 249368, 135342, 227820, 126881, 221859])
(0,[121731, 253948, 246659])
(0,[227820, 126881, 221859])
(0,[128425, 293291, 195274, 205727, 141091, 199517])
(0,[193573, 190374, 194387, 200415, 176116])
(0,[215779, 266011, 264455, 215190, 264966])
(0,[195459, 271207, 137937, 174223, 150953])
(0,[271610, 193959, 158572])
(0,[149278, 137961, 225054, 256569, 152674, 233215, 234066, 186840])
(0,[172034, 184433, 268849, 201303])
(0,[215779, 266011, 268762])
(0,[144254, 189485, 140140, 139674])
(0,[144254, 189485, 140140, 139674])
(0,[158590, 286551, 117784])
(0,[266011, 215190, 264966, 268762])
(0,[220419, 239746, 225862, 118639])
(0,[119448, 162822, 173071])
(0,[211941, 242240, 154943, 125872, 218072])
(0,[173755, 250903, 222262, 118214, 128792])
(0,[212021, 173115, 262702, 287610])
(0,[236040, 280248, 187965, 186327])
(0,[264460, 207746, 250985, 265935])
(0,[235648, 256974, 253697, 273517, 228149])
(0,[156372, 217043, 217153, 218339])
(0,[149278, 137961, 225054, 256569, 233215, 234066, 186840])
(0,[288244, 268319, 281565])
(0,[214486, 224894, 237432])
(0,[208774, 256138, 235219])
(0,[253498, 196563, 120449])
(0,[214810, 241115, 134131])
(0,[121731, 143683, 253948, 246659])
(0,[215795, 203455, 209819, 193759, 169228])
(0,[131344, 172890, 173634])
(0,[176658, 244707, 180097])
(0,[136848, 126302, 249409])
(0,[150444, 205731, 144254, 189485])
(0,[220419, 131986, 239746, 225862, 164965, 160832, 118639])
(0,[290149, 264573, 270031, 163250, 271659])
(0,[249368, 135342, 126881, 221859])
(0,[260274, 262716, 232132, 273837, 251975])
(0,[220854, 228592, 162949])
(0,[203244, 264460, 199585, 207746])
(0,[158590, 286551, 188783])
(0,[136411, 145947, 173755])
(0,[193416, 136049, 153249])
(0,[205727, 141091, 261701, 205186, 155817])
(0,[215779, 266011, 264455, 268762])
(0,[203455, 169228, 152170])
(0,[168320, 229103, 226179])
(0,[276742, 226400, 211941, 242240, 125872])
(0,[215779, 266011, 264455, 215190, 268762])
(0,[203455, 209819, 193759, 169228, 152170])
(0,[289096, 290149, 270031, 163250])
(0,[152336, 193021, 214831, 197392, 221266])
(0,[232132, 273837, 251975])
(0,[215795, 203455, 152170])
(0,[191171, 221927, 215703])
(0,[193573, 158967, 243461, 190374, 194387])
(0,[215795, 203455, 193759, 169228, 152170])
(0,[185251, 120163, 224032])
(0,[168448, 206740, 176551])
(0,[124722, 208764, 148075])
(0,[161444, 191571, 162221, 288017])
(0,[195274, 205727, 141091, 261701, 205186, 155817])
(0,[188975, 220419, 131986, 225862, 164965, 160832, 118639])
(0,[271207, 137937, 174223, 150953])
(0,[264460, 207746, 250985, 265935, 182479])
(0,[173755, 250903, 128792])
(0,[240457, 196563, 120449])
(0,[277301, 236040, 280248, 187965, 186327])
(0,[226400, 211941, 242240, 154943, 125872])
(0,[136848, 126302, 249409, 234302])
(0,[205727, 141091, 261701, 205186, 155817])
(0,[231474, 242137, 150124])
(0,[227820, 221859, 284623])
(0,[145947, 173755, 250903, 222262, 128792])
(0,[290149, 270031, 163250, 271659])
(0,[213654, 186248, 137830])
(0,[239746, 164965, 118639])
(0,[205727, 141091, 205186])
(0,[268319, 281565, 275753, 286164])
(0,[195459, 271207, 137937, 248747])
(0,[149278, 137961, 152674, 234066, 186840])
(0,[194062, 234232, 237608])
(0,[173115, 262702, 287610])
(0,[214345, 162966, 163018])
(0,[158798, 179757, 170295])
(0,[247189, 130810, 187780])
(0,[143386, 229619, 146423, 234789])
(0,[199585, 207746, 250985, 182479])
(0,[260274, 262716, 232132, 268769, 273837, 251975])
(0,[148926, 153379, 158798, 179757, 170295])
(0,[133027, 205301, 198068])
(0,[293291, 195274, 205727, 141091, 261701])
(0,[235648, 256974, 253697, 273517, 228149])
(0,[250202, 140324, 203978])
(0,[149278, 137961, 152674, 233215, 234066, 186840])
(0,[203455, 193759, 169228, 152170])
(0,[215779, 264455, 215190])
(0,[214810, 143457, 158707, 134131, 194830])
(0,[153379, 158798, 179757, 170295])
(0,[235648, 256974, 253697])
(0,[128425, 293291, 195274, 199517])
(0,[168448, 166230, 140513])
(0,[174223, 150953, 248747])
(0,[144254, 189485, 140140, 139674])
(0,[289096, 270031, 163250])
(0,[176453, 198407, 166592])
(0,[212021, 173115, 262702])
(0,[248680, 240457, 196563])
(0,[219643, 227693, 214431])
(0,[276742, 226400, 211941, 242240, 227055, 125872])
(0,[178564, 150085, 155090, 146966])
(0,[248123, 143683, 253948])
(0,[149278, 137961, 256569])
(0,[268319, 281565, 275753, 286164])
(0,[234789, 193573, 158967, 243461, 190374, 172564, 194387, 200415, 176116])
(0,[250922, 158159, 243032])
(0,[256974, 253697, 273517, 228149])
(0,[215779, 266011, 264455, 215190, 264966, 268762])
(0,[193573, 158967, 243461, 190374, 194387, 200415])
(0,[226400, 211941, 242240])
(0,[172038, 244729, 259592, 195760, 260834])
(0,[250903, 222262, 118214])
(0,[260274, 268769, 273837, 251975])
(0,[192309, 205425, 181313])
(0,[144130, 170037, 154778])
(0,[176901, 213654, 186248, 137830])
(0,[193573, 158967, 243461, 190374, 172564, 200415, 176116])
(0,[220419, 239746, 225862, 164965, 160832, 118639])
(0,[226400, 211941, 242240, 227055, 154943])
(0,[131544, 181117, 243044])
(0,[149278, 137961, 225054, 256569, 152674, 233215, 234066, 186840])
(0,[176901, 213654, 137830])
(0,[211941, 154943, 125872, 218072])
(0,[158590, 286551, 188783])
(0,[209819, 193759, 169228, 152170])
(0,[264460, 199585, 207746, 250985, 182479])
(0,[161444, 270034, 191571, 162221])
(0,[238245, 212016, 257552])
(0,[168448, 206740, 176551])
(0,[212021, 173115, 262702, 287610])
(0,[231716, 191661, 141120])
(0,[215779, 266011, 264455, 268762])
(0,[154895, 197392, 137656])
(0,[217043, 228478, 218339])
(0,[179802, 208539, 191721])
(0,[291928, 249368, 135342, 227820, 126881, 221859])
(0,[136848, 126302, 249409, 234302])
(0,[158159, 243032, 288718, 286140])
(0,[152336, 214831, 154895, 197392, 221266])
(0,[154895, 197392, 221266, 212489, 137656])
(0,[256138, 235219, 143586])
(0,[191171, 221927, 215703])
(0,[158967, 190374, 172564, 194387, 200415, 176116])
(0,[136848, 249409, 234302])
(0,[250922, 158159, 243032])
(0,[162103, 121273, 164333])
(0,[121731, 248123, 143683, 253948, 246659])
(0,[193573, 158967, 190374, 194387, 200415, 176116])
(0,[258349, 238245, 212016])
(0,[228164, 155077, 139778])
(0,[253177, 119659, 247701])
(0,[153379, 158798, 170295])
(0,[214831, 154895, 197392, 221266, 212489])
(0,[167375, 156372, 217043, 217153])
(0,[184753, 176658, 244707])
(0,[205590, 209956, 141150])
(0,[176901, 213654, 186248])
(0,[161444, 191571, 162221])
(0,[250202, 140324, 203978, 256778])
(0,[146423, 234789, 193573, 243461])
(0,[121731, 248123, 143683, 253948, 246659])
(0,[131986, 164965, 160832])
(0,[136411, 145947, 173755])
(0,[225054, 256569, 233215])
(0,[193573, 194387, 176116])
(0,[220419, 239746, 225862, 164965, 118639])
(0,[145565, 214486, 224894, 237432])
(0,[185942, 235248, 250726])
(0,[257183, 145565, 214486, 224894])
(0,[150444, 205731, 144254, 189485])
(0,[195274, 205727, 141091, 205186])
(0,[173755, 250903, 128792])
(0,[166230, 146852, 140513])
(0,[208764, 148075, 194062])
(0,[188975, 220419, 131986])
(0,[205590, 209956, 141150])
(0,[206642, 184065, 191211])
(0,[142956, 217440, 159380])
(0,[160404, 208356, 197098])
(0,[143457, 134131, 194830])
(0,[234789, 158967, 243461, 172564])
(0,[194062, 234232, 237608])
(0,[264460, 265935, 182479])
(0,[200559, 202937, 205549, 120006])
(0,[264460, 199585, 207746])
(0,[291928, 249368, 227820, 126881, 221859])
(0,[167375, 217043, 217153, 218339])
(0,[264460, 199585, 207746, 250985, 265935])
(0,[276366, 162966, 163018])
(0,[197715, 219753, 126564, 225543])
(0,[121731, 248123, 143683, 253948])
(0,[289096, 290149, 264573, 270031, 163250, 271659])
(0,[168448, 166230, 140513])
(0,[167375, 156372, 217153])
(0,[154028, 125948, 163762])
(0,[161444, 270034, 191571])
(0,[142956, 205401, 170063, 217440])
(0,[256974, 253697, 228149])
(0,[256974, 253697, 273517, 228149])
(0,[205731, 144254, 189485])
(0,[243802, 223443, 144488])
(0,[137961, 225054, 256569, 233215, 234066, 186840])
(0,[193021, 214831, 154895, 197392, 221266])
(0,[188975, 220419, 239746, 225862, 118639])
(0,[145565, 214486, 224894, 237432])
(0,[117675, 197149, 146620])
(0,[135872, 175481, 284844])
(0,[179955, 179172, 174557])
(0,[266011, 264455, 215190, 268762])
(0,[241115, 134131, 194830])
(0,[264460, 250985, 265935, 182479])
(0,[239746, 225862, 164965, 160832, 118639])
(0,[226400, 211941, 242240, 227055, 154943, 125872])
(0,[152806, 168320, 229103, 226179])
(0,[281565, 275753, 286164])
(0,[226400, 211941, 242240])
(0,[215772, 166960, 133725])
(0,[142493, 229619, 146423])
(0,[243032, 288718, 286140])
(0,[173755, 250903, 222262, 118214, 128792])
(0,[214831, 154895, 197392, 221266, 212489])
(0,[215772, 166960, 133725])
(0,[203151, 241988, 221208])
(0,[142956, 205401, 170063, 217440, 184081, 159380])
(0,[158967, 243461, 190374, 172564, 200415])
(0,[208774, 256138, 235219])
(0,[137937, 174223, 150953, 248747])
(0,[274133, 228817, 201316, 152506])
(0,[192309, 205425, 181313])
(0,[264460, 250985, 265935, 182479])
(0,[270031, 163250, 271659])
(0,[217043, 228478, 217153, 218339])
(0,[147714, 132149, 136530])
(0,[211941, 242240, 154943, 125872, 218072])
(0,[143074, 163549, 238142])
(0,[291928, 249368, 135342, 227820, 126881, 221859])
(0,[149278, 137961, 225054, 256569, 152674, 233215, 234066, 186840])
(0,[208356, 197098, 208928])
(0,[173645, 130293, 213998])
(0,[225054, 152674, 233215, 234066])
(0,[135342, 126881, 221859])
(0,[274133, 201316, 152506])
(0,[277326, 203655, 179933])
(0,[195274, 205727, 141091, 261701, 205186, 155817])
(0,[260274, 262716, 232132, 268769, 273837, 251975])
(0,[146423, 234789, 193573])
(0,[160404, 208356, 197098, 208928])
(0,[180567, 157310, 204082])
(0,[143683, 253948, 246659])
(0,[249368, 135342, 227820, 126881, 221859])
(0,[158798, 179757, 170295])
(0,[260274, 262716, 232132])
(0,[276742, 226400, 211941, 125872])
(0,[176453, 198407, 210650, 166592, 181018])
(0,[214810, 143457, 158707])
(0,[150444, 205731, 144254])
(0,[147714, 132149, 136530, 126028])
(0,[289096, 290149, 264573, 270031, 163250, 271659])
(0,[214810, 143457, 241115, 134131, 194830])
(0,[215795, 203455, 209819, 193759])
(0,[158085, 133092, 251254])
(0,[173755, 250903, 222262])
(0,[225054, 256569, 152674, 233215, 234066, 186840])
(0,[188975, 220419, 131986, 239746, 225862, 164965, 160832, 118639])
(0,[264460, 199585, 207746, 250985, 265935, 182479])
(0,[264460, 199585, 207746, 250985, 265935])
(0,[126903, 142907, 172354])
(0,[130810, 187780, 264244])
(0,[191879, 221463, 193458])
(0,[249409, 234302, 222893])
(0,[226400, 211941, 242240, 227055, 154943, 125872, 218072])
(0,[188975, 220419, 131986, 239746, 225862, 164965, 160832, 118639])
(0,[264460, 199585, 207746, 265935])
(0,[234789, 193573, 158967, 243461, 172564])
(0,[182355, 144130, 170037])
(0,[142956, 205401, 170063, 184081, 159380])
(0,[188975, 220419, 131986, 225862])
(0,[234789, 193573, 158967, 243461, 190374, 172564, 200415])
(0,[193573, 190374, 194387, 200415, 176116])
(0,[200559, 205549, 120006])
(0,[118737, 148926, 153379])
(0,[293291, 195274, 205727])
(0,[291928, 249368, 135342, 126881])
(0,[232132, 268769, 273837, 251975])
(0,[257183, 214486, 224894])
(0,[172034, 184433, 268849, 201303])
(0,[231716, 191661, 180069])
(0,[121731, 248123, 143683])
(0,[128425, 293291, 195274, 199517])
(0,[244729, 259592, 195760, 260834])
(0,[159030, 292255, 164306])
(0,[231248, 277326, 203655, 179933])
(0,[215795, 203455, 193759, 169228, 152170])
(0,[158967, 243461, 190374, 172564, 200415, 176116])
(0,[249409, 234302, 222893])
(0,[152806, 168320, 229103, 226179, 148969])
(0,[250903, 118214, 128792])
(0,[280248, 187965, 186327])
(0,[197715, 219753, 126564, 225543])
(0,[234789, 193573, 158967, 243461, 190374, 172564, 194387, 200415])
(0,[265294, 244720, 171629])
(0,[243461, 172564, 194387, 200415, 176116])
(0,[220419, 131986, 225862, 164965, 160832, 118639])
(0,[142493, 143386, 229619, 146423])
(0,[180567, 157310, 204082])
(0,[289096, 290149, 264573])
(0,[167375, 217043, 218339])
(0,[128425, 293291, 195274])
(0,[179782, 224787, 123505])
(0,[278920, 180736, 293517])
(0,[150444, 205731, 144254])
(0,[217043, 217153, 218339])
(0,[136848, 126302, 249409])
(0,[198407, 210650, 166592, 181018])
(0,[234789, 158967, 243461, 190374, 172564])
(0,[226400, 211941, 242240, 125872])
(0,[168448, 206740, 140513, 176551])
(0,[142493, 143386, 229619, 146423, 234789])
(0,[289096, 290149, 264573, 270031, 163250])
(0,[215779, 264455, 215190, 264966, 268762])
(0,[131986, 164965, 160832])
(0,[228452, 137239, 211430, 183697])
(0,[193573, 158967, 243461, 190374])
(0,[290149, 163250, 271659])
(0,[225054, 152674, 233215])
(0,[149278, 137961, 225054, 256569])
(0,[195459, 271207, 137937, 174223, 150953, 248747])
(0,[118737, 148926, 153379, 158798, 179757])
(0,[264455, 215190, 264966])
(0,[220419, 131986, 225862, 164965])
(0,[143386, 146423, 234789])
(0,[262716, 232132, 251975])
(0,[172038, 244729, 259592, 195760])
(0,[164965, 160832, 118639])
(0,[161859, 228452, 137239])
(0,[128425, 293291, 195274, 205727, 141091, 261701])
(0,[154895, 197392, 221266, 137656])