160047,173635,176457,215956,226260,226796,228180,228588,231289,239891,240612,241618,242376,254879,266191,268145,277337,283478,290542
155781,158786,171270,191539,191591,200231,204369,223032,252246,260794,263398,290128
130655,145160,175039,177248,183634,184674,188447,195319,203536,203844,223448,226420,238102,239080,242742,249603,256413,257996,261745
119952,136343,140689,149295,193241,214283,220938,222307,227387,231690,264077,267034,267529,267802,269969,282612
119465,122384,125884,153024,160582,163846,165282,172584,182443,199384,209067,212995,229888,241618,255319,268025,268145,270247
130640,175783,184112,208108,212443,216628,244044,249681,252972,254230,254762,260055,283787
119483,119807,127739,129826,129830,134552,143055,146989,152492,173992,194151,197391,204014,235431,265211
119465,124277,133327,146609,148884,153024,153211,160863,165282,168028,172584,209067,230070,239648,251124,260272
119465,124277,133327,141178,146609,148884,153024,153211,160863,165282,172584,177944,209067,230070,239648,249766,251124,260272,279545
119807,127739,129826,129830,134552,143055,146989,152492,185261,194151,197391,204014,235431,265211
119483,119807,127739,129826,129830,134552,143055,143862,145805,146989,152492,173992,183911,185261,197391,204014,207756,214819,235431,241440,265211,270504,290920
119465,122384,124277,146609,153211,160863,165282,168028,168477,206737,209067,225964,230070,240213,245203,257131,260272,273481
125304,134059,144188,151564,152551,160592,163224,179591,184140,195295,222473,230564,231343,256525
119620,128969,141022,145620,148569,150837,161727,162608,167678,168128,172076,180320,187083,191865,197417,200024,216985,220466,241512,252955
119465,122384,125884,133327,148884,153024,163846,172584,182443,199384,209067,241618,255319,268025,270247
131715,133271,147319,161794,170879,177636,187399,188731,197427,200712,202587,221557,246174,258430
151433,165296,168596,173230,183683,189124,192271,203789,232414,237835,255632,258989,280533
119465,122384,125884,133327,148884,153024,165282,168477,172584,209067,251124,268025
153665,170621,181476,185182,185993,193310,206209,208725,219121,220804,223450,238103,245130,247619,264703,265022,270356
155109,162855,165772,167403,168990,171883,192018,196040,204524,223712,225164,231472,241330,293921
118214,128792,136411,145947,147207,152806,168320,173755,197439,222262,229103,250903
155109,162855,168990,171883,174474,192018,196040,199349,204524,215063,223712,231472,241330,283951,286770,293921
119483,119807,129826,129830,134552,143055,146989,152492,173992,194151,197391,204014,235431,235562,241440,265211,290920
119483,119807,127739,129826,129830,134552,143055,145805,152492,173992,183911,185261,198471,204014,207756,235431,265211,270504
160047,173635,215956,226260,226796,228180,228588,231289,251124,266191,277337,277868,283044,290444,290542
119465,122384,125884,133327,148884,153024,163846,172584,182443,229888,241618,251124,268025,270247
117592,159299,160448,166836,169765,178446,189907,206366,209527,215382,218705,225167,239477,241458
119465,122384,125884,133327,148884,153024,163846,165282,168028,168477,172584,209067,241618,268025
127445,155781,158786,163217,171270,191539,191591,204369,223032,252246,260794,263398,290128
128467,156704,163429,168530,168942,181718,186577,195259,195366,210408,225977,227803,232365,255147,281342
124593,130633,160216,173637,179088,197538,216164,219229,242179,242699,251872,255457,265097,271076,285604,292575
130335,131560,131715,133271,147319,170879,177636,187399,188731,197427,200712,202587,227129,230985,238252,238955,246174,258430,266003
126779,155781,158786,164270,171270,172315,191539,191591,200231,204369,223032,252246,260794
141565,143586,155462,208774,228149,235219,235648,253697,256138,256974,262851,273517
118835,119807,127739,133391,134552,145805,146989,152492,183911,185261,194151,198471,204014,235431
141473,151433,165296,168596,173230,183683,189124,192271,203789,232414,237835,258989,280533
125876,130590,131888,134075,149654,171155,187550,189253,198218,207702,214423,223387,231345,233770,253528
124277,141178,149064,152244,153024,153211,160863,164351,172584,177944,178036,181734,206737,239648,240213,245843,249766,251124,273481,274371,279545
125701,153687,159306,159754,183866,186672,188598,203632,206550,216247,222612,242172,271205,271622,288360,290577
119465,124277,141178,146609,153211,160863,165282,168028,168477,177944,206737,209067,225964,230070,240213,245203,251013,257131,260272,271368,273481,274371
153310,162855,168990,174474,180040,182424,192018,196040,199349,204524,205912,215063,220467,223712,241330,247623,283951,286770
153310,167403,174474,180040,182424,196040,199349,204524,205912,220467,231472,241330,247623
125884,133327,148884,153024,160047,163846,172584,173635,176457,182443,215956,226260,226796,228180,228588,229888,231289,239891,240612,241618,242376,251124,266191,268025,268145,277337,290444,290542
119465,122384,125884,133327,148884,153024,163846,165282,168028,168477,172584,182443,199384,209067,241618,255319,268025
119620,128969,145620,148569,161727,162608,167678,168128,172076,180320,187083,191865,197417,200024,216985,220466,241512,252955
125884,133327,148884,153024,160047,163846,172584,173635,176457,215956,226260,226796,228180,228588,231289,239891,240612,241618,242376,251124,266191,268025,268145,277337,277868,290444,290542
124277,141178,146609,149064,152244,153211,160863,177944,178036,181734,206737,225964,230070,239648,240213,245203,245843,257131,260272,271368,273481,274371
130640,175783,184112,208108,212443,216628,244044,249681,254230,254762,260055,272288,283787
148972,149899,159617,179704,213460,225437,227763,246063,248514,256765,264781,272947
124277,133327,141178,148884,149064,152244,153024,153211,164351,172584,177944,178036,181734,206737,239648,240213,245843,249766,251124,273481,274371,279545
119465,122384,125884,148884,153024,163846,165282,168028,168477,172584,199384,209067,255319,268025
121330,122213,127324,128846,151684,163759,172999,175636,191294,200831,203793,211596,247610,283457
133327,148884,153024,160047,172584,173635,176457,215956,226260,226796,228180,228588,231289,240612,242376,251124,266191,268025,277337,277868,290444,290542
125304,134059,144188,146073,151564,152551,160592,163224,179591,184140,195295,222473,231343,256525
170621,181476,185182,185993,193310,208725,219121,220804,223450,238103,245130,247619,264703,265022,270356
169335,173115,180880,212021,212651,213820,220086,221628,228957,262702,287610,290410
121287,129249,135799,153665,185182,185612,185993,193310,199972,206209,208725,219121,220804,238103,245130,247619,264703,270356
122149,130497,132181,132425,136557,137139,146857,162597,163456,193421,194525,194605,205201,242387,255027,260884,286711
123983,131560,131715,133271,147319,161794,166144,170879,177636,187399,188731,197427,200712,202587,221557,230985,235063,238252,246174,258430,266003
130655,183634,184674,188447,203536,203844,223448,226420,238102,239080,242742,249603,257996,261745
146609,153211,160863,206737,225964,230070,240213,245203,251013,257131,260272,271368,273481
123054,127730,129767,149660,157477,165812,168797,175066,185897,188863,211583,231144,236490,282573
122651,135337,146749,167436,173464,174798,175370,181444,199035,202275,210229,213639,242052,244938,271160
133327,141178,149064,152244,164351,177944,178036,181734,239648,245843,249766,249770,251124,260942,277868,279545,290444
124277,141178,149064,152244,153211,164351,177944,178036,181734,206737,225964,239648,240213,245843,249766,249770,273481,274371,279545
133327,148884,153024,160047,163846,172584,176457,215956,226260,226796,228180,228588,239891,240612,241618,251124,266191,268025,268145,277868,290444,290542
118835,119483,119807,127739,129826,129830,134552,143055,145805,146989,152492,183911,185261,194151,204014,235431,265211
119465,122384,125884,133327,148884,153024,163846,172584,182443,209067,241618,251124,268025
122384,125884,133327,148884,153024,163846,172584,182443,199384,212995,229888,241618,255319,268025,268145,270247
155109,162855,165772,168990,171883,192018,196040,204524,223712,231472,241330,286770,293921
160047,173635,176457,215956,226260,226796,228180,228588,231289,239891,240612,242376,254879,266191,277337,283044,283478,285545,290542
155109,162855,165772,168990,171883,174474,192018,196040,199349,204524,215063,223712,231472,241330,283951,286770,293921
130655,145160,177248,184674,188447,195319,203844,223448,239080,256413,257996,261745
130335,131560,131715,133271,147319,161794,170879,177636,187399,188731,197427,200712,202587,221557,227129,230985,238252,238955,246174,258430,266003
125701,153687,159754,183866,186672,188598,203632,206550,216247,271205,283592,288360,290577
121287,127622,129249,135799,153665,185182,185612,188858,199972,206209,208725,220804,238103,245130,264703,270356
130335,131560,131715,177636,187399,197427,200712,202587,230985,238252,238955,246174,258430,266003
122149,130497,131449,132181,132425,136557,137139,146857,162597,193421,194525,194605,205201,242387,252574,255027,286711
119465,124277,133327,141178,146609,148884,153024,153211,160863,165282,168028,172584,177944,206737,209067,225964,230070,239648,249766,257131,260272,279545
135345,136224,142414,144285,146158,148664,176997,198697,220067,243242,274866,278830,284136
119483,119807,129826,129830,134552,143055,143862,146989,173992,197391,204014,214819,220047,235431,235562,241440,265211,270504,290920
123983,131560,131715,133271,147319,161794,166144,170879,177636,187399,188731,197427,200712,202587,221557,227129,230985,235063,238252,238955,246174,258430,266003
119465,122384,124277,146609,153211,160863,165282,168028,168477,206737,209067,225964,230070,240213,245203,251013,257131,260272,273481
133327,148884,153024,160047,172584,176457,228180,228588,239891,241618,251124,266191,268025,277868,290444,290542
119807,129826,129830,134552,143055,143862,146989,173992,197391,204014,214819,235431,235562,241440,265211,290920
121287,127622,129249,135799,153665,170621,185182,185612,185993,193310,199972,206209,208725,220804,223450,238103,245130,247619,264703,265022,270356
125884,133327,148884,153024,160047,163846,172584,173635,176457,182443,215956,226260,226796,228180,228588,229888,231289,239891,240612,241618,242376,266191,268025,268145,270247,290542
153310,155109,162855,168990,171883,174474,180040,182424,192018,196040,199349,204524,205912,215063,220467,223712,231472,241330,247623,283951,286770
119465,122384,124277,146609,148884,153024,153211,160863,165282,168028,168477,172584,209067,225964,230070,257131,260272
129249,153665,170621,185182,185993,193310,206209,208725,219121,220804,223450,238103,245130,247619,264703,265022,270356
119483,119807,127739,129826,129830,134552,143055,146989,152492,173992,194151,197391,204014,235431,265211,270504,290920
119620,128969,141022,148569,168128,180320,191865,197417,216985,241512,252955,281402,289282
160047,173635,176457,215956,226260,226796,228180,228588,231289,239891,240612,242376,254879,266191,268145,283478
133327,148884,153024,160047,172584,173635,176457,215956,226260,226796,228180,228588,231289,239891,240612,241618,251124,266191,268025,277868,290444,290542
126632,150287,168595,198918,222154,233030,234741,236337,236354,247300,250072,253583,256509,256572,259178,274818
122651,135337,145890,146749,167436,173464,174798,175370,181405,181444,202275,210229,213639,218409,242052,244938,271160
125701,129254,159754,183866,186672,188598,203632,206550,216247,271205,283592,288360,290577
155109,162855,168990,171883,174474,180040,182424,192018,196040,199349,204524,205912,215063,220467,223712,247623,283951,286770
128969,145620,148569,150837,161727,162608,167678,168128,172076,180320,187083,200024,220466,241512,252955
119465,122384,125884,153024,160582,163846,165282,168028,168477,172584,182443,199384,209067,212995,241618,255319,268025,270247
119483,119807,127739,129826,129830,134552,143055,145805,146989,152492,173992,183911,185261,194151,197391,198471,204014,207756,235431,265211,270504
129249,153665,181476,185182,185993,193310,199972,206209,208725,219121,220804,238103,245130,247619,264703,270356
125884,133327,148884,153024,160047,163846,172584,173635,176457,182443,215956,226260,226796,228180,228588,229888,231289,239891,240612,241618,242376,266191,268025,268145,270247,277337,290444,290542
130655,175039,177248,183634,184674,188447,195319,203536,203844,223448,226420,238102,239080,242742,249603,256413,257996,261745
128969,145620,148569,161727,162608,167678,168128,172076,180320,187083,200024,216985,220466,241512,252955
119952,130839,140689,149295,165263,193241,214283,220938,222307,227387,231690,264077,267034,267802,269969,282612
119465,124277,141178,146609,153211,160863,165282,168028,168477,177944,206737,209067,225964,230070,239648,240213,245203,245843,251013,257131,260272,271368,273481,274371
119483,119807,129826,129830,134552,143055,143862,146989,152492,173992,197391,204014,214819,235431,235562,241440,265211,270504,290920
131560,147319,166144,170879,177636,187399,197427,200712,202587,227129,230985,238252,238955,246174,258430,266003
119620,128969,141022,148569,168128,174571,180320,191865,197417,216985,241512,252955,281402,289282
136111,139410,140675,141473,147088,153383,155807,180220,183424,203789,232414,237835
119483,119807,129826,129830,134552,143055,143862,146989,152492,173992,197391,204014,235431,235562,241440,265211,270504,290920
124277,133327,141178,146609,148884,149064,152244,153024,153211,160863,172584,177944,178036,181734,206737,225964,230070,239648,240213,245843,249766,251124,257131,260272,273481,274371,279545
130839,149295,165263,193241,214283,222307,227387,231690,264077,267802,290124,292135
124277,141178,149064,152244,164351,177944,178036,181734,239648,245843,249766,249770,260942,267414,274371,279545
130640,175783,184112,208108,212443,216628,244044,249681,252972,254230,254762,260055,272288,283787
119465,122384,124277,146609,153024,153211,160863,165282,168028,168477,172584,209067,230070,257131,260272
119952,136343,140689,193241,214283,220938,222307,227387,231690,267034,267529,269969,282612
119465,124277,141178,146609,148884,149064,153024,153211,160863,165282,172584,177944,178036,181734,206737,209067,225964,230070,239648,240213,245843,249766,257131,260272,273481,274371,279545
130290,130664,134779,157417,176580,186979,190654,222561,223511,227072,233204,281340
125237,126632,198918,222154,233030,236337,236354,247300,250072,253583,256572,259178,274818
160047,173635,176457,215956,226260,226796,228180,228588,231289,239891,240612,242376,254879,266191,268025,277337,277868,283044,290444,290542
119465,122384,133327,148884,153024,165282,168028,168477,172584,209067,251124,268025
153310,155109,162855,165772,167403,168990,171883,174474,180040,182424,192018,196040,199349,204524,215063,220467,223712,225164,228887,231472,241330,283951,286770
119952,130839,140689,149295,165263,193241,214283,220938,222307,227387,231690,264077,267802,269969,282612,290124
124277,141178,146609,149064,152244,153024,153211,160863,164351,177944,178036,181734,206737,225964,230070,239648,240213,245843,249766,260272,273481,274371,279545
160216,173637,197538,216164,219229,226522,255457,265097,271076,285604,291769,292575
153310,155109,162855,165772,167403,168990,174474,180040,182424,192018,196040,199349,204524,205912,220467,223712,225164,228887,231472,241330,247623
119952,130839,136343,140689,149295,165263,193241,214283,220938,222307,227387,231690,264077,267034,267529,267802,269969,282612
119620,128969,141022,143803,145620,148569,150837,161727,162608,167678,168128,172076,180320,187083,191865,197417,200024,216985,220466,241512,252955
160047,163846,173635,176457,182443,215956,226260,226796,228180,228588,229888,231289,239891,240612,241618,242376,254879,266191,268025,268145,270247,277337,290542
118835,119807,127739,129830,133391,134552,143055,145805,146989,152492,183911,185261,194151,198471,204014,235431,265211
119465,122384,125884,160582,163846,165282,168028,168477,182443,199384,209067,212995,229888,241618,255319,268025,270247
130335,131560,131715,133271,147319,161794,170879,177636,187399,188731,197427,200712,202587,221557,230985,238252,246174,258430,266003
130655,177248,184674,188447,203536,203844,223448,226420,242742,249603,257996,261745
130335,131715,133271,170879,177636,187399,188731,197427,200712,202587,238252,246174,258430,266003
124722,125336,136049,143997,148075,153249,193416,194062,208764,234232,236113,237608
119465,124277,141178,146609,148884,153024,153211,160863,165282,168028,168477,172584,177944,206737,209067,225964,230070,239648,240213,249766,257131,260272,273481,279545
119465,122384,125884,160582,163846,182443,199384,209067,212995,229888,241618,255319,268025,268145,270247
134028,134912,137494,159624,181668,199163,214980,224492,228931,232773,242096,254539
153310,165772,167403,174474,180040,192018,196040,199349,204524,220467,223712,225164,228887,231472,241330,247623
119620,128969,141022,148569,168128,180320,191865,197417,216985,241512,252955,289282
119465,124277,141178,146609,153024,153211,160863,165282,168028,168477,177944,178036,181734,206737,209067,225964,230070,239648,240213,245843,249766,257131,260272,273481,274371,279545
122799,127924,139489,143406,166134,168921,177951,180294,206263,231597,234636,235875,241783,267861
129249,153665,181476,185182,185993,193310,206209,208725,219121,220804,223450,238103,245130,247619,264703,265022,270356
119465,122384,124277,141178,146609,148884,153024,153211,160863,165282,168028,168477,172584,206737,209067,225964,230070,239648,257131,260272
119483,119807,127739,129826,129830,134552,143055,145805,146989,152492,173992,183911,185261,194151,197391,204014,207756,235431,241440,265211,270504,290920
124146,141767,149359,151389,152322,164955,187494,190176,191168,215888,219900,251168
153310,155109,162855,165772,167403,168990,171883,174474,180040,182424,192018,196040,199349,204524,215063,223712,225164,228887,231472,241330,283951,286770,293921
123983,131560,133271,147319,161794,166144,170879,177636,187399,188731,197427,200712,202587,221557,227129,230985,235063,238252,238955,246174,258430,266003
155109,162855,165772,167403,168990,171883,174474,180040,182424,192018,196040,199349,204524,205912,215063,220467,223712,225164,231472,241330,283951,286770
170621,181476,185993,193310,208725,219121,220804,223450,238103,245130,247619,264703,265022,270356,286273
125876,131888,149654,171155,187550,189253,198218,207702,214423,223387,231345,233770,253528
119465,122384,125884,133327,148884,153024,163846,165282,172584,182443,209067,241618,255319,268025
119465,122384,125884,153024,160582,163846,165282,168028,168477,182443,199384,209067,212995,241618,255319,268025,270247
124713,132898,136630,150550,159771,161712,173653,176518,189591,211240,252430,273290,290109
155109,162855,165772,167403,168990,171883,174474,180040,182424,192018,196040,199349,204524,215063,223712,225164,228887,231472,241330,283951,286770,293921
136111,139410,140262,140675,147088,153383,155807,156994,165053,180220,187765,193147,209009,217363,293619
122384,125884,148884,153024,160582,163846,172584,182443,199384,212995,229888,241618,255319,268025,268145,270247
125884,160047,160582,163846,182443,199384,212995,229888,239891,241618,268025,268145,270247
119465,122384,125884,133327,148884,153024,163846,165282,172584,182443,209067,241618,251124,268025
128969,141022,148569,168128,174571,180320,191865,197417,216985,241512,252955,281402,289282
118835,119807,129826,129830,134552,143055,146989,152492,194151,197391,204014,235431,265211
119465,146609,153211,160863,165282,168028,168477,206737,209067,225964,230070,240213,245203,251013,257131,260272,271368,273481
125472,127875,133509,139386,146881,152078,152231,164762,165280,176527,178742,199858,220858,236609,247462,254511
125884,133327,148884,153024,160047,163846,172584,173635,176457,182443,215956,226260,226796,228180,228588,229888,231289,239891,240612,241618,242376,251124,266191,268025,268145,270247,277337,290444,290542
118835,119483,119807,127739,129826,129830,134552,143055,145805,152492,183911,185261,194151,198471,204014,207756,235431,265211
124277,141178,149064,152244,164351,177944,178036,181734,206737,239648,240213,245843,249766,249770,251124,273481,274371,279545
119465,122384,125884,133327,148884,153024,163846,165282,172584,182443,199384,209067,229888,241618,255319,268025,270247
153310,155109,165772,167403,174474,180040,192018,196040,199349,204524,223712,225164,228887,231472,241330
117592,159299,160448,166836,169765,178446,189907,206366,209527,215382,218705,225167,239477,241458,290505
119483,119807,127739,129826,129830,134552,143055,143862,145805,146989,152492,173992,183911,185261,197391,198471,204014,207756,214819,235431,241440,265211,270504,290920
130839,140689,149295,165263,193241,214283,220938,222307,227387,231690,264077,267802,269969,290124
118424,128713,137301,141765,148910,162522,167103,172698,178975,183539,205841,209511,257265,282683
119620,128969,141022,143803,145620,148569,167678,168128,180320,187083,191865,197417,200024,216985,220466,241512,252955
129249,135799,153665,185182,185612,185993,193310,199972,206209,208725,219121,220804,223450,238103,245130,247619,264703,265022,270356
125884,148884,153024,160047,163846,172584,182443,199384,229888,239891,241618,268025,268145,270247
126632,150287,168595,198918,222154,233030,234741,236337,236354,247300,250072,253583,256509,256572,258492,259178,274818
123983,131715,133271,147319,161794,170879,177636,187399,188731,197427,200712,202587,221557,235063,238252,246174,258430
125701,129254,159754,183866,186672,188598,203632,206550,271205,283592,288360,290577
119465,124277,133327,148884,153024,160863,172584,230070,239648,249766,251124,279545
125884,133327,148884,153024,160047,163846,172584,182443,229888,239891,241618,268025,268145,270247
122308,137519,154210,158365,185216,187836,189164,190065,205600,219088,233859,255563,268218,271685
125884,133327,148884,160047,163846,173635,176457,182443,215956,226260,226796,228180,228588,229888,231289,239891,240612,241618,242376,266191,268025,268145,270247,277337,290542
133327,148884,153024,164351,172584,239648,249766,249770,251124,277868,279545,290444
125884,133327,148884,153024,160047,163846,172584,176457,226260,226796,228180,228588,239891,240612,241618,251124,266191,268025,268145,290444,290542
155109,162855,165772,167403,168990,174474,192018,196040,199349,204524,223712,225164,228887,231472,241330,293921
119465,124277,141178,146609,149064,152244,153211,160863,165282,168028,168477,177944,178036,181734,206737,209067,225964,230070,239648,240213,245203,245843,249766,251013,257131,260272,271368,273481,274371,279545
122149,130497,132181,132425,136557,137139,146857,159381,163456,193421,194605,205201,242387,255027,260884,266854,286711
122651,167436,174798,175370,181444,199035,202275,210229,213639,242052,244938,256026,271160
119465,124277,141178,146609,148884,153024,153211,160863,165282,172584,177944,181734,206737,209067,225964,230070,239648,240213,249766,257131,260272,273481,274371,279545
119465,122384,125884,133327,148884,153024,163846,165282,168477,172584,209067,241618,255319,268025
123285,150988,155756,156054,158419,160612,161386,184064,186929,189285,201138,203525,212274,218469,231131
130839,149295,165263,193241,214283,220938,222307,227387,231690,264077,267802,290124,292135
119465,122384,125884,133327,148884,153024,165282,172584,209067,241618,251124,268025
117763,157141,161217,161610,167666,172441,174207,180336,192378,196810,203666,216153,228808,257719
122149,130497,131449,132181,132425,136557,137139,146857,193421,194525,194605,205201,252574,255027,286711
119465,122384,124277,141178,146609,153211,160863,165282,168028,168477,177944,206737,209067,225964,230070,239648,240213,245203,257131,260272,273481,274371
133327,148884,149064,152244,164351,177944,178036,181734,239648,249766,249770,251124,260942,277868,279545,290444
125701,153687,159306,159754,183866,186672,206550,216247,216982,222612,242172,271205,271622,288360,290577
119952,130839,140689,149295,165263,193241,214283,220938,222307,227387,231690,264077,267034,267802,269969,282612,290124
122308,137519,154210,158365,183850,187836,189164,190065,205600,219088,233859,268218,271685
155109,162855,165772,167403,168990,171883,174474,192018,196040,199349,204524,215063,223712,225164,231472,241330,283951,286770,293921
125701,153687,159754,183866,186672,188598,203632,206550,216247,216982,222612,242172,271205,283592,288360,290577
124277,133327,141178,148884,149064,152244,153024,164351,172584,177944,178036,181734,239648,245843,249766,249770,251124,260942,274371,279545,290444
125701,153687,159306,159754,183866,186672,188598,203632,206550,216247,216982,222612,242172,271205,271622,288360,290577
125884,153024,160582,163846,172584,182443,199384,212995,229888,239891,241618,255319,268025,268145,270247
130655,175039,183634,184674,203536,203844,223448,226420,238102,239080,242742,249603,257996,261745
127515,179484,186036,191784,196080,201920,212459,218188,232035,261604,272829,276603
119620,128969,141022,148569,168128,172076,180320,187083,191865,197417,200024,216985,220466,241512,252955,289282
119465,124277,141178,146609,149064,152244,153211,160863,165282,168028,168477,177944,178036,181734,206737,209067,225964,230070,239648,240213,245203,245843,249766,251013,257131,260272,273481,274371,279545
119807,129826,143055,143862,146989,197391,204014,214819,235431,235562,241440,265211,290920
153310,165772,167403,174474,180040,182424,196040,199349,204524,220467,225164,228887,231472,241330,247623
125701,129254,153687,159754,183866,186672,188598,203632,206550,216247,271205,288360,290577
125884,133327,148884,153024,160047,163846,172584,176457,215956,226260,226796,228180,228588,239891,240612,241618,251124,266191,268025,268145,290444,290542
160047,173635,176457,215956,226260,226796,228180,228588,231289,239891,240612,241618,242376,254879,266191,268025,268145,277337,283044,290542
134028,134912,137494,159624,181668,199163,214980,224492,228931,232773,242096,252052
119465,122384,124277,141178,146609,153024,153211,160863,165282,168028,168477,177944,206737,209067,225964,230070,239648,240213,249766,257131,260272,273481,279545
119483,119807,127739,129826,129830,134552,143055,145805,146989,152492,173992,183911,185261,194151,197391,204014,207756,235431,265211,270504,290920
119620,128969,141022,143803,145620,148569,161727,167678,168128,180320,187083,191865,197417,200024,220466,252955
160047,173635,176457,215956,226260,226796,228180,228588,231289,239891,240612,241618,242376,254879,266191,268145,277337,283478
125884,160047,163846,176457,182443,228180,229888,239891,240612,241618,268025,268145,270247
122308,137519,149141,154210,158365,185216,187836,189164,205600,219088,233859,255563,268218,271685
137519,154210,158365,183850,185216,187836,189164,205600,219088,233859,268218,271685
122651,135337,145890,146749,167436,173464,174798,175370,181444,202275,210229,213639,242052,244938,271160
119465,122384,124277,133327,146609,148884,153024,160863,165282,168028,168477,172584,209067,230070,251124,260272
136111,139410,140675,147088,153383,155807,156994,180220,183424,193147,209009,217363,293619
141178,149064,152244,164351,177944,178036,181734,239648,245843,249766,249770,251124,260942,279545,290444
122149,130497,132181,132425,136557,137139,146857,159381,163456,193421,194525,194605,205201,242387,255027,260884,286711
119465,122384,125884,133327,148884,153024,163846,172584,209067,241618,251124,268025
120006,135116,140350,183400,188759,193282,200559,202937,205549,211184,239681,245453
119483,127739,129826,129830,143055,143862,145805,173992,183911,185261,198471,207756,214819,220047,235431,265211,270504
118835,119807,127739,133391,134552,145805,146989,152492,183911,185261,194151,204014,235431,265211
119465,124277,133327,146609,148884,153024,153211,160863,165282,168028,168477,172584,209067,230070,239648,257131,260272
160047,173635,176457,215956,226260,226796,228180,228588,231289,240612,242376,254879,266191,277337,277868,283044,290444,290542
124277,133327,141178,148884,149064,152244,153024,164351,172584,177944,178036,181734,206737,239648,240213,245843,249766,249770,251124,274371,279545
129826,129830,143055,143862,146989,173992,197391,204014,214819,220047,235431,235562,241440,265211,290920
119483,119807,127739,129826,129830,134552,143055,145805,152492,173992,183911,185261,194151,198471,204014,207756,235431,265211,270504
122308,137519,154210,158365,183850,185216,187836,189164,190065,205600,219088,233859,268218,271685
119483,119807,129826,129830,134552,143055,143862,173992,197391,204014,207756,214819,220047,235431,241440,265211,270504,290920
125876,130590,131888,134075,149654,171155,187550,189253,198218,214423,223387,231345,233770,253528,254631
121287,127622,129249,135799,153665,185182,185612,193310,199972,206209,208725,219121,220804,238103,245130,247619,264703,270356
123983,131560,147319,161794,166144,170879,187399,188731,200712,221557,227129,230985,238252,238955,266003
118835,119807,127739,133391,134552,145805,152492,183911,185261,194151,198471,204014,228850
124277,141178,146609,153211,160863,165282,177944,206737,225964,230070,239648,240213,245203,251013,257131,260272,271368,273481,274371
119483,119807,129826,129830,143055,143862,173992,197391,204014,214819,220047,235431,235562,241440,265211,270504,290920
119465,122384,125884,148884,153024,163846,165282,172584,182443,199384,209067,212995,229888,241618,255319,268025,270247
119620,128969,141022,148569,167678,168128,172076,180320,187083,191865,197417,200024,216985,220466,241512,252955,289282
145528,150905,153706,167565,172147,173754,212876,246542,262339,264570,269744,269837
119952,136343,140689,149295,165263,193241,214283,220938,222307,227387,231690,264077,267034,267529,267802,269969,282612
125884,148884,153024,160047,163846,172584,173635,176457,182443,215956,226260,226796,228180,228588,229888,231289,239891,240612,241618,242376,266191,268025,268145,270247,290542
118835,119483,119807,127739,129826,129830,134552,143055,145805,152492,173992,183911,185261,194151,198471,204014,207756,235431,265211,270504
119465,124277,133327,141178,146609,148884,153024,153211,160863,165282,172584,177944,181734,206737,209067,225964,230070,239648,249766,251124,257131,260272,279545
129548,129605,157687,164170,165698,166615,170059,228228,259858,274141,291695,292529
125884,133327,148884,153024,160047,163846,172584,182443,228180,229888,239891,241618,251124,268025,268145,290444,290542
125701,153687,159306,159754,183866,186672,188598,203632,206550,216247,271205,288360,290577
124277,141178,149064,152244,177944,178036,181734,206737,240213,245843,271368,273481,274371
119483,119807,127739,129826,129830,143055,145805,173992,183911,185261,198471,207756,214819,235431,265211,270504
119483,119807,127739,129826,129830,134552,143055,143862,145805,173992,183911,185261,198471,207756,214819,235431,265211,270504,290920
128209,128399,135153,138441,153832,156294,159059,163342,167090,173312,188321,192332,199958
122651,135337,145890,146749,167436,173464,174798,175370,181405,181444,202275,210229,213639,218409
124593,130633,160216,173637,179088,197538,210322,216164,219229,242179,242699,251872,255457,265097,271076,285604
119465,122384,125884,133327,148884,153024,163846,172584,182443,229888,241618,251124,268025,268145,270247
128467,156704,163429,168530,168942,181718,186577,195259,195366,210408,225977,227803,232365,255147
122149,130497,131449,132181,132425,136557,137139,146857,162597,193421,194525,194605,205201,242387,255027,286711
133327,160047,215956,226796,228588,231289,251124,266191,277337,277868,283044,290444,290542
119483,119807,127739,129826,129830,134552,143055,145805,152492,173992,183911,185261,197391,198471,204014,207756,214819,235431,241440,265211,270504,290920
119483,119807,129826,129830,143055,143862,146989,173992,197391,204014,214819,220047,235431,235562,241440,265211,270504,290920
124277,141178,149064,152244,153024,164351,177944,178036,181734,206737,239648,240213,245843,249766,249770,251124,273481,274371,279545
153310,155109,162855,165772,167403,168990,171883,174474,180040,192018,196040,199349,204524,215063,223712,225164,228887,231472,241330,293921
139410,140262,140675,147088,153383,155807,156994,163583,165053,180220,187765,193147,209009,217363,293619
125472,127875,133509,139386,146881,151956,152078,165280,176527,178742,199858,220858,247462,254511
122651,135337,145890,146749,167436,173464,174798,175370,181405,181444,202275,210229,213639,242052,244938,271160
119465,146609,153211,160863,165282,168028,168477,209067,225964,230070,245203,251013,257131,260272,271368,273481
125237,198918,222154,233030,236337,236354,247300,250072,253583,256572,259178,274818
118835,119807,127739,133391,134552,145805,152492,183911,185261,194151,198471,204014,207756,228850
119483,119807,129826,129830,134552,143055,143862,146989,152492,173992,197391,204014,235431,235562,241440,265211,290920
130839,136343,149295,165263,193241,214283,220938,222307,227387,231690,264077,267034,267529,267802
125884,148884,153024,160047,163846,172584,176457,182443,226260,228180,229888,239891,240612,241618,242376,266191,268025,268145,270247
125701,129254,159306,159754,183866,186672,188598,203632,206550,216247,271205,288360,290577
125472,127875,133509,139386,146881,152078,152231,164762,165280,199858,220858,236609,247462,254511
119465,124277,133327,141178,146609,148884,149064,152244,153024,153211,160863,165282,172584,177944,178036,181734,206737,225964,230070,239648,240213,245843,249766,257131,260272,273481,274371,279545
118835,119807,127739,129830,134552,143055,145805,146989,152492,183911,185261,194151,204014,235431,265211
121287,127622,129249,135799,153665,185182,185612,188858,199972,206209,208725,220804,233370,238103,245130,264703
119465,122384,125884,148884,153024,163846,165282,168028,168477,172584,182443,199384,209067,212995,241618,255319,268025,270247
173635,176457,215956,226260,226796,228180,228588,231289,240612,242376,254879,266191,283478,285545
122086,122413,142771,151994,153200,153573,156431,161734,170473,204675,214594,247472
130335,131560,131715,133271,147319,161794,166144,170879,177636,187399,188731,197427,200712,202587,221557,227129,230985,238252,238955,246174,258430,266003
125884,133327,148884,153024,160047,163846,172584,173635,176457,182443,215956,226260,226796,228180,228588,229888,231289,239891,240612,241618,242376,251124,266191,268025,268145,270247,290444,290542
122651,135337,145890,174798,175370,181444,199035,202275,213639,242052,244938,271160
122612,130335,131715,150596,177636,183361,187399,197427,200712,202587,246174,258430
121287,127622,129249,135799,153665,185182,185612,188858,199972,206209,208725,233370,238103,245130,264703
119465,122384,124277,141178,146609,153211,160863,165282,168028,168477,177944,206737,209067,225964,230070,239648,240213,249766,257131,260272,273481,274371,279545
119465,124277,141178,146609,148884,153024,153211,160863,165282,168028,172584,177944,206737,209067,225964,230070,239648,240213,249766,257131,260272,273481,274371,279545
173635,215956,226796,228588,231289,242376,254879,266191,277337,277868,283044,290542
119465,124277,141178,146609,149064,152244,153211,160863,165282,168028,177944,178036,181734,206737,209067,225964,230070,239648,240213,245203,245843,249766,251013,257131,260272,271368,273481,274371,279545
119483,119807,127739,129826,129830,134552,143055,146989,152492,173992,185261,194151,197391,204014,235431,241440,265211,270504,290920
122651,135337,145890,146749,167436,174798,175370,181444,199035,202275,210229,213639,242052,244938,271160
155109,162855,168990,171883,174474,180040,182424,192018,196040,199349,204524,205912,215063,220467,223712,241330,283951,286770
125884,133327,148884,153024,160047,163846,172584,176457,182443,226260,226796,228180,228588,239891,240612,241618,251124,266191,268025,268145,290444,290542
125472,127875,133509,139386,146881,151956,152078,164762,165280,176527,178742,199858,220858,236609,247462,254511
127515,179484,191784,196080,201920,212459,218188,232035,235138,261604,262069,276603
119465,122384,125884,160582,163846,165282,168028,168477,182443,199384,209067,212995,229888,241618,255319,270247
144265,155867,165414,176078,182350,194670,212887,219364,225045,249758,253338,257023
160047,173635,176457,215956,226260,226796,228180,228588,231289,239891,240612,242376,254879,266191,268145,277337,283044,283478,290542
119465,122384,125884,133327,148884,153024,163846,172584,182443,199384,212995,229888,241618,255319,268025,268145,270247
119465,122384,125884,148884,153024,160582,163846,172584,182443,199384,209067,212995,229888,241618,255319,268025,268145,270247
125884,133327,148884,153024,160047,163846,172584,176457,182443,228180,229888,239891,241618,251124,268025,268145,270247
119465,124277,141178,146609,149064,153211,160863,165282,168028,168477,177944,181734,206737,209067,225964,230070,239648,240213,245203,245843,249766,251013,257131,260272,273481,274371,279545
123983,131560,131715,133271,147319,161794,166144,170879,177636,187399,188731,197427,200712,202587,221557,230985,238252,238955,246174,258430,266003
118835,119807,127739,129830,134552,143055,146989,152492,185261,194151,204014,235431,265211
124277,133327,141178,148884,149064,152244,153024,153211,160863,172584,177944,178036,181734,206737,225964,239648,240213,245843,249766,251124,260272,273481,274371,279545
124540,128224,152170,169228,174614,180273,193759,203455,209819,215795,218421,244092,245788
122149,130497,131449,132181,136557,137139,146857,193421,194605,205201,252574,255027,286711
119807,129826,129830,134552,143055,143862,146989,197391,204014,235431,235562,241440,265211,290920
119465,124277,141178,146609,149064,153211,160863,165282,168028,168477,177944,181734,206737,209067,225964,230070,239648,240213,245203,245843,249766,251013,257131,260272,271368,273481,274371
121287,127622,129249,135799,153665,185182,185612,188858,193310,199972,206209,208725,220804,238103,245130,247619,264703,270356
119465,124277,133327,141178,146609,148884,153024,153211,160863,165282,172584,177944,181734,230070,239648,249766,251124,260272,279545
117592,159299,160448,166836,169765,178446,189907,206366,209527,218705,239477,241458,290505
141767,149359,151389,152322,157900,164955,190176,219900,227003,234222,251168,264723
122149,130497,132181,136557,137139,146857,163456,193421,194605,205201,242387,255027,260884,286711
119465,122384,125884,148884,153024,163846,165282,168477,172584,182443,199384,209067,212995,241618,255319,268025,270247
133327,148884,160047,173635,176457,215956,226260,226796,228180,228588,231289,239891,240612,241618,242376,266191,268025,268145,277337,290444,290542
118835,119807,127739,129826,129830,134552,143055,146989,152492,185261,194151,204014,235431,265211
122417,135345,136224,142414,144285,146158,176997,198697,220067,243242,274866,278830,284136
130655,145160,177248,184674,188447,195319,203536,203844,223448,226420,242742,249603,256413,257996,261745
119465,124277,133327,148884,153024,160863,165282,172584,209067,230070,239648,251124,279545
122651,135337,145890,174798,175370,181405,181444,202275,213639,218409,242052,244938,271160
122149,130497,132181,132425,136557,137139,146857,159381,162597,163456,193421,194525,194605,242387,255027,260884,266854,286711
124277,141178,146609,149064,152244,153211,160863,165282,177944,178036,181734,206737,225964,230070,239648,240213,245203,245843,249766,251013,257131,260272,271368,273481,274371,279545
170621,181476,185993,193310,208725,209170,219121,220804,223450,238103,245130,247619,265022,270356,286273
133327,148884,160047,173635,215956,226260,226796,228180,228588,231289,251124,266191,277337,277868,283044,290444,290542
133327,148884,149064,152244,153024,164351,172584,178036,181734,239648,249766,249770,251124,260942,277868,279545,290444
165772,167403,174474,192018,196040,199349,204524,223712,225164,228887,231472,241330,293921
119465,124277,133327,141178,146609,148884,153024,153211,160863,165282,168028,168477,172584,209067,230070,239648,257131,260272,279545
122149,131449,132181,132425,136557,137139,146857,162597,193421,194525,194605,205201,242387,252574,255027,286711
133327,148884,153024,160047,163846,172584,173635,176457,215956,226260,226796,228180,228588,231289,239891,240612,241618,242376,251124,266191,268025,268145,277337,290444,290542
134059,144188,146073,151564,152551,179429,179591,184140,195295,222473,231343,256525
125884,133327,148884,153024,163846,172584,182443,229888,239891,241618,251124,268025,268145,270247
118835,119807,127739,129826,129830,134552,143055,146989,152492,194151,197391,204014,235431,265211
119620,128969,141022,145620,148569,161727,162608,167678,168128,172076,180320,187083,191865,200024,216985,220466,241512,252955
119483,119807,127739,129826,129830,134552,143055,143862,173992,185261,197391,204014,207756,214819,220047,235431,241440,265211,270504,290920
121287,127622,129249,135799,153665,185182,185612,188858,193310,199972,206209,208725,220804,233370,238103,245130,247619,264703,270356
124277,133327,141178,148884,153024,172584,177944,178036,181734,239648,249766,251124,279545,290444
119465,122384,124277,133327,146609,148884,153024,153211,160863,165282,168028,168477,172584,209067,230070,257131,260272
119465,124277,141178,146609,148884,153024,153211,160863,165282,168028,172584,177944,181734,206737,209067,225964,230070,239648,240213,249766,257131,260272,273481,274371,279545
119483,119807,129826,129830,134552,143055,143862,146989,173992,197391,204014,214819,235431,235562,241440,265211,290920
128467,156704,168530,168942,181718,186577,195259,195366,210408,225977,227803,232365,239577,255147,281342
118639,131986,158103,160832,164965,177122,185685,188975,220419,225862,239746,250452
122651,135337,145890,146749,167436,174798,175370,181405,181444,202275,210229,213639,218409,242052,244938,271160
122651,145890,146749,167436,173464,174798,175370,181444,202275,210229,213639,244938
124146,141767,149359,151389,152322,157900,164955,187494,190176,191168,215888,219900,234222,251168,264723
123983,131560,133271,147319,161794,166144,170879,177636,187399,188731,197427,200712,221557,227129,230985,235063,238252,238955,246174,258430,266003
122651,146749,167436,174798,175370,181444,199035,202275,210229,213639,242052,244938,256026,271160
119465,122384,125884,153024,160582,163846,165282,168028,168477,172584,182443,199384,209067,212995,229888,241618,255319,268025,270247
119465,122384,124277,146609,153024,153211,160863,165282,168028,168477,206737,209067,225964,230070,257131,260272,273481
119465,124277,141178,146609,149064,152244,153024,153211,160863,165282,172584,177944,178036,181734,206737,209067,225964,230070,239648,240213,245843,249766,257131,260272,273481,274371,279545
119465,122384,146609,148884,153024,160863,165282,168028,168477,172584,209067,230070,257131,260272
119465,124277,141178,146609,153024,153211,160863,165282,168028,168477,172584,177944,206737,209067,225964,230070,239648,240213,249766,257131,260272,273481,274371,279545
124593,130633,179088,197538,210322,216164,219229,242179,242699,251872,255457,265097,271076,285604
120200,122909,137419,137489,150897,162999,170405,188918,190185,218097,251455,275589
124363,173994,193663,196002,196999,197462,204019,210037,217623,254922,274673,276171
152200,165982,170621,181476,185993,193310,209170,223450,247619,265022,270356,286273
121287,127622,129249,135799,153665,185182,185612,185993,193310,199972,206209,208725,220804,223450,238103,245130,247619,264703,265022,270356
118835,119807,127739,134552,145805,152492,183911,185261,194151,198471,204014,207756,228850
122308,158365,183850,187836,189164,190065,205600,219088,233859,268218,271685,272787
131344,142493,143386,146423,158967,172564,172890,176116,190374,193573,194387,200415,229619,234789,243461
124277,146609,153211,160863,165282,168028,168477,206737,209067,225964,230070,240213,245203,251013,257131,260272,271368,273481
124593,160216,173637,179088,197538,216164,219229,242179,242699,251872,255457,265097,271076,285604,292575
170621,185993,193310,208725,219121,220804,223450,238103,245130,247619,264703,265022,270356
125884,133327,148884,153024,163846,172584,182443,199384,229888,239891,241618,255319,268025,268145,270247
119465,124277,133327,141178,146609,148884,153024,153211,160863,165282,172584,177944,178036,181734,206737,225964,230070,239648,249766,251124,257131,260272,274371,279545
119465,124277,133327,141178,146609,148884,149064,152244,153024,153211,160863,172584,177944,178036,181734,206737,225964,230070,239648,240213,245843,249766,251124,257131,260272,273481,274371,279545
125884,148884,153024,160047,163846,172584,176457,182443,226260,226796,228180,228588,229888,239891,240612,241618,242376,266191,268025,268145,270247
160047,173635,215956,226260,226796,228180,228588,231289,242376,254879,266191,277337,277868,283044,290542
130335,131715,133271,147319,170879,177636,187399,188731,197427,200712,202587,238252,246174,258430,266003
133327,160047,173635,176457,215956,226260,226796,228180,228588,231289,239891,240612,241618,242376,254879,266191,268025,268145,277337,290444,290542
118835,119807,127739,133391,134552,143055,146989,152492,185261,194151,204014,235431,265211
126779,155781,158786,163217,164270,171270,172315,191539,191591,200231,204369,223032,252246,260794,263398
125876,130590,131888,134075,149654,171155,187550,189253,198218,207702,214423,223387,231345,233770,253528,254631
153310,155109,162855,165772,167403,168990,171883,174474,180040,182424,192018,196040,199349,204524,215063,220467,223712,225164,228887,231472,241330,247623
122149,130497,132181,132425,136557,137139,146857,159381,163456,193421,194525,194605,205201,242387,255027,260884,266854,286711
153310,165772,167403,174474,180040,182424,192018,196040,199349,204524,205912,220467,225164,228887,231472,241330,247623
119237,127875,152231,164762,170971,178889,231155,236609,247462,254511,269028,272099
124722,126760,136049,148075,153249,193416,194062,208764,226207,234232,236113,237608
133327,141178,148884,149064,152244,153024,164351,172584,177944,178036,181734,239648,245843,249766,249770,251124,277868,279545,290444
124713,132898,136630,150550,159771,161712,173653,176518,177912,189591,211240,252430,282859,290109
119465,124277,141178,146609,153211,160863,165282,168028,177944,181734,206737,225964,230070,239648,240213,245203,245843,251013,257131,260272,271368,273481,274371
125472,127875,133509,139386,146881,152078,152231,164762,165280,176527,220858,236609,247462,254511
129826,143055,143862,146989,197391,204014,214819,220047,235431,235562,241440,265211,290920
129249,153665,185182,188858,193310,206209,208725,220804,223450,238103,245130,247619,264703,270356
134059,144188,146073,151564,152551,160592,179591,184140,195295,222473,231343,256525
127515,179484,186036,191784,196080,201920,212459,218188,232035,261604,262069,276603,289578
124593,130633,160216,179088,197538,210322,216164,219229,242179,242699,251872,255457,265097,271076
118424,128713,129255,137301,141765,148910,162522,167103,172698,178975,183539,205841,209511,257265,282683
128969,148569,168128,174571,180320,191865,197417,216985,241512,252955,281402,289282
130839,149295,165263,193241,214283,220938,222307,227387,264077,267802,290124,292135
125884,160047,163846,173635,176457,182443,215956,226260,226796,228180,228588,229888,231289,239891,240612,241618,242376,254879,266191,268025,268145,270247,277337,290542
131344,142493,143386,146423,158967,172564,172890,173634,176116,190374,193573,194387,200415,229619,234789,243461
121330,122213,127324,128846,141729,151684,163759,172999,175636,191294,200831,203793,247610,283457
122308,137519,149141,154210,158365,185216,189164,190065,205600,219088,233859,255563,268218,271685
123983,131560,133271,147319,161794,166144,170879,177636,187399,188731,197427,200712,202587,221557,230985,235063,238252,238955,246174,258430,266003
124146,141767,149359,151389,152322,157900,164955,190176,191168,215888,219900,251168
130335,131560,131715,133271,170879,177636,187399,197427,200712,202587,238252,246174,258430,266003
119483,129826,129830,143055,143862,146989,173992,197391,204014,214819,220047,235431,235562,241440,265211,270504,290920
124277,141178,148884,149064,152244,153024,153211,160863,164351,172584,177944,178036,181734,206737,225964,239648,240213,245843,249766,251124,260272,273481,274371,279545
119620,128969,141022,148569,168128,172076,180320,191865,197417,200024,216985,241512,252955,289282
124277,141178,146609,149064,152244,153211,160863,164351,177944,178036,181734,206737,225964,230070,239648,240213,245843,249766,260272,273481,274371,279545
122417,142414,146158,169474,179329,213006,213864,227342,274866,279595,282137,284136
119465,122384,124277,141178,146609,153211,160863,165282,168028,168477,177944,206737,209067,225964,230070,239648,240213,245203,249766,257131,260272,273481,274371,279545
153310,155109,162855,165772,167403,168990,171883,174474,180040,192018,196040,199349,204524,215063,223712,225164,228887,231472,241330,283951,286770,293921
133327,148884,160047,172584,173635,176457,215956,226260,226796,228180,228588,231289,239891,240612,242376,251124,266191,268025,277337,277868,283044,290444,290542
119465,124277,141178,146609,149064,152244,153024,153211,160863,165282,168028,177944,178036,181734,206737,209067,225964,230070,239648,240213,245843,249766,257131,260272,273481,274371,279545
119465,124277,141178,146609,148884,149064,152244,153024,153211,160863,165282,172584,177944,178036,181734,206737,209067,225964,230070,239648,240213,245843,249766,257131,260272,273481,274371,279545
122651,135337,145890,146749,167436,173464,174798,175370,181405,181444,202275,210229,213639,218409,242052,244938
119465,124277,133327,141178,146609,148884,153024,153211,160863,165282,172584,177944,178036,181734,206737,209067,225964,230070,239648,240213,245843,249766,257131,260272,273481,274371,279545
119465,122384,125884,148884,153024,160582,163846,165282,172584,182443,199384,209067,212995,229888,241618,255319,268025,268145,270247
118835,119807,127739,133391,134552,143055,145805,146989,152492,183911,185261,194151,204014,235431,265211
126632,150287,168595,198918,233030,234741,236337,236354,247300,250072,253583,256509,256572,258492,259178,274818
122149,130497,131449,132181,132425,136557,137139,146857,193421,194525,194605,205201,242387,252574,255027,286711
119620,128969,141022,143803,145620,148569,161727,167678,168128,172076,180320,187083,191865,197417,200024,216985,220466,241512,252955
119465,122384,133327,146609,148884,153024,160863,165282,168028,168477,172584,209067,230070,260272
138234,144265,155867,165414,176078,177208,182350,182782,194670,195296,212265,212887,219364,225045,230371,238728,249758,253338,257023
160047,163846,173635,176457,215956,226260,226796,228180,228588,231289,239891,240612,241618,242376,254879,266191,268025,268145,277337,290444,290542
119620,128969,141022,145620,148569,150837,161727,162608,167678,168128,172076,180320,187083,191865,200024,220466,241512,252955
122149,132181,132425,136557,137139,159381,162597,163456,193421,194525,194605,242387,255027,260884,266854,286711
119952,130839,136343,140689,149295,165263,193241,214283,220938,222307,227387,231690,264077,267034,267529,267802
124277,133327,141178,148884,149064,152244,153024,164351,172584,177944,178036,181734,239648,245843,249766,249770,251124,274371,279545,290444
133271,161794,177636,187399,188731,197427,200712,202587,221557,235063,246174,258430
122799,127924,139489,143406,168921,177951,180294,206263,231597,234636,235875,241783
136111,139410,140675,141473,147088,153383,155807,180220,183424,203789,232414,237835,258989
141473,151433,165296,168596,173230,183683,189124,192271,232414,237835,255632,258989,280533
119483,119807,127739,129826,129830,134552,143055,145805,146989,152492,173992,183911,185261,194151,197391,198471,204014,207756,235431,265211,270504,290920
119483,119807,127739,129826,129830,134552,143055,146989,152492,173992,183911,185261,194151,197391,204014,207756,235431,241440,265211,270504,290920
130335,131560,131715,133271,177636,187399,197427,200712,202587,227129,230985,238252,238955,246174,258430,266003
173635,215956,226260,226796,228588,231289,242376,254879,266191,277337,283044,283478,285545
119483,127739,129826,129830,143055,143862,145805,173992,183911,185261,207756,214819,220047,235431,265211,270504,290920
153310,155109,162855,165772,167403,168990,171883,174474,180040,182424,192018,196040,199349,204524,205912,215063,220467,223712,225164,228887,231472,241330,247623,286770
124277,141178,146609,149064,152244,153211,160863,177944,178036,181734,206737,225964,230070,239648,240213,245203,245843,249766,257131,260272,271368,273481,274371,279545
119483,119807,127739,129826,129830,134552,143055,145805,146989,152492,173992,183911,185261,194151,197391,204014,235431,265211,270504
125884,148884,153024,160582,163846,172584,182443,199384,212995,229888,239891,241618,255319,268025,268145,270247
130335,131560,131715,133271,170879,177636,187399,197427,200712,202587,227129,230985,238252,238955,246174,258430,266003
153310,155109,162855,165772,167403,168990,174474,180040,192018,196040,199349,204524,220467,223712,225164,228887,231472,241330,247623
133327,141178,148884,152244,153024,164351,172584,177944,178036,181734,239648,249766,249770,251124,277868,279545,290444
119465,124277,133327,141178,146609,148884,153024,153211,160863,165282,168028,168477,172584,177944,209067,225964,230070,239648,249766,257131,260272,279545
155109,162855,165772,167403,168990,171883,174474,182424,192018,196040,199349,204524,215063,223712,225164,231472,241330,283951,286770,293921
173635,215956,226260,226796,228180,228588,231289,242376,254879,266191,277337,283044,283478,290542
119483,119807,127739,129826,129830,143055,143862,145805,173992,183911,185261,197391,198471,207756,214819,220047,235431,241440,265211,270504,290920
119483,127739,129826,129830,143055,145805,173992,183911,185261,198471,207756,235431,265211,270504
131344,143386,146423,158967,172564,172890,173634,176116,190374,193573,194387,200415,229619,234789,243461
130640,184112,208108,212443,216628,244044,249681,254230,254762,260055,272288,283787
125501,137919,145200,151591,152896,166983,179016,190512,195079,200947,248302,291582
124713,132898,136630,150550,159771,161712,173653,176518,177912,189591,211240,252430,273290
155109,162855,168990,171883,174474,180040,182424,192018,196040,199349,204524,205912,215063,220467,223712,283951,286770
135829,150706,160112,166020,167565,168720,168795,172147,188984,209453,217591,219050,256115,271364
122651,146749,167436,173464,175370,181444,199035,202275,210229,213639,242052,244938,256026,271160
119465,124277,141178,146609,149064,153024,153211,160863,165282,168028,168477,177944,178036,181734,206737,209067,225964,230070,239648,240213,245843,249766,257131,260272,273481,274371,279545
119620,128969,141022,143803,145620,148569,167678,168128,172076,180320,187083,191865,197417,200024,216985,220466,241512,252955
124277,133327,141178,146609,148884,149064,152244,153024,153211,160863,172584,177944,178036,181734,206737,230070,239648,245843,249766,251124,260272,274371,279545
136111,139410,140262,140675,147088,153383,155807,156994,163583,165053,180220,187765,193147,209009,217363,293619
119465,124277,141178,146609,149064,152244,153211,160863,165282,168028,168477,177944,178036,181734,206737,209067,225964,230070,239648,240213,245203,245843,249766,257131,260272,273481,274371,279545
152200,165982,170621,181476,185993,193310,208725,209170,219121,220804,223450,238103,247619,265022,270356,286273
124277,141178,149064,152244,164351,177944,178036,181734,239648,245843,249766,249770,251124,260942,274371,279545,290444
118835,119483,119807,127739,129826,129830,134552,143055,146989,152492,173992,183911,185261,194151,204014,235431,265211
134490,148268,151289,159882,161276,162716,186349,204817,212251,228330,237403,251256,256126
117592,159299,160448,166836,169765,178446,189907,206366,209527,218705,225167,239477,241458,290505
119465,124277,141178,146609,148884,153024,153211,160863,165282,168028,168477,172584,177944,206737,209067,225964,230070,239648,240213,249766,257131,260272,273481,274371,279545
122086,122413,142771,151994,153200,153573,156431,161734,170473,214594,247472,292584
160047,173635,176457,215956,226260,226796,228180,228588,231289,239891,240612,242376,254879,266191,277337,283478,285545
124277,141178,149064,152244,153024,153211,160863,164351,172584,177944,178036,181734,206737,225964,230070,239648,240213,245843,249766,251124,260272,273481,274371,279545
119620,128969,141022,143803,145620,148569,150837,161727,167678,180320,187083,200024,220466
119465,124277,141178,146609,149064,153024,153211,160863,165282,168028,172584,177944,178036,181734,206737,209067,225964,230070,239648,240213,245843,249766,257131,260272,273481,274371,279545
122149,130497,132181,132425,136557,137139,146857,159381,162597,163456,193421,194525,194605,205201,242387,255027,260884,266854,286711
160047,173635,176457,215956,226260,226796,228180,228588,231289,240612,242376,254879,266191,277337,283044,283478,285545,290542
133327,148884,160047,172584,215956,226796,228588,251124,277337,277868,290444,290542
118835,119483,119807,127739,129826,129830,134552,143055,145805,146989,152492,173992,183911,185261,194151,198471,204014,207756,235431,265211
153310,155109,162855,165772,167403,168990,171883,174474,180040,182424,192018,196040,199349,204524,205912,215063,220467,223712,225164,228887,231472,241330,247623,283951,286770
124277,141178,146609,149064,152244,153211,160863,177944,178036,181734,206737,225964,239648,240213,245843,249766,260272,271368,273481,274371,279545
160047,173635,176457,215956,226260,226796,228180,228588,231289,239891,240612,242376,254879,266191,277337,277868,283044,290444,290542
125884,133327,148884,153024,160047,163846,172584,173635,176457,182443,215956,226260,226796,228180,228588,231289,239891,240612,241618,242376,251124,266191,268025,268145,277337,290444,290542
122799,127924,143406,166134,168921,177951,180294,206263,231597,234636,235875,241783
119465,124277,133327,141178,146609,148884,153024,153211,160863,165282,172584,177944,209067,230070,239648,249766,251124,257131,260272,279545
153310,162855,168990,174474,180040,182424,192018,196040,199349,204524,205912,215063,220467,223712,241330,247623,283951
155109,162855,168990,171883,174474,182424,192018,196040,199349,204524,205912,215063,223712,231472,241330,283951,286770
119620,128969,141022,143803,148569,168128,180320,191865,197417,201079,216985,241512,252955
119807,129826,129830,134552,143055,146989,152492,194151,197391,204014,235431,235562,241440,265211,290920
133327,148884,153024,160047,172584,173635,176457,215956,226260,226796,228180,228588,231289,239891,240612,241618,242376,251124,266191,268025,277337,277868,290444,290542
122651,146749,167436,173464,174798,175370,181444,199035,202275,210229,213639,242052,244938,271160
119465,124277,141178,146609,153024,153211,160863,165282,168028,168477,172584,177944,181734,206737,209067,225964,230070,239648,240213,249766,257131,260272,273481,274371,279545
125501,137919,145200,151591,152896,166983,179016,186803,190512,195079,200947,248302,291582
130335,131560,131715,133271,170879,177636,187399,188731,197427,200712,202587,230985,238252,246174,258430,266003
121330,122213,127324,128846,163759,172999,191294,200831,203793,211596,247610,283457
123054,127730,129767,149660,155927,157477,165812,168797,175066,185897,188863,211583,231144,236490
119483,119807,127739,129826,129830,134552,143055,143862,146989,152492,173992,185261,197391,204014,207756,214819,235431,241440,265211,270504,290920
119465,122384,146609,160863,165282,168028,168477,209067,230070,255319,257131,260272
124277,141178,146609,153211,160863,165282,168028,177944,181734,206737,225964,230070,239648,240213,245203,245843,249766,251013,257131,260272,271368,273481,274371
155781,158786,171270,172315,191539,191591,200231,204369,223032,252246,260794,290128
126632,198918,222154,233030,236337,236354,247300,250072,253583,256572,258492,259178,274818
141565,143586,180050,208774,228149,235219,235648,253697,256138,256974,262851,273517
124277,133327,141178,146609,148884,149064,152244,153024,153211,160863,172584,177944,178036,181734,230070,239648,245843,249766,251124,260272,274371,279545
119465,124277,133327,141178,146609,148884,153024,153211,160863,165282,172584,177944,181734,206737,209067,225964,230070,239648,249766,251124,257131,260272,274371,279545
119465,124277,133327,141178,146609,148884,149064,152244,153024,153211,160863,172584,177944,178036,181734,206737,225964,230070,239648,245843,249766,251124,260272,274371,279545
123983,131560,147319,161794,166144,170879,187399,188731,221557,227129,230985,235063,238252,238955,266003
118835,119807,129830,134552,143055,146989,152492,194151,197391,204014,235431,265211
133327,152244,164351,178036,181734,239648,249766,249770,251124,260942,277868,279545,290444
119465,122384,125884,133327,148884,153024,163846,172584,182443,229888,241618,255319,268025,268145,270247
122799,127924,139489,143406,166134,168921,177951,180294,206263,231597,234636,235875,241783
118424,128713,129255,141765,148910,162522,178975,183539,192508,205841,257265,282683
118835,119807,127739,129826,129830,133391,134552,143055,145805,146989,152492,183911,185261,194151,198471,204014,207756,235431,265211
122149,130497,132181,132425,136557,137139,146857,162597,193421,194525,194605,205201,242387,255027,286711
119483,119807,127739,129826,129830,134552,143055,143862,145805,173992,183911,185261,198471,204014,207756,214819,235431,265211,270504
119620,128969,141022,143803,145620,148569,150837,161727,167678,168128,172076,180320,187083,191865,197417,200024,216985,220466,241512,252955
123983,131560,133271,147319,161794,166144,170879,187399,188731,197427,200712,221557,227129,230985,235063,238252,238955,246174,258430,266003
125701,153687,159306,159754,183866,186672,188598,203632,206550,216247,216982,222612,242172,271205,288360,290577
173635,176457,215956,226260,226796,228180,231289,239891,240612,242376,266191,283478
134490,148268,151289,159882,161276,162716,186349,204817,212251,228330,237403,251256
118835,119807,134552,143055,146989,152492,194151,197391,204014,235431,235562,265211
119465,122384,146609,153211,160863,165282,168028,168477,209067,225964,230070,245203,251013,257131,260272
124277,141178,146609,149064,152244,153211,160863,177944,178036,181734,206737,225964,230070,239648,240213,245203,245843,249766,257131,260272,271368,273481,274371
124277,133327,141178,146609,148884,149064,152244,153024,153211,160863,172584,177944,178036,181734,206737,225964,230070,239648,240213,245843,249766,251124,260272,273481,274371,279545
121425,129740,137835,155163,159992,177230,178076,221228,222169,238303,255775,276960
160047,173635,176457,215956,226260,226796,228180,228588,231289,240612,242376,254879,266191,277337,277868,283044,290542
125701,153687,159754,183866,186672,188598,203632,206550,216247,216982,222612,242172,271205,271622,283592,288360,290577
130655,145160,177248,183634,184674,188447,195319,203536,203844,223448,226420,239080,242742,249603,256413,257996,261745
125884,133327,148884,153024,163846,172584,182443,229888,239891,241618,251124,268025,268145,270247,290444
119465,122384,133327,148884,153024,160863,165282,168028,168477,172584,209067,230070
119465,124277,133327,141178,146609,148884,149064,153024,153211,160863,165282,172584,177944,178036,181734,206737,225964,230070,239648,240213,245843,249766,251124,257131,260272,273481,274371,279545
119237,127875,152078,152231,164762,170971,178889,231155,236609,247462,254511,269028
119465,122384,125884,133327,148884,153024,163846,172584,182443,199384,209067,229888,241618,255319,268025,268145,270247
130335,131715,133271,147319,170879,177636,187399,188731,197427,200712,202587,221557,238252,246174,258430
132181,132425,136557,137139,159381,162597,163456,193421,194525,242387,255027,260884,266854,286711
124277,141178,149064,152244,177944,178036,181734,206737,239648,240213,245843,249766,274371
153310,155109,162855,165772,167403,168990,171883,174474,180040,182424,192018,196040,199349,204524,205912,215063,220467,223712,225164,231472,241330,247623,283951,286770
124277,141178,149064,152244,164351,177944,178036,181734,239648,245843,249766,249770,251124,260942,274371,279545
119465,124277,133327,141178,146609,148884,153024,153211,160863,165282,168028,172584,209067,230070,239648,257131,260272,279545
119465,122384,125884,153024,163846,165282,168028,168477,172584,199384,209067,255319
119483,119807,127739,129826,129830,134552,143055,146989,152492,173992,185261,194151,197391,204014,235431,265211
125304,134059,144188,146073,151564,152551,179429,179591,184140,195295,222473,231343,256525
133327,148884,153024,160047,172584,215956,226796,228180,228588,231289,251124,266191,277337,277868,290444,290542
118835,119807,127739,133391,134552,143055,145805,146989,152492,183911,185261,194151,198471,204014,235431,265211
125884,160047,163846,173635,176457,182443,215956,226260,226796,228180,228588,231289,239891,240612,241618,242376,254879,266191,268025,268145,277337,290542
122149,131449,132181,132425,136557,137139,162597,193421,194525,194605,205201,242387,255027,286711
119465,122384,124277,141178,146609,153024,153211,160863,165282,168028,168477,172584,206737,209067,225964,230070,239648,257131,260272,273481
123983,131560,133271,147319,161794,166144,170879,188731,221557,227129,230985,235063,238252,238955,266003
127515,179484,186036,191784,196080,201920,212459,218188,232035,261604,262069,276603
125884,133327,148884,153024,160047,163846,172584,176457,182443,226260,228180,229888,239891,240612,241618,251124,266191,268025,268145,270247,290542
125304,134059,144188,151564,152551,163224,179591,184140,195295,212667,222473,230564,231343,256525
119465,122384,124277,141178,146609,153024,153211,160863,165282,168028,168477,172584,177944,206737,209067,225964,230070,239648,240213,249766,257131,260272,273481,279545
125472,127875,133509,139386,146881,151956,152078,152231,164762,165280,176527,178742,199858,220858,236609,247462,254511
122384,125884,160582,163846,182443,199384,212995,229888,241618,255319,268025,268145,270247
122651,146749,167436,173464,181444,199035,202275,210229,213639,242052,244938,256026,271160
137656,152336,154895,193021,197392,209995,212489,214151,214831,217140,221266,222432
118835,119483,119807,127739,129826,129830,134552,143055,145805,146989,152492,173992,183911,185261,194151,198471,204014,207756,235431,265211,270504
123983,131560,131715,133271,147319,161794,166144,170879,177636,187399,188731,197427,200712,202587,221557,227129,230985,238252,238955,246174,258430,266003
125884,153024,160047,163846,172584,176457,182443,228180,229888,239891,241618,268025,268145,270247
119465,124277,133327,141178,148884,153024,160863,172584,177944,230070,239648,249766,251124,279545
133327,148884,160047,172584,173635,176457,215956,226260,226796,228180,228588,231289,239891,240612,241618,242376,251124,266191,268025,277337,277868,283044,290444,290542
155109,162855,165772,167403,168990,171883,174474,182424,192018,196040,199349,204524,205912,215063,223712,225164,231472,241330,283951,286770
119483,119807,127739,129826,129830,134552,143055,143862,145805,173992,183911,185261,197391,198471,204014,207756,214819,220047,235431,241440,265211,270504,290920
119483,119807,129826,129830,134552,143055,146989,152492,173992,194151,197391,204014,235431,235562,241440,265211,270504,290920
121287,127622,129249,135799,153665,185182,185612,193310,199972,206209,208725,220804,233370,238103,245130,247619,264703,270356
119465,122384,124277,133327,146609,148884,153024,160863,165282,168028,168477,172584,209067,230070,260272
155109,162855,165772,168990,171883,192018,196040,204524,223712,225164,231472,241330,286770,293921
130655,145160,177248,183634,184674,188447,195319,203536,203844,223448,238102,239080,242742,249603,256413,257996,261745
119465,122384,146609,153024,160863,165282,168028,168477,172584,209067,230070,257131,260272
133327,148884,153024,164351,172584,249766,249770,251124,260942,277868,279545,290444
126779,127445,155781,158786,163217,164270,171270,172315,191539,191591,200231,204369,223032,252246,260794,263398,290128
155109,162855,168990,171883,174474,182424,192018,196040,199349,204524,205912,215063,223712,241330,283951,286770
125884,133327,148884,153024,160047,163846,172584,182443,228180,229888,239891,241618,251124,268025,268145,270247,290444,290542
127445,155781,158786,163217,171270,191539,191591,200231,204369,223032,252246,260794,263398,290128
118424,128713,129255,141765,148910,162522,167103,178975,183539,205841,257265,282683
160047,173635,176457,215956,226260,226796,228180,228588,231289,239891,240612,241618,242376,254879,266191,268025,268145,277337,283044,290444,290542
153310,155109,162855,165772,167403,168990,174474,180040,182424,192018,196040,199349,204524,220467,223712,225164,228887,231472,241330,247623
124277,133327,141178,148884,149064,152244,153024,153211,160863,164351,172584,177944,178036,181734,206737,239648,240213,245843,249766,251124,273481,274371,279545
122308,137519,149141,154210,158365,185216,187836,189164,190065,205600,219088,233859,255563,268218,271685
125884,133327,148884,153024,160047,163846,172584,173635,176457,215956,226260,226796,228180,228588,231289,239891,240612,241618,242376,251124,266191,268025,268145,277868,290444,290542
118835,119807,127739,133391,134552,143055,145805,146989,152492,183911,185261,194151,198471,204014,207756,235431,265211
117592,159299,166836,169765,178446,189907,206366,209527,218705,225167,239477,290505
128467,156704,163429,168530,168942,181718,186577,195366,210408,225977,227803,232365,255147,281342
119620,128969,141022,143803,145620,148569,150837,161727,167678,168128,172076,180320,187083,191865,197417,200024,220466,252955
133271,147319,161794,170879,177636,187399,188731,197427,200712,202587,221557,235063,246174,258430
128969,148569,168128,172076,174571,180320,191865,197417,216985,241512,252955,281402,289282
128969,148569,167678,168128,172076,180320,187083,191865,197417,200024,216985,220466,241512,252955,289282
128209,128399,135153,138441,148009,153832,156294,159059,163342,167090,173312,188321,192332,199958
155109,165772,167403,168990,196040,204524,223712,225164,228887,231472,241330,293921
119483,119807,129826,129830,143055,143862,146989,173992,197391,204014,214819,220047,235431,235562,241440,265211,290920
118835,119807,127739,129830,133391,134552,143055,145805,146989,152492,183911,185261,194151,198471,204014,207756,235431,265211
149064,152244,164351,177944,178036,181734,239648,245843,249766,249770,251124,260942,277868,279545,290444
119483,129826,129830,143055,143862,173992,197391,214819,220047,235431,235562,241440,265211,270504,290920
125701,153687,159306,159754,183866,186672,188598,206550,216247,216982,222612,242172,271205,271622,288360
118445,177913,186534,191371,201968,206338,234204,238258,254999,260415,269349,273755
124277,141178,146609,149064,152244,153024,153211,160863,164351,177944,178036,181734,206737,225964,230070,239648,240213,245843,249766,251124,260272,273481,274371,279545
119465,122384,146609,153024,153211,160863,165282,168028,168477,209067,230070,257131,260272
141767,149359,151389,152322,157900,164955,190176,191168,215888,219900,234222,251168,264723
119483,119807,127739,129826,129830,134552,143055,145805,146989,152492,173992,183911,185261,197391,198471,204014,207756,235431,241440,265211,270504,290920
123010,125277,149705,159898,160161,165231,171163,174354,208858,215894,216383,230379
130335,131560,131715,177636,187399,197427,200712,202587,227129,230985,238252,238955,246174,258430,266003
153310,162855,168990,171883,174474,180040,182424,192018,199349,205912,215063,220467,247623,283951,286770
133327,148884,164351,178036,239648,249766,249770,251124,260942,277868,279545,290444
138234,144265,155867,165414,176078,177208,182350,182782,194670,195296,212887,219364,225045,230371,238728,249758,253338,257023
124277,141178,146609,149064,153211,160863,165282,177944,181734,206737,225964,230070,239648,240213,245203,245843,249766,251013,257131,260272,271368,273481,274371
122799,127924,143406,166134,168921,177951,180294,206263,231597,234636,235875,241783,267861
130655,145160,175039,177248,183634,184674,188447,195319,203536,203844,223448,238102,239080,256413,257996,261745
124277,141178,146609,153211,160863,177944,206737,225964,230070,239648,240213,245203,245843,251013,257131,260272,271368,273481,274371
124277,141178,149064,152244,164351,177944,178036,181734,206737,239648,240213,245843,249766,249770,260942,273481,274371,279545
119465,122384,125884,133327,148884,153024,163846,172584,182443,199384,229888,241618,255319,268025,268145,270247
128969,141022,148569,168128,180320,191865,197417,216985,241512,252955,281402,289282
119465,122384,125884,148884,153024,160582,163846,165282,168477,172584,182443,199384,209067,212995,229888,241618,255319,268025,270247
119483,119807,127739,129826,129830,134552,143055,145805,146989,152492,173992,183911,185261,194151,198471,204014,207756,235431,265211,270504
124593,160216,173637,179088,197538,210322,216164,219229,242179,242699,251872,255457,265097,271076,285604
119807,127739,129830,134552,143055,145805,183911,185261,194151,198471,204014,207756,235431,265211
119465,124277,141178,146609,149064,152244,153211,160863,165282,177944,178036,181734,206737,225964,230070,239648,240213,245203,245843,249766,257131,260272,273481,274371,279545
134028,134912,137494,159624,199163,214980,224492,228931,232773,242096,252052,254539
119465,124277,133327,141178,146609,148884,153024,153211,160863,165282,172584,177944,181734,206737,209067,225964,230070,239648,240213,249766,257131,260272,273481,274371,279545
129249,153665,170621,185182,185993,193310,199972,206209,208725,219121,220804,223450,238103,245130,247619,264703,265022,270356
124277,141178,149064,152244,153024,153211,160863,164351,177944,178036,181734,206737,225964,239648,240213,245843,249766,251124,273481,274371,279545
133327,160047,173635,176457,215956,226260,226796,228180,228588,231289,239891,240612,241618,242376,254879,266191,268025,277337,277868,283044,290444,290542
137656,152336,154895,186933,193021,197392,209995,212489,214151,214831,217140,218462,221266,222432
119465,122384,146609,153024,153211,160863,165282,168028,168477,172584,209067,230070,257131,260272
125884,160047,163846,173635,176457,182443,215956,226260,226796,228180,228588,229888,231289,239891,240612,241618,242376,266191,268025,268145,270247
119465,122384,125884,133327,148884,153024,163846,165282,172584,209067,241618,251124,268025
124713,132898,136630,150550,159771,173653,176518,177912,189591,211240,242987,252430,282859
119483,119807,129826,129830,134552,143055,143862,146989,173992,197391,204014,214819,235431,235562,241440,265211,270504,290920
124277,133327,141178,148884,149064,152244,153024,164351,172584,177944,178036,181734,239648,245843,249766,251124,274371,279545,290444
125701,153687,159754,183866,186672,188598,206550,216247,216982,222612,242172,271205,271622,283592
125884,133327,148884,153024,160047,163846,172584,176457,182443,226260,228180,229888,239891,240612,241618,266191,268025,268145,270247
125884,160047,163846,176457,182443,226260,228180,229888,239891,240612,241618,266191,268025,268145,270247
119465,122384,146609,148884,153024,160863,165282,168028,168477,172584,209067,230070,260272
119483,129826,129830,143055,143862,173992,197391,207756,214819,220047,235431,241440,265211,270504,290920
128969,148569,168128,172076,174571,180320,197417,200024,216985,241512,252955,289282
133327,160047,173635,176457,215956,226260,226796,228180,228588,231289,240612,242376,251124,266191,277337,277868,283044,290444,290542
121287,129249,135799,153665,170621,185182,185612,185993,193310,199972,206209,208725,220804,223450,238103,245130,247619,264703,265022,270356
133327,141178,148884,149064,152244,153024,164351,172584,177944,178036,181734,239648,245843,249766,249770,251124,260942,277868,279545,290444
133327,148884,160047,172584,173635,176457,215956,226260,226796,228180,228588,231289,240612,242376,251124,266191,277337,277868,283044,290444,290542
153310,155109,162855,165772,167403,168990,171883,174474,180040,192018,196040,199349,204524,215063,223712,225164,228887,231472,241330,286770,293921
125304,134059,144188,151564,152551,179429,179591,184140,195295,212667,222473,230564,231343,256525
153310,162855,168990,171883,174474,180040,182424,192018,199349,204524,205912,215063,220467,247623,283951,286770
125884,160582,163846,182443,199384,212995,229888,239891,241618,255319,268025,268145,270247
133327,148884,153024,160047,172584,173635,176457,215956,226260,226796,228180,228588,231289,240612,251124,266191,268025,277337,277868,290444,290542
129249,135799,153665,170621,185182,185612,185993,193310,199972,206209,208725,220804,223450,238103,245130,247619,264703,265022,270356
153665,185182,188858,193310,208725,220804,223450,238103,245130,247619,265022,270356
124277,141178,146609,149064,153211,160863,165282,168028,177944,178036,181734,206737,225964,230070,239648,240213,245203,245843,249766,251013,257131,260272,271368,273481,274371
125884,133327,148884,160047,163846,172584,173635,176457,182443,215956,226260,226796,228180,228588,229888,231289,239891,240612,241618,242376,266191,268025,268145,270247,290542
130335,131560,131715,133271,147319,166144,170879,177636,187399,188731,197427,200712,202587,227129,230985,238252,238955,246174,258430,266003
