0.935396825396825
0.933968253968254
0.934920634920635
0.933650793650794
0.931746031746032
0.932063492063492
0.932698412698413
0.933809523809524
0.932063492063492
0.93031746031746
0.929206349206349
0.929047619047619
0.929206349206349
0.927936507936508
0.927301587301587
0.925873015873016
0.928095238095238
0.928095238095238
0.927619047619048
0.926666666666667
0.923650793650794
0.922857142857143
0.923174603174603
0.924761904761905
0.923492063492063
0.921428571428571
0.921269841269841
0.923968253968254
0.918730158730159
0.922539682539683
0.924126984126984
0.922539682539683
0.921428571428571
0.914444444444444
0.918571428571429
0.924761904761905
0.917460317460317
0.920793650793651
0.92015873015873
0.921428571428571
0.916666666666667
0.916984126984127
0.922380952380952
0.916666666666667
0.917301587301587
0.911269841269841
0.917936507936508
0.917142857142857
0.916031746031746
0.915714285714286
0.913492063492063
0.915873015873016
0.913015873015873
0.91047619047619
0.910952380952381
0.913968253968254
0.913809523809524
0.908095238095238
0.911111111111111
0.911428571428571
0.907936507936508
0.912063492063492
0.906825396825397
0.913333333333333
0.907460317460317
0.906666666666667
0.910634920634921
0.910793650793651
0.906190476190476
0.904603174603175
0.901269841269841
0.896984126984127
0.89984126984127
0.899365079365079
0.897936507936508
0.900952380952381
0.897936507936508
0.896190476190476
0.896349206349206
0.899206349206349
0.894126984126984
0.891269841269841
0.89
0.883015873015873
0.883015873015873
0.882063492063492
0.873650793650794
0.869523809523809
0.867936507936508
0.869206349206349
0.856031746031746
0.840952380952381
0.829206349206349
0.813015873015873
0.78015873015873
0.734761904761905
0.681746031746032
0.579206349206349
0.451904761904762
0.324285714285714
