128876,142698,149537,176979,185443,202489,206770,209735,211873,215428,219114,227190
137947,144229,146145,146914,176033,176355,179404,179447,182945,194152,194546,237400,255757,256230,291184
137947,144229,146145,146914,176033,176355,179404,179447,182945,194152,194546,255757,256230
137947,144229,146145,146914,176033,179404,179447,182945,194152,194546,255757,256230,291184
137947,144229,146914,176033,176355,179404,179447,182945,194152,237400,255757,256230,291184
137947,144229,146914,176033,176355,179447,182945,194152,237400,255757,256230,291184
137947,144229,146145,146914,176033,179404,179447,194152,194546,255757,256230,291184
135447,163995,170850,182516,203217,203549,205703,215055,217338,243321,262007,273087
137947,144229,146145,146914,176033,176355,179404,179447,182945,194152,237400,255757,256230,291184
137947,144229,146914,176033,176355,179404,179447,182945,194152,237400,255757,256230
137947,144229,146145,146914,176033,176355,179404,179447,194152,194546,237400,255757,256230,291184
137947,144229,146145,146914,176033,176355,179404,194152,194546,237400,255757,256230,291184
137947,144229,146914,176033,176355,179404,179447,182945,194152,194546,255757,256230
137403,146145,146914,149864,168122,169071,176033,179404,194152,194546,256230,291184
137947,144229,146145,146914,176033,176355,194152,194546,237400,255757,256230,291184
137947,144229,146145,146914,176033,176355,179404,179447,182945,194152,194546,237400,255757,256230
137947,144229,146145,146914,176033,179404,179447,182945,194152,194546,237400,255757,256230,291184
120835,124809,137774,151645,154566,160030,169450,183386,184427,194772,231674,238497
137947,144229,146145,146914,176033,176355,179404,182945,194152,237400,255757,256230,291184
