118087,121278,132888,147365,153469,154681,159447,163301,166097,193267,204387,217135,245259,270328,273579
118459,120755,143992,149352,154680,155777,161670,182833,203698,219340,221847,224673
118087,121278,128843,132888,139043,147365,153469,154681,159447,163301,164868,166097,193267,204387,217997,233582,270328,273579
144288,144408,171540,173727,180493,203736,215041,224526,240104,248893,276943,286209
118087,127420,132888,163301,166097,177982,184874,204387,217135,232075,232310,245259,267744,270328,273579,281469
135447,143349,163995,165306,170850,182516,203217,203549,205435,205703,215055,217338,239837,243321,262007,271811,273087
126029,143273,180497,189232,189451,199259,208383,211792,217842,218327,223289,224544,227154,240363,260413,271807,289737
141637,144482,173054,179478,199045,214711,238613,242757,249709,253861,262103,264288,267294
127401,137186,139639,149746,167938,185931,191021,203534,210437,231999,261859,265719,282177,291291
137403,144229,146145,146914,149864,152783,156667,176033,176355,194152,215583,237400,244966,255757,256230,291184
125342,163972,176784,202706,203858,218685,219196,220933,223122,224719,230299,233489,233817,237041,247488,290144
136371,140588,157365,166132,167010,172060,176496,182888,223774,245512,247287,253835
127420,132888,163301,166097,177982,184874,204387,217135,232075,232310,245259,267744,270328,273579,281469
119191,131253,131977,151125,174169,191734,194193,203957,222465,228471,235952,263129,263190
128876,142698,176979,185443,188279,202489,209735,209963,215428,219114,231276,278525
144288,144408,159145,163520,171540,173727,180493,203736,240104,248893,276943,286209
137403,137947,144229,144324,145878,146145,146914,149864,156667,168122,169071,170042,176033,179404,179447,182945,194152,194546,215583,237400,244966,255757,256230,286412,291184
137403,137947,144229,144324,145878,146145,146914,149864,156667,168122,169071,170042,176033,176355,179404,179447,182945,194152,194546,237400,255757,256230,286412,291184
125342,176784,202706,218685,219196,220933,223122,224719,230299,233489,233817,237041,247488,290144
118087,121278,128843,132888,139043,147365,153469,154681,159447,164868,166097,193267,217997,233582
118087,132888,147365,153469,154681,159447,163301,166097,204387,217135,270328,273579
124135,155251,173263,183689,186124,198774,219226,235314,238210,247750,256589,257368,293964
130773,131703,131737,133387,153277,153304,164905,179368,190904,216178,227637,274944
128876,142698,176979,185443,188279,202489,209735,209963,215428,219114,227190,231276,277672
124135,155251,173263,180801,183689,186124,198774,219226,227897,229036,235314,238210,241568,247750,253939,256589,257368,257987,293964
118087,127420,128843,132888,139043,153469,163301,164868,166097,193267,204387,217997,233582,270328,273579
118471,149896,176769,190073,203616,214711,219952,231589,239548,242757,249709,267294,270022,277371,277774
118471,141637,149896,173054,176769,179478,190073,199045,203616,214711,219952,231589,238613,239548,242757,249709,252337,253861,260811,262103,267294,270022,274943,277371,277774
135447,163995,170850,182516,203217,203549,205703,209630,215055,217338,243321,262007,273087
118471,141637,149896,173054,176769,179478,199045,203616,214711,219952,238613,239548,242757,249709,250308,252337,253861,262103,267294,270022,274943,277371,277774
128876,142698,148141,149537,174380,176979,185443,202489,206770,209735,211873,215428,219114,227190,230450,247831,281133,283250
125849,137403,144324,149864,152783,154637,156667,169071,215583,219666,244966,286277,286412
122139,126183,128890,137220,146481,160411,168228,175961,192281,207647,218528,232963,266240
129770,133128,142510,144783,152672,152920,154110,164688,178503,187216,194649,197080,207669
137403,144324,145878,149864,152783,154637,156667,169071,215583,237400,244966,286277,286412
119724,124531,126029,143273,171756,180497,189451,190107,208383,211792,217842,218327,223289,224544,227154,247899,257242,260413,289737
127420,163301,166097,177982,204387,217135,232075,232310,245259,267744,270328,273579,281469
122139,126183,128890,137220,144086,146481,160411,168228,184572,192281,192906,207068,207647,218528,232963,266240
125342,176784,202706,203858,209194,218685,221954,223122,224719,230299,233817,290144
126417,134446,163749,164686,176652,186150,199352,199543,202350,213908,245894,272416,273996
135447,135624,163995,170850,182516,203217,203549,205703,206941,209630,215055,217338,223104,243321,262007,273087
137947,144229,152783,172883,176033,176355,182945,194152,237400,244966,255757,256230,291184
118471,149896,173054,176769,190073,203616,250308,252337,253861,260811,262103,274943,277371
132324,132944,143758,162977,191234,199067,211255,217562,222694,246231,263302,281391
125342,163972,176784,202706,203858,209194,218685,221954,223122,230299,233489,233817,247488,290144
128876,142698,148141,149537,176979,185443,187499,202489,206770,209735,211873,213550,215428,219114,227190,230450,281133
119191,131253,131977,135672,151125,174169,191734,194193,203957,222465,228471,235952,236974,263129,293397
129770,133128,142510,144783,152672,154110,164688,178503,207118,207669,256774,270787
229544,237614,241573,242771,255104,258618,260567,265773,269566,271180,279906,282777,283312,285976,287531
135447,143349,155591,163995,165306,170850,182516,203217,203549,205435,205703,215055,217338,239837,243321,262007,271811,273087
119667,123165,126667,129850,138328,140320,147032,154993,161833,180262,186037,187081,188973,192496,194391,199458,210636,227302,236784
137403,144229,144324,146145,146914,149864,152783,156667,169071,176033,176355,194152,215583,237400,244966,255757,286277,291184
126029,143273,180497,189232,189451,199259,208383,217842,218327,227154,240363,260413,289737
118459,120755,143992,149352,154680,161670,182833,203698,219340,223532,224673,276013
118805,139777,150723,159296,161394,163326,166294,172907,195700,196683,207395,207783
119724,124531,126029,143273,171756,180497,189232,189451,190107,199259,208383,211792,217842,218327,223289,224544,227154,240363,260413,289737
117565,128701,136201,151474,160357,169102,171195,172786,177073,179066,183089,198617,200522,207071,210379,255834,272229
152346,161245,173533,174450,179950,216061,219518,235467,236063,239416,273744,291528
127401,137186,139639,149746,167938,185931,191021,203534,210437,231999,251084,261859,265719
118471,149896,176769,179478,190073,214711,219952,231589,239548,242757,249709,262103,267294,270022,277774
126029,143273,180497,189451,208383,211792,217842,218327,223289,224544,227154,260413,271807,289737
119667,123165,126667,129850,140320,147032,154993,180262,186037,187081,188973,192496,194391,199458,210636,223266,227302,236784
126417,134446,163749,164686,176652,186150,199352,199543,202350,213908,245894,273996
137403,137947,144229,145878,146145,146914,149864,168122,169071,170042,176033,176355,179404,179447,182945,194152,194546,237400,255757,256230,291184
126029,143273,180497,189232,189451,199259,208383,211792,217842,218327,223289,224544,227154,240363,260413,289737
135447,155591,163995,170850,182516,203217,203549,205435,206941,215055,217338,223104,239837,243321,262007,273087
118471,141637,149896,173054,176769,179478,190073,203616,214711,219952,231589,238613,239548,242757,249709,250308,252337,253861,260811,262103,267294,270022,274943,277371,277774
118805,139777,154220,159296,161394,166294,172258,172907,198597,207395,207783,244619
135447,135624,155591,163995,170850,182516,203217,203549,205703,206941,209630,215055,217338,223104,243321,262007,273087
128876,142698,149537,174380,176979,185443,188279,202489,206770,209735,211873,213550,215428,219114,227190,230450,231276,277672,281133
118459,120755,143992,149352,154680,155777,203698,219340,223532,224673,232892,276013
130578,131174,141374,168399,174159,175360,227332,249235,264514,266991,274630,277305,281499,281959
130578,131174,132503,141374,168399,174159,175360,218150,227332,249235,264514,266991,274630,281499,281959
118087,132888,163301,166097,177982,184874,204387,217135,232075,232310,245259,267744,270328,273579,281469
128876,142698,148141,149537,174380,176979,185443,202489,206770,209735,211873,213550,215428,219114,227190,230450,231276,281133
128876,142698,149537,206770,209735,211873,212897,215428,219114,224682,227190,227201,277672,281133,283250
124135,155251,162674,180801,183689,186124,198774,219226,227897,238210,256589,257368,293964
135447,143349,163995,165306,182516,203217,203549,205435,217338,239837,262007,271811,273087
143349,163995,165306,173136,182516,203217,203549,205435,217338,239837,262007,271811,273087
137947,144229,146145,146914,152783,172883,176033,176355,179404,179447,182945,194152,194546,215583,237400,244966,255757,256230,291184
118805,139777,159296,161394,166294,172258,172907,195700,196683,198597,207395,207783,244619
135447,155591,170850,182516,203217,203549,205435,206941,209630,215055,217338,223104,243321,262007,273087
121473,121865,124220,125435,127343,131563,140597,168724,177618,188552,191439,198039,240411
122139,126183,128890,137220,144086,146481,147060,160411,168228,175961,184572,192281,192906,207068,207647,218528,232963,266240
124135,155251,173263,183689,186124,219226,235314,238210,241568,247750,253939,256589,257368,257987,293964
128876,142698,149537,174380,176979,202489,206770,209735,211873,212897,219114,224682,227190,227201,277672,281133,283250
128876,142698,149537,174380,176979,185443,202489,206770,209735,211873,215428,219114,227190,230450,277672,281133,283250
124135,173263,183689,219226,227897,235314,241568,247750,253939,256589,257368,257987
124135,173263,180801,183689,186124,198774,219226,227897,229036,235314,238210,241568,247750,253939,256589,257368,257987,293964
128876,142698,176979,185443,188279,202489,209735,209963,211873,215428,219114,227190,231276,277672
138964,151844,166604,167917,177689,198402,201613,217575,218520,222097,223677,224799,233083,247873,265910
118087,121278,128843,132888,136441,139043,147365,153469,154681,159447,164868,166097,193267,217997,233582
137403,144229,144324,145878,146145,146914,149864,156667,168122,169071,170042,176033,176355,194152,194546,215583,237400,244966,255757,256230,286277,286412,291184
118459,120755,143992,149352,154680,155777,161670,171601,175181,182833,203698,219340,221847,224673
138964,166604,177689,198402,201613,217575,218520,222097,223677,233083,247873,265910
118471,141637,149896,173054,176769,179478,190073,203616,214711,231589,238613,239548,250308,252337,253861,260811,262103,267294,270022,274943,277371,277774
118087,127420,128843,132888,153469,163301,164868,166097,204387,217135,245259,267744,270328,273579
155429,159532,172622,205813,206040,212347,215586,223792,249776,261855,264021,271923
118087,128843,132888,139043,153469,154681,163301,164868,166097,193267,204387,217135,217997,233582,270328,273579
126821,130773,131703,131737,133387,153277,153304,164905,179368,190904,227637,274944
118471,141637,149896,173054,176769,179478,190073,203616,214711,219952,231589,238613,239548,249709,250308,252337,253861,260811,262103,267294,270022,274943,277371,277774
137403,144324,145878,149864,152783,154637,156667,168122,169071,215583,237400,244966,286277,286412,291184
118087,127420,128843,132888,153469,163301,164868,166097,193267,204387,217135,217997,233582,245259,270328,273579
132820,134446,163749,164686,176652,186150,199352,199543,202350,213908,223359,245894,272416,273996
125342,163972,176784,202706,203858,209194,218685,219196,220933,221954,223122,224719,230299,233489,233817,290144
120755,135890,143992,154680,155777,171601,175181,203698,212965,219340,224673,232892
124135,155251,162674,180801,186124,198774,219226,227897,229036,238210,256589,293964
118471,141637,149896,173054,176769,179478,199045,203616,214711,219952,231589,238613,239548,242757,249709,253861,262103,267294,270022,277774
137403,144324,145878,149864,152783,154637,156667,168122,169071,170042,215583,244966,286277,286412,291184
124135,155251,173263,180801,183689,186124,198774,219226,227897,235314,238210,247750,256589,257368,293964
129770,142510,144783,152672,154110,164688,178109,178503,205069,207118,207669,256774,270787
129770,142510,144783,152672,154110,164688,178109,178503,205069,207118,207669,270787
117565,128701,136201,159891,183089,198617,207071,210379,230394,255834,257646,288689
135447,143349,155591,163995,170850,182516,203217,203549,205435,205703,206941,215055,217338,223104,239837,243321,262007,271811,273087
118087,127420,128843,132888,139043,163301,164868,166097,193267,204387,217997,233582
135447,143349,155591,165306,182516,203217,203549,205435,217338,239837,262007,271811,273087
137947,144229,146145,146914,152783,172883,176033,176355,182945,194152,215583,237400,244966,255757,256230,291184
118471,141637,149896,173054,176769,179478,203616,214711,219952,238613,239548,242757,249709,250308,252337,253861,260811,262103,267294,270022,274943,277371,277774
118087,121278,132888,136441,139043,147365,153469,154681,159447,164868,166097,193267,217997
119191,131253,131977,151125,174169,191734,194193,203957,228471,235952,236974,263190,293397
128876,142698,149537,176979,185443,188279,202489,206770,209735,211873,212897,215428,219114,224682,227190,227201,231276,277672,281133
118087,121278,132888,136441,139043,147365,153469,154681,159447,163301,164868,166097,193267,217997,270328
118805,139777,159296,161394,163097,163326,166294,172907,195700,196683,207395,207783,285986
118471,149896,176769,190073,203616,231589,239548,250308,252337,260811,274943,277371,277774
137403,144229,144324,145878,146145,146914,149864,152783,156667,168122,169071,170042,176033,176355,194152,215583,237400,244966,255757,286277,286412,291184
134446,157435,163749,164686,186150,199352,199543,202350,223359,245894,272416,273996
137403,137947,144229,144324,145878,146145,146914,149864,152783,156667,169071,176033,176355,179404,179447,182945,194152,194546,215583,237400,244966,255757,256230,291184
139639,149746,167938,185931,191021,203534,210437,231999,251084,261859,265719,269718
118471,149896,176769,179478,199045,214711,219952,242757,249709,267294,270022,277774
118087,121278,132888,139043,147365,153469,154681,159447,163301,164868,166097,193267,204387,217135,217997,245259,270328,273579
118805,139777,159296,161394,166294,172258,172907,174556,196683,207395,207783,244619
117853,120413,126998,127228,128794,132248,139470,159942,166731,175239,181461,194318,210256,226653,237132,250313,262164
119724,124531,126029,143273,171756,180497,189232,189451,190107,208383,211792,217842,218327,223289,224544,227154,240363,247899,260413,289737
118087,121278,128843,132888,139043,147365,153469,154681,159447,163301,164868,166097,193267,204387,217135,217997,233582,245259,270328,273579
137403,137947,144229,144324,145878,146145,146914,149864,152783,156667,168122,169071,176033,176355,179404,179447,182945,194152,194546,215583,237400,244966,255757,256230,286412,291184
131887,141238,141314,147946,149498,155376,180828,194175,196913,206348,209840,222999,233411,240890,262530,279486
125849,137403,144324,145878,149864,152783,154637,156667,168122,169071,170042,215583,219666,244966,286277,286412
122139,126183,128890,137220,144086,146481,160411,168228,175961,184572,192281,207068,207647,218528,232963,266240
128876,142698,149537,174380,176979,185443,188279,202489,206770,209735,211873,215428,219114,227190,227201,230450,231276,277672,281133
128876,142698,149537,176979,185443,187499,202489,209735,211873,213550,215428,227190,230450,231276,267181,281133
128876,142698,149537,174380,176979,185443,202489,206770,209735,211873,219114,227190,247831,281133,283250
125342,163972,176784,202706,203858,209194,218685,219196,221954,223122,224719,230299,233489,233817,247488,290144
122139,126183,128890,137220,146481,160411,168228,192281,207068,207647,218528,232963,266240
118471,149896,173054,176769,179478,190073,203616,214711,219952,231589,239548,249709,252337,253861,260811,262103,267294,270022,274943,277371,277774
118471,141637,149896,173054,176769,179478,190073,203616,214711,219952,231589,238613,239548,242757,249709,252337,253861,260811,262103,267294,270022,277371,277774
124135,155251,173263,180801,183689,186124,219226,227897,229036,235314,238210,241568,247750,253939,256589,257368,257987,293964
135447,143349,163995,165306,170850,182516,203217,203549,205435,205703,217338,239837,262007,271811,273087
128876,142698,148141,149537,174380,176979,185443,202489,206770,209735,211873,213550,215428,219114,227190,230450,247831,281133,283250
134446,157435,163749,176652,186150,199352,199543,202350,213908,223359,245894,272416,273996
118471,149896,173054,176769,190073,203616,231589,239548,250308,252337,253861,260811,262103,270022,274943,277371,277774
137403,137947,144229,145878,146145,146914,149864,156667,168122,169071,176033,176355,179404,179447,182945,194152,194546,215583,237400,244966,255757,256230,291184
120835,124809,137774,151645,154566,160030,169450,183386,184410,184427,194772,231674,235040,238497,248396,253283
118087,127420,128843,132888,153469,163301,164868,166097,193267,204387,217135,233582,245259,267744,270328,273579
128876,142698,149537,174380,176979,185443,202489,206770,209735,211873,215428,219114,227190,227201,277672,281133,283250
124135,155251,173263,180801,183689,186124,219226,227897,235314,238210,241568,247750,253939,256589,257368,257987,293964
137403,137947,144229,144324,145878,146145,146914,149864,168122,169071,170042,176033,179404,179447,182945,194152,194546,255757,256230,286412,291184
128876,142698,176979,185443,188279,202489,206770,209735,211873,215428,219114,224682,227190,227201,231276,277672
128876,142698,176979,185443,188279,202489,209735,209963,215428,219114,227190,231276
150358,150992,156706,167608,171534,178420,190215,191185,191432,203842,204540,208896,212384,250546
128876,142698,149537,174380,176979,185443,188279,202489,206770,209735,211873,215428,219114,224682,227190,227201,231276,277672,281133
128876,142698,149537,174380,176979,185443,202489,206770,209735,211873,212897,215428,219114,224682,227190,227201,277672,281133,283250
128876,142698,176979,185443,188279,202489,209735,213550,215428,219114,227190,230450,231276
118087,121278,128843,132888,139043,147365,153469,154681,159447,163301,164868,166097,193267,204387,217135,217997,245259,270328,273579
127401,137186,139639,149746,167938,185931,191021,210437,231999,261859,265719,269718,282177,291291
128701,136201,159891,160357,169102,171195,183089,207071,210379,230394,255834,272229
229544,237614,258618,260567,265773,269566,271180,279906,282777,283312,285976,287531,288841
118087,121278,128843,132888,136441,139043,147365,153469,154681,159447,164868,193267,217997,233582
135447,143349,155591,163995,170850,182516,203217,203549,205435,205703,209630,215055,217338,243321,262007,273087
118459,120755,143992,149352,154680,155777,161670,171601,175181,182833,203698,219340,224673,232892
118087,132888,153469,163301,166097,177982,184874,204387,217135,232310,245259,270328,273579
122139,126183,128890,144086,146481,147060,160411,168228,175961,184572,192281,192906,266240
130186,138964,151844,166604,167917,177689,198402,201613,217575,218520,222097,223677,224799,233083,247873,265910
137947,144229,146145,146914,152783,172883,176033,176355,179404,179447,182945,194152,194546,237400,244966,255757,256230,291184
125342,163972,176784,202706,203858,209194,210935,218685,219196,220933,221954,223122,224719,230299,233489,233817,237041,247488,290144
118459,120755,143992,149352,154680,155777,161670,171601,175181,203698,219340,223532,224673,232892
141322,148141,149537,174380,202489,206770,209735,211873,213550,227190,230450,247831,281133
137403,137947,144229,144324,145878,146145,146914,149864,168122,169071,170042,176033,176355,179404,179447,182945,194152,194546,237400,244966,255757,256230,291184
131887,141238,141314,155376,180828,206348,209840,222999,233411,240890,262530,279486
121164,121723,136432,145073,149774,183018,183144,194559,207777,211734,232754,283770
121289,129770,133128,142510,144783,152672,152920,154110,164688,178503,187216,197080,207118,207669,256774
126029,143273,180497,189232,189451,208383,211792,217842,218327,223289,224544,227154,240363,260413,271807,289737
128876,142698,149537,176979,185443,188279,202489,209735,211873,213550,215428,219114,227190,230450,231276,281133
128876,142698,149537,174380,176979,202489,206770,209735,211873,212897,215428,219114,224682,227190,227201,277672,281133,283250
121289,129770,133128,144783,152672,152920,154110,164688,187216,197080,207118,207669,256774
126029,143273,180497,189232,189451,199259,208383,217842,218327,224544,227154,240363,260413,271807,289737
119137,119588,124760,130508,132792,135128,140148,142386,163007,169385,176924,178621,231312,232638,268982
145899,149963,151548,159476,184581,188340,194695,212569,236026,264720,267491,284031
128876,142698,148141,149537,176979,185443,187499,202489,206770,209735,211873,213550,215428,227190,230450,267181,281133
135447,135624,143349,155591,163995,170850,182516,203217,203549,205435,205703,206941,209630,215055,217338,223104,243321,262007,273087
141637,144482,173054,179478,199045,214711,219952,238613,242757,249709,253861,262103,267294,270022
125342,163972,176784,202706,218685,219196,220933,221954,223122,224719,230299,233489,233817,237041,247488,290144
120835,124809,137774,145545,151645,154566,160030,169450,183386,184427,194772,231674,238497
118087,121278,132888,147365,153469,154681,159447,163301,166097,204387,270328,273579
125849,137403,144324,145878,149864,152783,154637,156667,169071,215583,219666,244966,286277,286412
118087,127420,128843,132888,153469,163301,164868,166097,193267,204387,217135,245259,270328,273579
141637,144482,173054,179478,199045,214711,219952,238613,242757,249709,253861,262103,267294
137403,137947,144229,144324,145878,146145,146914,149864,152783,156667,168122,169071,170042,176033,176355,194152,194546,215583,237400,244966,255757,256230,286277,286412,291184
137403,137947,144229,144324,145878,146145,146914,149864,156667,168122,169071,170042,176033,179404,179447,182945,194152,194546,255757,256230,286412,291184
119724,124531,126029,143273,171756,180497,189451,190107,208383,211792,217842,218327,223289,224544,227154,240363,247899,260413,289737
129566,138016,153694,159105,170560,170886,190871,197831,233926,235125,267909,271282,276178
118805,139777,154220,159296,161394,163326,166294,172907,195700,196683,198597,207395,207783,244619
118805,139777,159296,161394,166294,172258,172907,174556,198597,207395,207783,244619
118087,128843,132888,139043,147365,153469,154681,163301,164868,166097,193267,204387,217135,217997,233582,245259,270328,273579
118471,149896,173054,176769,190073,203616,239548,250308,252337,253861,260811,274943,277371
118087,132888,163301,166097,177982,184874,204387,217135,232075,232310,245259,270328,273579,281469
135447,155591,163995,170850,182516,203217,203549,205435,206941,209630,215055,217338,223104,243321,262007,273087
150358,150992,156706,167608,171534,178420,190215,191185,191432,203842,204540,208896,212384,214481,250546
118471,141637,149896,173054,176769,179478,190073,203616,214711,219952,238613,239548,249709,250308,252337,253861,260811,262103,267294,270022,274943,277371,277774
121289,129770,133128,144783,152672,152920,154110,164688,178503,187216,197080,207118,207669,256774
118471,141637,149896,173054,176769,179478,190073,199045,203616,214711,219952,231589,238613,239548,242757,249709,253861,262103,267294,270022,277774
141637,149896,173054,179478,199045,214711,219952,238613,242757,249709,262103,267294,270022
229544,237614,241573,242771,255104,258618,260567,265773,269566,271180,277112,279906,282777,283312,285976,288841
128876,142698,149537,174380,176979,185443,202489,206770,209735,211873,213550,215428,219114,227190,230450,277672,281133,283250
118087,127420,132888,153469,163301,166097,177982,204387,217135,245259,267744,270328,273579
118087,132888,147365,153469,154681,163301,166097,177982,184874,204387,217135,245259,270328,273579
119724,124531,126029,143273,171756,180497,189232,189451,190107,199259,208383,211792,217842,218327,223289,224544,227154,240363,247899,260413,289737
135447,143349,155591,163995,170850,182516,203217,203549,205435,205703,215055,217338,239837,243321,262007,271811,273087
120835,124809,137774,145545,151645,154566,160030,169450,183386,184427,194772,231674,238497,253283
137403,144229,144324,145878,146145,146914,149864,152783,156667,169071,176033,176355,194152,215583,237400,244966,255757,256230,286277,286412,291184
128876,142698,148141,149537,174380,176979,185443,188279,202489,206770,209735,211873,213550,215428,219114,227190,230450,231276,281133
118087,127420,128843,132888,139043,153469,163301,164868,166097,193267,204387,217135,217997,233582,245259,270328,273579
117853,120413,126998,127228,128794,132248,139470,159942,166731,166763,175239,181461,237132,262164
118459,120755,143992,149352,154680,155777,161670,203698,219340,223532,224673,232892,276013
118459,120755,143992,149352,154680,161670,182833,203698,219340,221847,223532,224673,276013
128876,142698,149537,176979,185443,202489,206770,209735,211873,212897,215428,219114,224682,227190,227201,277672
137403,137947,144229,144324,145878,146145,146914,149864,152783,156667,168122,169071,176033,176355,194152,215583,237400,244966,255757,256230,286277,286412,291184
128876,142698,176979,185443,188279,202489,209735,211873,215428,219114,227190,227201,231276,277672
127401,137186,139639,149746,167938,185931,191021,203534,210437,231999,265719,282177,291291
118471,141637,149896,173054,176769,179478,199045,214711,219952,238613,242757,249709,262103,267294,270022,277774
135698,140811,143179,149778,153508,161155,199158,206682,251854,260646,264230,276165,281588
119724,124531,126029,143273,171756,180497,189232,189451,190107,208383,211792,217842,218327,223289,224544,227154,240363,260413,289737
128876,142698,149537,176979,185443,188279,202489,206770,209735,211873,213550,215428,219114,227190,230450,231276,281133
118471,141637,149896,173054,176769,179478,190073,199045,203616,214711,219952,231589,238613,239548,242757,249709,250308,252337,253861,262103,267294,270022,274943,277371,277774
118471,141637,149896,173054,179478,203616,214711,238613,250308,252337,253861,260811,262103,270022,274943,277371
124134,130090,153324,167638,191874,205369,208167,228993,276434,281370,291369,291996
122139,126183,128890,137220,144086,146481,147060,160411,168228,175961,184572,192281,192906,232963,266240
119191,131253,131977,135672,151125,174169,191734,194193,203957,222465,228471,235952,236974,263129,263190,293397
118459,120755,143992,149352,154680,155777,161670,182833,203698,219340,223532,224673,232892,276013
126183,128890,144086,146481,147060,160411,168228,175961,184572,192281,192906,266240
124135,155251,173263,180801,183689,186124,198774,219226,227897,235314,238210,241568,247750,253939,256589,257368,257987,293964
128876,142698,149537,176979,185443,187499,202489,206770,209735,211873,213550,215428,227190,230450,267181,281133
135698,140811,143179,149778,153508,161155,187086,199158,206682,235468,251854,260646,264230,281588
126029,143273,180497,189451,208383,211792,217842,218327,223289,227154,260413,271807,289737
137403,137947,144229,146145,146914,149864,176033,176355,179404,179447,182945,194152,194546,215583,237400,244966,255757,256230,291184
135447,143349,163995,165306,170850,182516,203217,203549,205435,205703,217338,239837,243321,262007,271811,273087
118087,132888,153469,163301,166097,177982,193267,204387,217135,245259,270328,273579
125342,163972,176784,220933,223122,224719,230299,233489,233817,237041,247488,290144
117565,128701,136201,159891,160357,169102,171195,183089,198617,207071,210379,230394,255834,272229,288689
137403,144229,144324,145878,146145,146914,149864,156667,168122,169071,170042,176033,179404,194152,194546,215583,237400,244966,256230,286277,286412,291184
122139,126183,137220,144086,146481,147060,160411,168228,184572,192281,192906,207068,207647,218528,232963
137403,137947,144229,144324,145878,146145,146914,149864,156667,168122,169071,170042,176033,179404,179447,194152,194546,244966,255757,256230,286412,291184
137403,137947,144229,144324,145878,146145,146914,149864,156667,168122,169071,170042,176033,179404,179447,182945,194152,194546,244966,255757,256230,286412,291184
128876,142698,148141,149537,174380,176979,185443,202489,206770,209735,211873,213550,215428,219114,227190,230450,247831,281133
118805,139777,159296,161394,163097,163326,166294,172907,195700,196683,207395,207783,244619,285986
135520,151779,152168,155605,161706,165021,173467,199541,234220,236111,243326,246732
129770,133128,142510,144783,152672,152920,154110,164688,178503,187216,197080,207669
118471,149896,173054,176769,190073,203616,238613,239548,250308,252337,253861,260811,262103,270022,274943,277371
119724,124531,126029,143273,171756,180497,190107,208383,211792,217842,218327,223289,224544,227154,247899,289737
117853,120413,126998,127228,128794,132248,139470,159942,166731,175239,181461,194318,210256,226653,231685,250313,262164
128876,142698,148141,149537,174380,176979,185443,202489,206770,209735,211873,219114,227190,230450,247831,281133,283250
117565,128701,136201,159891,160357,169102,171195,179066,183089,198617,207071,210379,255834,272229
129566,138016,153694,153985,159105,170560,170886,190871,197831,267909,271282,276178
118471,141637,149896,173054,176769,179478,190073,199045,203616,214711,219952,231589,238613,239548,242757,249709,252337,253861,262103,267294,270022,277774
118471,141637,149896,173054,176769,179478,190073,203616,214711,219952,231589,238613,239548,242757,249709,252337,253861,262103,267294,270022,277371,277774
137403,137947,144229,145878,146145,146914,149864,168122,169071,176033,176355,179404,179447,182945,194152,194546,237400,244966,255757,256230,291184
118471,141637,149896,173054,176769,179478,190073,199045,203616,214711,219952,231589,238613,239548,242757,249709,250308,252337,253861,260811,262103,267294,270022,274943,277371,277774
135447,155591,163995,170850,182516,203217,203549,205435,205703,206941,209630,215055,217338,223104,239837,243321,262007,271811,273087
135447,143349,155591,163995,165306,170850,182516,203217,203549,205435,215055,217338,239837,262007,271811,273087
129566,138016,153694,155023,170560,170886,190871,233926,235125,267909,271282,276178
129770,133128,142510,144783,152672,152920,154110,164688,178503,187216,197080,207118,207669,256774
125342,163972,176784,220933,221954,223122,230299,233489,233817,237041,247488,290144
118459,120755,135890,143992,154680,159124,203698,219340,223532,224673,232892,276013
141637,149896,176769,179478,199045,214711,219952,242757,249709,262103,267294,270022,277774
135805,143484,150378,151363,151862,153725,184806,187824,190851,192092,215386,241209,249492,254159
142698,148141,149537,174380,176979,202489,206770,209735,211873,227190,247831,281133,283250
126029,143273,189232,189451,199259,208383,217842,218327,240363,260413,271807,289737
118087,127420,128843,132888,139043,153469,163301,164868,166097,193267,204387,217135,217997,233582,270328,273579
137403,144229,144324,145878,146145,146914,149864,152783,156667,168122,169071,170042,176033,176355,194152,194546,215583,237400,244966,255757,256230,286277,286412,291184
118459,120755,143992,149352,154680,155777,171601,175181,203698,219340,223532,224673,232892
128876,142698,149537,174380,206770,209735,211873,219114,224682,227190,227201,277672,281133,283250
135447,143349,155591,163995,170850,182516,203217,203549,205435,205703,206941,209630,215055,217338,223104,239837,243321,262007,271811,273087
124135,155251,180801,183689,186124,198774,219226,227897,229036,235314,238210,256589,257368,293964
119667,123165,126667,129850,140320,147032,154993,180262,186037,187081,188973,192496,194391,199458,223266,227302,236784
137403,137947,144229,144324,145878,146145,146914,149864,156667,168122,169071,170042,176033,176355,179404,179447,182945,194152,194546,237400,244966,255757,256230,291184
129566,138016,153694,159105,170886,190871,197831,233926,235125,267909,271282,276178
119191,131253,131977,151125,174169,191734,194193,203957,228471,235952,236974,263129,263190
117565,128701,136201,151474,160357,169102,171195,177073,179066,183089,198617,200522,207071,210379,255834,272229
118805,139777,159296,161394,163097,163326,166294,172907,195700,196683,207395,244619,285986
137403,144324,145878,149864,152783,154637,156667,169071,215583,219666,244966,286277,286412
128876,142698,149537,176979,185443,187499,202489,209735,211873,213550,215428,227190,230450,231276,267181
137403,137947,144229,144324,145878,146145,146914,149864,156667,168122,169071,170042,176033,176355,179404,179447,182945,194152,194546,237400,244966,255757,256230,286412,291184
118459,120755,143992,149352,161670,182833,203698,219340,221847,223532,224673,276013
118805,139777,159296,161394,166294,172258,172907,195700,196683,207395,207783,244619
117565,128701,136201,160357,169102,171195,183089,207071,210379,230394,255834,272229
119724,124531,126029,143273,171756,180497,190107,208383,211792,218327,223289,224544,227154,247899,257242,289737
128701,136201,151474,160357,169102,171195,172786,177073,179066,200522,207071,210379,255834,272229
142698,148141,149537,174380,185443,187499,202489,206770,211873,213550,227190,230450,281133
128876,142698,149537,174380,176979,202489,206770,209735,211873,219114,227190,247831,281133,283250
137947,144229,146145,146914,149864,152783,176033,176355,179404,179447,182945,194152,194546,215583,237400,244966,255757,256230,291184
130773,131703,131737,133387,150754,153277,153304,164905,179368,216178,227637,274944
118459,120755,143992,149352,154680,155777,161670,182833,203698,219340,221847,223532,224673,276013
121289,129770,133128,144783,152672,152920,154110,164688,187216,194649,197080,207669
128876,142698,149537,174380,176979,185443,202489,206770,209735,211873,215428,219114,227190,227201,230450,277672,281133,283250
118805,139777,159296,161394,163097,163326,166294,172907,195700,196683,198597,207395,207783
129566,138016,153694,155023,163674,170298,170560,170886,190871,233926,235125,267909,271282,276178
119667,123165,126667,129850,138328,140320,147032,154993,161833,180262,186037,187081,188973,192496,194391,199458,210636,223266,227302,236784
118805,139777,154220,159296,161394,166294,172907,195700,198597,201986,207395,207783,244619
118471,149896,176769,190073,203616,219952,231589,239548,242757,249709,260811,267294,270022,277371,277774
125849,137403,144324,145878,149864,156667,168122,169071,170042,215583,219666,244966,286277,286412
135447,135624,155591,163995,170850,182516,203217,203549,205435,205703,206941,209630,215055,217338,223104,243321,262007,273087
124135,155251,173263,183689,186124,235314,238210,241568,247750,253939,256589,257987,293964
122139,126183,128890,137220,144086,146481,147060,160411,168228,184572,192281,192906,232963,266240
138964,151844,166604,167917,198402,201613,217575,218520,223677,224799,233083,247873,265910
137403,144324,145878,149864,152783,154637,156667,168122,169071,170042,215583,237400,244966,286277,286412,291184
128876,142698,176979,185443,188279,202489,209735,215428,219114,227201,231276,277672
131253,131977,135672,151125,174169,191734,194193,203957,222465,228471,235952,236974,263129,293397
135447,143349,163995,165306,173136,182516,203217,203549,205435,217338,239837,262007,271811,273087
131253,131977,135672,151125,174169,191734,194193,203957,222465,228471,235952,236974,263129,263190
118087,127420,132888,163301,166097,177982,184874,204387,217135,232310,245259,267744,270328,273579,281469
128876,142698,148141,149537,174380,176979,185443,187499,202489,206770,209735,211873,213550,215428,227190,230450,281133
119667,123165,126667,129850,138328,140320,147032,154993,161833,186037,187081,188973,192496,194391,199458,210636,227302,236784
137403,144324,145878,146145,146914,149864,156667,168122,169071,170042,176033,179404,194546,244966,256230,286412,291184
141637,149896,173054,176769,179478,199045,214711,219952,238613,242757,249709,253861,262103,267294,270022,277774
128876,142698,176979,185443,188279,202489,209735,209963,211873,215428,219114,227190,231276
117853,120413,126998,127228,128794,132248,139470,159942,166763,194318,237132,262164
119724,126029,143273,171756,180497,189232,189451,190107,199259,208383,211792,217842,218327,223289,224544,227154,240363,260413,289737
128876,142698,149537,174380,176979,185443,202489,206770,209735,211873,215428,219114,224682,227190,227201,277672,281133,283250
141637,173054,179478,199045,203616,214711,219952,238613,242757,249709,250308,252337,253861,262103,267294,270022,274943
118459,120755,143992,149352,154680,155777,161670,171601,175181,182833,203698,219340,223532,224673,232892
137403,144324,145878,146145,146914,149864,156667,168122,169071,170042,179404,194546,286412,291184
128876,142698,176979,185443,187499,202489,209735,213550,215428,227190,230450,267181
118471,149896,176769,190073,219952,231589,239548,242757,249709,267294,270022,277774
130186,138964,151844,166604,167917,198402,201613,217575,218520,223677,224799,233083,265910
131887,141238,141314,147946,155376,180828,194175,196913,206348,209840,222999,232133,233411,240890,262530,279486
119667,123165,126667,129850,138328,147032,154993,161833,180262,187081,188973,192496,194391,199458,210636,227302,236784
131174,132503,141374,168399,175360,218150,220538,227332,249235,264514,266991,281499,281959
119724,124531,126029,143273,171756,180497,189451,190107,208383,211792,217842,218327,223289,224544,227154,240363,247899,257242,260413,289737
124135,173263,180801,183689,186124,198774,219226,227897,229036,235314,247750,256589,257368,257987,293964
155429,159532,172622,173373,205813,206040,212347,215586,223792,249776,261855,264021,271923
118087,127420,132888,153469,163301,166097,177982,184874,204387,217135,232310,245259,267744,270328,273579
118471,141637,149896,173054,176769,179478,199045,214711,219952,239548,242757,249709,262103,267294,270022,277774
124135,180801,183689,186124,198774,219226,227897,229036,235314,238210,247750,256589,257368,293964
229544,237614,241573,242771,255104,258618,260567,265773,269566,271180,277112,279906,282777,283312,285976,287531,288841
118087,132888,153469,154681,163301,166097,177982,193267,204387,217135,245259,270328,273579
118087,121278,128843,132888,139043,147365,153469,154681,163301,164868,166097,193267,204387,217135,217997,233582,270328,273579
137403,144324,145878,146145,146914,149864,152783,156667,168122,169071,170042,176033,176355,194152,215583,237400,244966,286277,286412,291184
137403,137947,144229,146145,146914,149864,152783,156667,169071,176033,176355,179404,179447,182945,194152,194546,215583,237400,244966,255757,256230,291184
132820,134446,163749,164686,176652,186150,199352,199543,202350,213908,245894,273996
130578,132503,141374,168399,174159,175360,218150,220538,249235,264514,274630,277305,281959
135805,150378,151363,151862,153725,184806,187824,190851,215386,241209,249492,250979
131887,141314,149498,155376,180828,196913,206348,222999,232133,233411,240890,279486
137403,137947,144229,144324,145878,146145,146914,149864,152783,156667,168122,169071,170042,176033,176355,179404,182945,194152,194546,215583,237400,244966,255757,256230,286277,286412,291184
126183,128890,144086,146481,160411,168228,175961,184572,192281,192906,218528,266240
137403,144324,145878,146145,146914,149864,156667,168122,169071,170042,176033,179404,194546,215583,244966,286412,291184
128876,141322,142698,148141,149537,174380,176979,185443,202489,206770,209735,211873,227190,230450,247831,281133,283250
119667,123165,126667,129850,138328,140320,147032,154993,161833,186037,187081,188973,192496,194391,199458,210636,223266,227302,236784
118087,121278,132888,136441,139043,147365,153469,154681,159447,163301,166097,193267,270328
130578,131174,132503,141374,168399,174159,175360,218150,220538,227332,249235,264514,266991,274630,277305,281499,281959
128876,141322,142698,148141,149537,174380,176979,185443,202489,206770,209735,211873,213550,219114,227190,230450,247831,281133,283250
130578,132503,141374,168399,174159,175360,218150,220538,227332,249235,264514,274630,277305,281499,281959
144288,144408,163520,171540,173727,180493,203736,224526,240104,248893,276943,286209
125215,135698,140811,143179,149778,153508,161155,187086,199158,206682,235468,251854,260646,264230,281588
118087,121278,128843,132888,139043,147365,153469,154681,159447,163301,164868,166097,193267,217997,233582,270328
135447,135624,143349,155591,163995,170850,182516,203217,203549,205435,205703,206941,209630,215055,217338,223104,239837,243321,262007,271811,273087
118087,128843,132888,139043,153469,154681,163301,164868,166097,193267,204387,217135,217997,233582,245259,270328,273579
128876,142698,149537,176979,185443,187499,202489,206770,209735,211873,213550,215428,219114,227190,230450,231276,281133
117853,120413,126998,127228,128794,132248,139470,159942,166731,175239,181461,226653,237132,262164
130781,135624,138754,155591,159128,206941,209630,211719,223104,234278,242369,286790
124135,173263,180801,183689,219226,227897,229036,235314,241568,247750,253939,256589,257368,257987,293964
128876,142698,149537,174380,206770,209735,211873,212897,219114,224682,227201,277672,281133,283250
131887,141314,147946,149498,155376,180828,194175,196913,206348,209840,222999,232133,233411,262530,279486
128876,142698,149537,176979,185443,187499,202489,209735,211873,213550,215428,227190,230450,267181,281133
118471,141637,149896,173054,176769,179478,190073,203616,214711,231589,238613,239548,249709,250308,252337,253861,260811,262103,267294,270022,274943,277371,277774
118471,149896,176769,214711,219952,231589,239548,242757,249709,267294,270022,277774
128876,142698,148141,149537,174380,176979,185443,187499,202489,206770,209735,211873,213550,215428,219114,227190,230450,281133
137947,144229,146145,146914,172883,176033,176355,179404,179447,182945,194152,194546,237400,244966,255757,256230,291184
117565,128701,136201,159891,160357,169102,171195,179066,183089,198617,207071,210379,230394,255834,272229,288689
119724,126029,143273,171756,180497,190107,208383,211792,217842,218327,223289,224544,227154,247899,289737
118459,120755,143992,149352,154680,155777,161670,182833,203698,219340,221847,223532,224673
124135,155251,162674,180801,183689,186124,198774,219226,227897,229036,238210,256589,257368,293964
128876,142698,148141,149537,176979,185443,187499,202489,206770,209735,211873,213550,215428,219114,227190,230450,231276,281133
125342,163972,176784,202706,210935,218685,220933,221954,223122,224719,230299,233489,233817,237041,247488,290144
118459,120755,143992,149352,154680,161670,203698,219340,223532,224673,232892,276013
122139,126183,137220,144086,146481,160411,168228,184572,192281,192906,207068,207647,218528,232963
137403,137947,144229,144324,145878,146145,146914,149864,156667,168122,169071,170042,176033,176355,179404,179447,194152,194546,215583,237400,244966,255757,256230,286412,291184
128876,142698,149537,176979,185443,202489,206770,209735,211873,212897,215428,219114,224682,227190,227201,277672,281133,283250
125342,176784,202706,203858,209194,218685,219196,220933,223122,224719,230299,233489,233817,237041
128876,142698,149537,176979,185443,188279,202489,206770,209735,211873,215428,219114,224682,227190,227201,231276,277672,281133
130186,138964,166604,167917,177689,198402,201613,217575,218520,222097,223677,233083,247873,265910
137403,144324,145878,146145,146914,149864,156667,168122,169071,170042,176033,194152,194546,215583,244966,286277,286412,291184
128876,142698,149537,174380,176979,185443,202489,206770,209735,211873,215428,219114,227190,227201,230450,231276,277672,281133
130578,131174,132503,141374,168399,174159,175360,218150,220538,227332,249235,266991,274630,277305,281499
129566,138016,153694,163674,170298,170560,170886,190871,235125,267909,271282,276178
129770,133128,144783,152672,152920,154110,164688,178503,187216,197080,207669,256774
141637,149896,176769,179478,199045,214711,219952,238613,242757,249709,262103,267294,270022
128876,142698,176979,185443,188279,202489,209735,211873,213550,215428,219114,227190,230450,231276
125342,163972,176784,202706,203858,209194,218685,219196,220933,221954,223122,224719,230299,233489,233817,237041,247488,290144
128876,142698,176979,185443,188279,202489,209735,213550,215428,227190,230450,231276,267181
117853,120413,126998,127228,128794,132248,139470,159942,166731,175239,181461,226653,250313,262164
118087,127420,128843,132888,153469,163301,164868,166097,193267,204387,217135,233582,267744,270328,273579
118471,141637,149896,173054,176769,179478,190073,203616,214711,238613,250308,252337,253861,260811,262103,270022,274943,277371
118471,141637,149896,173054,176769,179478,190073,199045,203616,214711,219952,231589,238613,239548,242757,249709,252337,253861,262103,267294,270022,277371,277774
131887,141238,141314,147946,149498,155376,180828,194175,196913,206348,209840,222999,232133,233411,240890,262530,279486
128876,142698,149537,174380,176979,185443,202489,206770,209735,211873,215428,219114,224682,227190,227201,231276,277672,281133
117853,120413,126998,127228,128794,132248,139470,159942,166731,166763,175239,181461,194318,210256,237132,262164
118471,141637,149896,173054,176769,179478,190073,199045,203616,214711,219952,231589,238613,239548,242757,249709,252337,253861,262103,267294,270022,274943,277371,277774
129566,138016,153694,159105,170298,170560,170886,190871,233926,235125,267909,271282,276178
125342,176784,202706,203858,209194,218685,219196,220933,223122,224719,230299,233489,233817,237041,247488,290144
131887,141238,141314,149498,180828,196913,206348,209840,222999,232133,233411,240890,262530,279486
137403,144229,144324,146145,146914,149864,152783,156667,169071,176033,176355,194152,215583,237400,244966,255757,256230,291184
137403,137947,144229,146145,146914,149864,152783,176033,176355,179404,179447,182945,194152,194546,215583,237400,244966,255757,256230,291184
137403,144324,145878,146145,146914,149864,156667,168122,169071,170042,215583,244966,286277,286412,291184
118805,139777,159296,161394,163326,166294,172907,195700,196683,198597,207395,207783
118471,141637,149896,173054,176769,179478,190073,203616,214711,219952,231589,238613,239548,242757,249709,252337,253861,260811,262103,267294,270022,274943,277371,277774
119724,124531,128144,133677,171756,190107,208383,211792,221757,223289,247899,257242
118087,128843,132888,153469,154681,163301,164868,166097,193267,204387,217135,217997,233582,245259,270328,273579
122139,126183,128890,137220,144086,146481,147060,160411,168228,184572,192281,192906,207068,207647,232963,266240
118087,132888,147365,153469,154681,163301,166097,177982,193267,204387,217135,245259,270328,273579
118471,141637,149896,173054,176769,179478,199045,214711,219952,231589,239548,242757,249709,262103,267294,270022,277774
119724,124531,143273,171756,180497,190107,208383,211792,223289,224544,227154,247899,257242
128876,142698,176979,185443,188279,202489,206770,209735,211873,212897,215428,219114,224682,227190,227201,231276,277672
124135,155251,168770,180801,183689,186124,198774,219226,227897,229036,238210,256589,257368,293964
144229,149864,152783,176033,176355,194152,215583,237400,244966,255757,286277,291184
137403,137947,144229,145878,146145,146914,149864,156667,168122,169071,176033,176355,179404,179447,182945,194152,194546,237400,244966,255757,256230,291184
137403,137947,144229,144324,145878,146145,146914,149864,156667,168122,169071,170042,176033,176355,179404,179447,182945,194152,194546,215583,237400,244966,255757,256230,286277,286412,291184
131887,141314,147946,149498,155376,180828,194175,196913,206348,209840,222999,232133,233411,240890,262530,279486
119137,119588,124760,130508,132792,135128,140148,142386,163007,169385,176924,178621,231312,268982
118471,141637,149896,173054,176769,179478,190073,203616,214711,231589,238613,239548,250308,252337,253861,260811,262103,270022,274943,277371,277774
176784,202706,203858,209194,218685,219196,220933,223122,224719,230299,233817,237041
117565,128701,136201,160357,169102,171195,179066,183089,198617,207071,210379,255834,272229
137403,137947,144229,144324,145878,146145,146914,149864,152783,156667,168122,169071,170042,176033,176355,179404,194152,194546,215583,237400,244966,255757,256230,286277,286412,291184
119137,119588,124760,130508,132792,135128,140148,142386,163007,169385,176924,178621,231312,232638
117853,120413,126998,127228,128794,132248,139470,159942,166731,175239,181461,194318,210256,226653,231685,237132,250313,262164
129770,133128,144783,152672,152920,154110,164688,178503,187216,194649,197080,207669
137947,144229,146145,146914,172883,176033,176355,179404,179447,182945,194152,194546,237400,255757,256230,291184
119724,124531,126029,143273,171756,180497,189232,189451,190107,208383,211792,217842,218327,223289,224544,227154,240363,247899,257242,260413,289737
139180,152346,161245,173533,174450,216061,219518,235467,236063,239416,273744,291528
125342,163972,176784,202706,203858,209194,210935,221954,223122,224719,230299,233489,233817,247488,290144
119667,123165,126667,129850,140320,147032,180262,186037,187081,188973,194391,223266,227302,236784
120835,124809,137774,151645,154566,169450,184410,184427,194772,231674,235040,248396
117853,120413,126998,127228,128794,132248,139470,159942,166731,194318,210256,231685,237132,262164
155251,162674,168770,180801,186124,198774,219226,227897,229036,238210,256589,293964
229544,237614,241573,242771,255104,258618,265773,269566,271180,277112,279906,282777,283312,285976,288841
118087,128843,132888,139043,153469,154681,163301,164868,166097,193267,204387,217997,233582,270328
124135,155251,173263,180801,183689,186124,198774,219226,227897,229036,235314,238210,241568,247750,256589,257368,257987,293964
117853,120413,126998,127228,128794,132248,139470,159942,166731,194318,210256,226653,231685,250313,262164
119724,124531,126029,143273,171756,180497,189232,189451,190107,199259,208383,211792,217842,218327,223289,224544,227154,240363,247899,257242,260413,289737
129566,138016,153694,153985,159105,170886,190871,197831,200338,235125,267909,271282,276178
137403,137947,144229,144324,145878,146145,146914,149864,156667,168122,169071,170042,176033,176355,179404,179447,182945,194152,194546,215583,237400,244966,255757,256230,286412,291184
131887,141238,141314,149498,155376,180828,196913,206348,209840,222999,232133,233411,240890,262530,279486
137947,144229,146145,146914,152783,172883,176033,176355,179404,182945,194152,215583,237400,244966,255757,256230,291184
118087,121278,128843,132888,136441,139043,147365,153469,154681,159447,164868,166097,193267,217997,270328
163301,166097,177982,184874,204387,217135,232075,232310,245259,270328,273579,281469
141322,142698,148141,149537,174380,202489,206770,209735,211873,227190,247831,281133,283250
118805,139777,159296,161394,163097,163326,166294,172907,195700,196683,198597,207395,207783,244619,285986
127401,137186,139639,149746,167938,185931,191021,203534,210437,231999,251084,261859,265719,269718,282177
126029,143273,180497,189232,189451,199259,217842,218327,224544,227154,240363,260413,289737
137403,137947,144229,144324,145878,146145,146914,149864,152783,156667,168122,169071,170042,176033,176355,179404,179447,182945,194152,194546,215583,237400,244966,255757,256230,286412,291184
122139,128890,137220,144086,147060,168228,184572,192281,192906,207068,207647,232963
138016,153694,155023,163674,170298,170560,170886,190871,233926,235125,267909,271282,276178
128876,142698,149537,176979,185443,188279,202489,206770,209735,211873,215428,219114,227190,231276,277672,281133
121278,128843,132888,136441,139043,147365,153469,154681,159447,164868,193267,217997,233582
131887,141238,147946,155376,180828,194175,206348,209840,222999,233411,262530,279486
135447,135624,155591,170850,182516,203217,203549,205703,206941,209630,215055,217338,223104,243321,262007
128876,142698,149537,176979,185443,202489,206770,209735,211873,212897,215428,219114,224682,227190,227201,231276,277672,281133
126029,143273,171756,180497,189232,189451,190107,199259,208383,211792,217842,218327,223289,224544,227154,240363,260413,289737
118471,141637,149896,173054,176769,179478,190073,203616,214711,219952,238613,239548,242757,249709,250308,252337,253861,260811,262103,267294,270022,274943,277371,277774
