117853,120413,126998,159942,166731,175239,181461,194318,210256,226653,231685,262164
135447,143349,163995,165306,170850,182516,203217,203549,205435,205703,215055,217338,239837,243321,262007,271811,273087
142698,148141,149537,174380,202489,206770,209735,211873,213550,227190,230450,281133
135447,143349,163995,170850,182516,203217,203549,205435,205703,215055,217338,239837,243321,262007,271811,273087
137403,145878,146145,146914,149864,168122,169071,170042,176033,179404,179447,194546,256230,291184
128876,142698,149537,174380,176979,185443,202489,206770,209735,211873,213550,215428,227190,230450,281133
135447,143349,163995,170850,182516,203217,203549,205435,205703,217338,243321,262007,271811,273087
137403,144324,145878,149864,156667,168122,169071,170042,215583,244966,286412,291184
137403,137947,144229,144324,145878,146145,146914,149864,156667,168122,169071,170042,176033,176355,179404,179447,182945,194152,194546,237400,255757,256230,286412,291184
120835,124809,137774,151645,154566,160030,169450,183386,184427,194772,231674,238497,253283
117853,120413,126998,127228,128794,159942,166731,175239,181461,194318,210256,226653,231685,250313,262164
137403,144229,144324,145878,146145,146914,149864,156667,168122,169071,170042,176033,176355,194152,194546,237400,244966,256230,286412,291184
118471,149896,176769,203616,214711,219952,239548,242757,249709,267294,270022,277774
119667,123165,138328,140320,147032,154993,161833,187081,188973,192496,194391,199458,210636,227302,236784
137403,144229,144324,145878,146145,146914,149864,156667,168122,169071,176033,176355,194152,194546,237400,244966,255757,256230,286412,291184
117853,120413,126998,127228,128794,159942,166731,175239,181461,210256,226653,250313,262164
117853,120413,126998,127228,128794,132248,139470,159942,166731,175239,194318,262164
126029,143273,171756,180497,189232,189451,190107,208383,211792,217842,218327,223289,224544,227154,240363,260413,289737
125342,163972,176784,202706,203858,209194,218685,221954,223122,224719,230299,233489,233817,247488,290144
117853,120413,126998,127228,128794,132248,139470,159942,166731,175239,181461,194318,262164
118471,149896,173054,179478,203616,214711,238613,252337,253861,262103,270022,274943,277371
119667,123165,126667,138328,140320,147032,154993,186037,187081,188973,192496,194391,199458,210636,223266,227302,236784
142698,148141,149537,176979,185443,202489,206770,209735,211873,213550,227190,230450,281133
125342,163972,176784,202706,203858,209194,218685,220933,221954,223122,224719,230299,233489,233817,237041,247488,290144
141637,173054,179478,199045,214711,219952,238613,242757,249709,262103,267294,270022
118471,149896,173054,176769,179478,190073,203616,214711,219952,231589,239548,249709,252337,262103,267294,270022,277371,277774
128876,142698,149537,174380,176979,185443,202489,206770,209735,211873,213550,227190,230450,281133
137403,137947,144229,146145,146914,176033,176355,179404,179447,182945,194152,194546,237400,244966,255757,256230,291184
125342,163972,176784,202706,220933,221954,223122,224719,230299,233489,233817,237041,247488,290144
137403,137947,144229,146145,146914,149864,169071,176033,176355,194152,194546,237400,244966,255757,256230,291184
141637,149896,173054,179478,203616,214711,219952,238613,242757,249709,252337,253861,262103,267294,270022,274943
118471,149896,176769,190073,203616,214711,219952,231589,239548,249709,252337,267294,270022,277371,277774
117853,120413,126998,127228,128794,132248,139470,159942,166731,175239,181461,194318,210256,226653,262164
125342,176784,202706,203858,209194,218685,221954,223122,224719,230299,233489,233817,290144
132324,132944,143758,162977,191234,199067,211255,217562,222694,246231,263302,281391
124135,173263,180801,183689,219226,227897,235314,247750,256589,257368,257987,293964
117853,120413,126998,128794,132248,139470,159942,166731,175239,181461,226653,250313,262164
119667,123165,126667,129850,138328,140320,147032,154993,161833,180262,186037,187081,188973,192496,194391,199458,210636,227302,236784
126029,143273,180497,189232,189451,199259,208383,217842,218327,227154,240363,260413,289737
128876,142698,149537,174380,176979,185443,202489,206770,209735,211873,215428,219114,227190,230450,281133
135447,163995,170850,182516,203217,203549,205435,215055,217338,243321,262007,273087
120835,124809,137774,151645,154566,160030,169450,183386,184410,184427,194772,231674,235040,248396
137403,144229,144324,145878,146145,146914,149864,156667,168122,169071,170042,176033,176355,194152,237400,244966,286412,291184
118471,141637,149896,173054,176769,179478,203616,214711,252337,253861,262103,267294,270022,274943,277371
125342,176784,202706,203858,209194,218685,220933,223122,224719,230299,233489,233817
119667,123165,126667,129850,140320,147032,154993,180262,186037,187081,188973,192496,194391,199458,210636,223266,227302,236784
119667,123165,126667,138328,140320,147032,154993,161833,186037,187081,188973,192496,194391,199458,210636,227302,236784
118471,149896,173054,176769,179478,190073,203616,214711,219952,239548,242757,249709,252337,262103,267294,270022,277774
126029,143273,180497,189232,189451,199259,208383,211792,217842,218327,223289,224544,227154,240363,260413,289737
119667,123165,129850,138328,147032,154993,161833,188973,192496,194391,199458,210636,227302
128876,142698,149537,174380,176979,185443,202489,206770,209735,211873,219114,227190,281133
135447,143349,163995,165306,182516,203217,203549,205435,217338,239837,262007,271811,273087
137403,144229,144324,145878,146145,146914,149864,156667,168122,169071,176033,176355,194152,194546,237400,244966,255757,256230,291184
137403,144324,145878,146145,146914,149864,156667,168122,169071,170042,194546,244966,286412,291184
119667,123165,138328,140320,147032,154993,161833,187081,188973,192496,194391,199458,210636,236784
141637,149896,173054,179478,214711,219952,238613,242757,249709,253861,262103,267294,270022
137403,137947,144229,144324,145878,146145,146914,149864,156667,168122,169071,170042,176033,176355,179404,194152,194546,237400,244966,255757,256230,286412,291184
118471,149896,173054,176769,179478,203616,214711,239548,252337,253861,262103,270022,277371
137947,144229,146145,146914,176033,176355,179404,182945,194152,237400,244966,255757,256230,291184
125342,176784,202706,203858,218685,219196,220933,221954,223122,224719,230299,233489,233817,237041,290144
118471,149896,173054,176769,203616,214711,252337,253861,260811,262103,270022,274943,277371
142698,148141,149537,174380,185443,202489,206770,209735,211873,213550,227190,230450,281133
137403,144229,144324,145878,146145,146914,149864,156667,168122,169071,170042,176033,176355,179404,194152,194546,237400,244966,255757,256230,286412,291184
119724,124531,171756,180497,190107,208383,211792,223289,224544,227154,247899,257242
125342,163972,176784,202706,203858,209194,218685,220933,221954,223122,224719,230299,233489,233817,247488,290144
125342,176784,202706,218685,220933,223122,224719,230299,233489,233817,237041,290144
135447,143349,163995,165306,170850,182516,203217,203549,205435,217338,239837,262007,271811,273087
128876,142698,149537,176979,185443,188279,202489,206770,209735,211873,215428,219114,227190,231276
118471,141637,149896,173054,176769,179478,203616,214711,238613,239548,249709,252337,253861,262103,267294,270022,277371
137403,137947,144229,146145,146914,149864,169071,176033,176355,179404,179447,182945,194152,194546,237400,244966,255757,256230,291184
118471,149896,176769,179478,203616,214711,219952,242757,249709,262103,267294,270022,277774
137403,137947,144229,144324,145878,146145,146914,149864,156667,168122,169071,170042,176033,179404,179447,182945,194152,194546,237400,255757,256230,286412,291184
118471,141637,149896,173054,176769,179478,203616,214711,219952,239548,249709,252337,253861,262103,267294,270022,277371,277774
137403,137947,144229,144324,145878,146145,146914,149864,156667,168122,169071,170042,176033,179404,179447,194152,194546,244966,256230,286412,291184
118471,149896,173054,176769,179478,203616,214711,219952,239548,242757,249709,252337,253861,262103,267294,270022,277774
150358,150992,156706,167608,178420,190215,191432,203842,204540,208896,212384,214481,250546
137403,137947,144229,146145,146914,149864,168122,169071,170042,176033,179404,179447,182945,194152,194546,237400,255757,256230,291184
119137,119588,124760,130508,132792,135128,140148,142386,169385,176924,178621,231312,232638
117853,120413,126998,127228,128794,132248,139470,159942,166731,166763,237132,262164
119667,123165,126667,129850,140320,147032,154993,180262,187081,188973,192496,194391,199458,210636,227302,236784
125342,176784,202706,220933,221954,223122,224719,230299,233489,233817,237041,247488,290144
141637,173054,179478,199045,203616,214711,219952,238613,242757,249709,253861,262103,267294,270022
137403,137947,144229,144324,145878,146145,146914,149864,156667,168122,169071,176033,176355,179404,179447,182945,194152,194546,237400,244966,255757,256230,291184
120835,124809,137774,151645,154566,160030,169450,183386,184410,184427,194772,231674,235040,238497,253283
118471,149896,173054,203616,214711,252337,253861,260811,262103,270022,274943,277371
118805,139777,159296,161394,163097,163326,166294,172907,195700,196683,207395,285986
137403,137947,144229,144324,145878,146145,146914,149864,156667,168122,169071,170042,176033,179404,179447,194152,194546,256230,286412,291184
119137,119588,124760,130508,132792,135128,140148,142386,163007,176924,178621,231312,268982
117853,120413,126998,127228,128794,132248,139470,159942,166731,175239,181461,210256,226653,250313,262164
119667,123165,126667,129850,140320,180262,186037,187081,188973,192496,223266,227302,236784
119667,123165,126667,129850,140320,147032,180262,186037,187081,188973,192496,194391,227302,236784
137403,144324,145878,146145,146914,149864,156667,168122,169071,170042,194546,215583,244966,286412,291184
126029,143273,180497,189451,208383,217842,218327,224544,227154,240363,260413,289737
128876,142698,176979,185443,202489,206770,209735,211873,215428,219114,227190,277672
118471,141637,149896,173054,176769,179478,203616,214711,219952,238613,249709,252337,253861,262103,267294,270022,274943
118471,141637,149896,173054,176769,179478,203616,214711,219952,238613,242757,249709,252337,253861,262103,267294,270022
143349,163995,165306,182516,203217,203549,205435,217338,239837,262007,271811,273087
137403,137947,144229,146145,146914,168122,169071,176033,176355,179404,179447,182945,194152,194546,237400,255757,256230,291184
135447,143349,163995,165306,170850,182516,203217,203549,205435,205703,217338,239837,262007,271811,273087
119667,123165,126667,129850,140320,180262,186037,187081,188973,192496,194391,223266,227302,236784
120835,124809,137774,151645,154566,160030,169450,183386,184410,184427,194772,231674,235040,238497,248396,253283
118471,149896,173054,176769,179478,190073,203616,214711,219952,231589,239548,242757,249709,252337,262103,267294,270022,277774
150358,150992,156706,167608,171534,178420,190215,191185,191432,203842,204540,208896,212384,250546
135447,163995,170850,182516,203217,203549,205703,215055,217338,243321,262007,273087
118471,141637,149896,173054,176769,179478,203616,214711,219952,239548,242757,249709,252337,253861,262103,267294,270022,277774
137403,144324,145878,146145,146914,149864,156667,168122,169071,170042,176033,179404,179447,194152,194546,256230,286412,291184
127401,139639,149746,167938,185931,191021,210437,231999,261859,265719,269718,282177
118471,141637,149896,173054,176769,179478,203616,214711,219952,238613,239548,249709,252337,253861,262103,267294,270022,277774
118471,149896,173054,176769,179478,203616,214711,219952,242757,249709,262103,267294,270022,277774
119667,123165,126667,138328,140320,147032,154993,161833,180262,186037,187081,188973,192496,194391,199458,210636,223266,227302,236784
137403,137947,144229,146145,146914,149864,169071,176033,176355,179404,194152,194546,237400,244966,255757,256230,291184
118471,149896,173054,176769,190073,203616,239548,252337,260811,262103,270022,277371
137403,144229,144324,145878,146145,146914,149864,156667,168122,169071,176033,176355,194152,194546,237400,244966,255757,291184
124135,173263,180801,183689,219226,227897,229036,235314,247750,256589,257368,257987,293964
126029,143273,180497,189232,189451,199259,208383,217842,218327,223289,224544,227154,240363,260413,289737
119667,123165,129850,138328,147032,154993,161833,187081,188973,192496,194391,199458,210636,227302,236784
126029,143273,180497,189451,190107,208383,211792,217842,218327,223289,224544,227154,240363,260413,289737
119137,119588,124760,130508,132792,135128,140148,142386,163007,169385,176924,178621,231312,232638,268982
118087,121278,128843,132888,139043,147365,153469,154681,159447,164868,193267,217997
126029,143273,180497,208383,211792,217842,218327,223289,224544,227154,260413,289737
118471,141637,149896,173054,179478,203616,214711,238613,252337,253861,262103,267294,270022,274943
137403,137947,144229,144324,145878,146145,146914,149864,156667,168122,169071,170042,176033,179404,194152,194546,244966,256230,286412,291184
126029,143273,180497,189232,189451,199259,217842,218327,227154,240363,260413,289737
125342,176784,202706,218685,220933,221954,223122,224719,230299,233489,233817,237041,290144
137403,137947,144229,144324,145878,146145,146914,149864,156667,168122,169071,170042,176033,179404,194152,194546,237400,244966,255757,256230,286412,291184
118471,141637,149896,173054,179478,203616,214711,238613,252337,253861,262103,270022,274943,277371
135447,155591,170850,182516,203217,203549,205703,215055,217338,243321,262007,273087
117853,120413,126998,127228,128794,132248,139470,159942,166731,194318,210256,231685,262164
118471,149896,176769,179478,190073,203616,214711,219952,231589,239548,249709,252337,262103,267294,270022,277371,277774
141637,173054,179478,203616,214711,238613,252337,253861,262103,270022,274943,277371
117853,120413,126998,127228,128794,139470,159942,166731,175239,181461,194318,210256,226653,231685,250313,262164
118471,149896,176769,179478,203616,214711,219952,239548,242757,249709,267294,270022,277774
117853,120413,126998,127228,128794,132248,139470,159942,166731,194318,210256,262164
119667,123165,126667,140320,180262,186037,187081,188973,192496,199458,210636,223266,227302,236784
119667,123165,126667,138328,140320,147032,154993,180262,186037,187081,188973,192496,194391,199458,210636,223266,227302,236784
118471,141637,149896,173054,176769,179478,203616,214711,219952,242757,249709,262103,267294,270022
128876,142698,149537,176979,185443,188279,202489,209735,211873,215428,219114,227190,231276
118471,141637,149896,173054,176769,179478,203616,214711,238613,252337,253861,262103,267294,270022,274943,277371
126029,143273,171756,180497,189451,190107,208383,211792,217842,218327,223289,224544,227154,240363,260413,289737
141637,173054,179478,203616,214711,219952,238613,242757,249709,252337,253861,262103,267294,270022,274943
124135,155251,180801,183689,186124,219226,227897,229036,238210,256589,257368,293964
118471,149896,173054,176769,203616,214711,239548,252337,253861,260811,262103,270022,277371
128876,142698,149537,176979,185443,202489,206770,209735,211873,213550,215428,227190,230450,281133
128876,142698,149537,176979,185443,202489,209735,211873,213550,215428,227190,230450,281133
141637,173054,179478,203616,214711,238613,250308,252337,253861,262103,274943,277371
125342,176784,202706,203858,209194,218685,219196,220933,221954,223122,224719,230299,233489,233817,237041,247488,290144
137403,144324,145878,146145,146914,149864,156667,168122,169071,170042,176033,179404,194152,194546,244966,256230,286412,291184
137403,137947,144229,145878,146145,146914,149864,156667,169071,176033,176355,179404,194152,194546,237400,244966,255757,256230,291184
137947,144229,146145,146914,176033,176355,179404,179447,182945,194152,237400,255757,256230,291184
121278,128843,132888,139043,147365,153469,154681,159447,164868,193267,217997,233582
128876,142698,176979,185443,202489,209735,211873,213550,215428,219114,227190,230450,231276
137403,137947,144229,146145,146914,168122,169071,170042,176033,179404,179447,194152,194546,256230,291184
118471,141637,149896,173054,176769,179478,203616,214711,219952,238613,239548,242757,249709,252337,253861,262103,267294,270022,277774
118471,149896,176769,190073,203616,231589,239548,252337,260811,270022,277371,277774
118471,149896,173054,176769,179478,203616,214711,239548,252337,253861,262103,267294,270022,277371
119667,123165,126667,140320,180262,186037,187081,188973,192496,194391,199458,210636,223266,227302,236784
137403,137947,144229,144324,145878,146145,146914,149864,156667,168122,169071,170042,176033,179404,179447,194152,194546,244966,255757,256230,286412,291184
124135,173263,180801,183689,219226,227897,235314,247750,253939,256589,257368,257987
137403,144229,144324,145878,146145,146914,149864,156667,168122,169071,170042,176033,176355,194152,194546,237400,244966,255757,256230,286412,291184
125342,163972,176784,202706,203858,221954,223122,224719,230299,233489,233817,247488,290144
150358,150992,156706,167608,171534,178420,190215,191185,203842,204540,208896,250546
120835,124809,137774,151645,154566,160030,169450,183386,184427,194772,231674,238497
141637,149896,173054,176769,179478,214711,219952,242757,249709,262103,267294,270022
124135,173263,180801,183689,219226,227897,229036,235314,247750,256589,257368,293964
117853,120413,126998,127228,128794,132248,139470,159942,166731,175239,181461,194318,210256,226653,231685,250313,262164
118805,139777,159296,161394,163097,163326,166294,172907,195700,196683,207395,207783
137403,137947,144229,145878,146145,146914,149864,168122,169071,176033,176355,179404,179447,182945,194152,194546,237400,244966,255757,256230,291184
117853,120413,126998,127228,128794,159942,166731,175239,181461,194318,210256,231685,262164
118471,141637,149896,173054,179478,203616,214711,219952,238613,242757,249709,252337,253861,262103,267294,270022,274943
124135,173263,180801,183689,219226,227897,235314,241568,247750,256589,257368,257987,293964
128876,142698,149537,176979,185443,202489,206770,209735,211873,213550,215428,219114,227190,230450,231276
118471,149896,173054,176769,203616,214711,239548,252337,253861,260811,262103,270022,274943,277371
137403,137947,144229,146145,146914,149864,168122,169071,176033,176355,179404,179447,182945,194152,194546,237400,244966,255757,256230,291184
118471,149896,173054,176769,179478,203616,214711,239548,249709,252337,253861,262103,267294,270022,277371,277774
128876,142698,149537,174380,176979,202489,206770,209735,211873,219114,227190,281133
137403,137947,144229,144324,145878,146145,146914,149864,156667,168122,169071,170042,176033,176355,179404,179447,182945,194152,194546,237400,244966,255757,256230,291184
128876,142698,176979,185443,188279,202489,209735,211873,215428,219114,227190,231276
118471,141637,149896,173054,176769,179478,203616,214711,219952,238613,239548,249709,252337,253861,262103,267294,270022,277371
117853,120413,126998,127228,128794,132248,139470,159942,166731,175239,181461,210256,226653,231685,250313,262164
118471,149896,176769,190073,203616,214711,219952,231589,239548,242757,249709,267294,270022,277774
117565,128701,136201,160357,169102,171195,183089,198617,207071,210379,255834,272229
119667,123165,126667,138328,140320,147032,154993,161833,186037,187081,188973,192496,194391,199458,210636,223266,227302,236784
135447,143349,163995,170850,182516,203217,203549,205435,205703,217338,239837,262007,271811,273087
118471,149896,173054,176769,179478,203616,214711,238613,252337,253861,262103,270022,274943,277371
128876,142698,149537,176979,185443,202489,206770,209735,211873,215428,219114,227190,231276,281133
128876,142698,149537,176979,185443,202489,206770,209735,211873,213550,215428,219114,227190,230450,231276,281133
119667,123165,126667,129850,138328,140320,147032,154993,180262,186037,187081,188973,192496,194391,199458,210636,223266,227302,236784
137403,137947,144229,144324,145878,146145,146914,149864,156667,168122,169071,170042,176033,176355,179404,179447,182945,194152,194546,237400,244966,255757,256230,286412,291184
137403,144324,145878,146145,149864,156667,168122,169071,170042,176033,215583,244966,286412,291184
128876,142698,149537,176979,202489,206770,209735,211873,215428,219114,227190,277672,281133
125342,176784,202706,203858,218685,220933,221954,223122,224719,230299,233489,233817,237041,247488,290144
137403,137947,144324,145878,146145,146914,149864,156667,168122,169071,170042,176033,179404,179447,194152,194546,256230,286412,291184
119667,123165,126667,129850,140320,180262,186037,187081,188973,223266,227302,236784
118471,149896,176769,179478,203616,214711,219952,242757,249709,262103,267294,270022
125342,176784,202706,203858,209194,218685,219196,220933,223122,224719,230299,233489,233817
117853,120413,126998,127228,128794,132248,139470,159942,166731,175239,181461,262164
119667,123165,126667,129850,140320,147032,154993,180262,186037,187081,188973,192496,194391,210636,223266,227302,236784
119667,123165,126667,129850,138328,140320,147032,154993,161833,180262,186037,187081,188973,192496,194391,199458,210636,223266,227302,236784
126029,143273,180497,190107,208383,211792,217842,218327,223289,224544,227154,289737
118471,149896,173054,176769,179478,190073,203616,214711,219952,239548,249709,252337,253861,262103,267294,270022,277371,277774
150358,150992,156706,167608,178420,190215,191185,191432,203842,204540,208896,212384,250546
117853,120413,126998,159942,166731,175239,181461,194318,210256,226653,231685,250313,262164
120835,124809,137774,151645,154566,169450,183386,184410,184427,194772,231674,235040,248396,253283
118471,149896,173054,176769,179478,190073,203616,214711,239548,252337,253861,262103,267294,270022,277371,277774
117853,126998,159942,166731,175239,181461,194318,210256,226653,231685,250313,262164
120835,124809,137774,151645,154566,160030,169450,183386,184410,184427,194772,231674,235040,248396,253283
125342,176784,202706,203858,209194,218685,219196,220933,221954,223122,224719,230299,233489,233817,237041,290144
119667,123165,126667,129850,138328,140320,147032,154993,161833,186037,187081,188973,192496,194391,199458,210636,227302,236784
137403,144324,145878,146145,146914,149864,156667,168122,169071,170042,176033,179404,194546,244966,256230,286412,291184
131887,141314,147946,155376,180828,194175,206348,209840,222999,233411,262530,279486
125342,176784,202706,203858,209194,218685,219196,220933,221954,223122,224719,230299,233489,233817,290144
124135,155251,180801,183689,186124,198774,219226,227897,229036,238210,256589,257368,293964
117853,120413,126998,128794,159942,166731,175239,181461,194318,210256,226653,231685,250313,262164
118471,149896,173054,176769,190073,203616,214711,239548,252337,260811,262103,270022,277371,277774
118471,149896,173054,176769,179478,190073,203616,214711,239548,249709,252337,253861,262103,267294,270022,277371,277774
119667,123165,126667,140320,147032,154993,180262,186037,187081,188973,192496,194391,199458,210636,223266,227302,236784
137403,144324,145878,146145,146914,149864,156667,168122,169071,170042,176033,194152,194546,215583,244966,286412,291184
119667,123165,126667,129850,138328,147032,154993,161833,180262,187081,188973,192496,194391,199458,210636,227302,236784
137403,144324,145878,146145,149864,156667,168122,169071,170042,176033,237400,244966,286412,291184
124135,173263,180801,183689,219226,227897,229036,235314,247750,253939,256589,257368,257987,293964
137403,144229,144324,145878,146145,146914,149864,156667,168122,169071,176033,176355,179404,194152,194546,237400,244966,255757,256230,291184
155429,159532,172622,173373,205813,206040,212347,215586,223792,249776,261855,264021,271923
137403,137947,144229,144324,145878,146145,146914,149864,156667,168122,169071,170042,176033,176355,179404,179447,194152,194546,237400,244966,255757,256230,286412,291184
118087,121278,132888,139043,147365,153469,154681,159447,164868,166097,193267,217997
137403,144229,144324,145878,146145,146914,149864,156667,168122,169071,176033,176355,194152,237400,244966,291184
125342,176784,202706,203858,218685,219196,220933,223122,224719,230299,233489,233817,237041,290144
125342,176784,202706,203858,209194,218685,220933,221954,223122,224719,230299,233489,233817
117853,120413,126998,127228,128794,159942,166731,175239,181461,194318,210256,226653,231685,262164
118471,149896,176769,179478,190073,203616,214711,219952,231589,239548,242757,249709,252337,262103,267294,270022,277774
118471,141637,149896,173054,176769,179478,203616,214711,239548,252337,253861,262103,267294,270022,277371
117853,120413,126998,128794,159942,166731,175239,181461,210256,226653,231685,250313,262164
118471,149896,173054,176769,179478,203616,214711,219952,239548,242757,249709,262103,267294,270022,277774
119667,123165,126667,129850,138328,140320,147032,154993,161833,187081,188973,192496,194391,199458,210636,227302,236784
118471,149896,173054,176769,190073,203616,239548,252337,260811,270022,277371,277774
128876,142698,149537,176979,185443,202489,206770,209735,211873,215428,219114,227190,277672,281133
119667,123165,126667,129850,138328,140320,147032,154993,161833,186037,187081,188973,192496,194391,199458,210636,223266,227302,236784
137403,137947,144229,145878,146145,146914,149864,168122,169071,170042,176033,179404,179447,194152,194546,255757,256230,291184
137947,144229,146145,146914,176033,176355,179404,179447,182945,194152,194546,237400,255757,256230,291184
118471,149896,173054,176769,179478,190073,203616,214711,231589,239548,252337,262103,267294,270022,277371,277774
141637,149896,173054,179478,203616,214711,219952,238613,242757,249709,253861,262103,267294,270022
118471,141637,149896,173054,176769,179478,203616,214711,219952,242757,249709,252337,253861,262103,267294,270022,277774
176784,202706,203858,209194,218685,219196,220933,223122,224719,230299,233489,233817
150358,150992,156706,167608,171534,178420,190215,191432,203842,204540,208896,212384,250546
118471,149896,176769,179478,203616,214711,219952,231589,239548,242757,249709,267294,270022,277774
135447,143349,163995,170850,182516,203217,203549,205435,205703,215055,217338,239837,262007,271811,273087
126029,143273,180497,189451,208383,211792,217842,218327,223289,224544,227154,260413,289737
119667,123165,138328,140320,154993,161833,187081,188973,192496,194391,199458,210636,227302,236784
124135,173263,180801,183689,219226,227897,229036,235314,241568,247750,253939,256589,257368,257987,293964
118471,141637,149896,173054,176769,179478,203616,214711,238613,249709,252337,253861,262103,267294,270022,274943
117853,120413,126998,127228,128794,132248,139470,159942,166731,175239,181461,194318,210256,231685,262164
118471,141637,149896,173054,176769,179478,203616,214711,238613,249709,252337,253861,262103,267294,270022,274943,277371
118471,149896,173054,176769,179478,203616,214711,239548,252337,253861,262103,270022,274943,277371
118471,149896,173054,176769,179478,190073,203616,214711,239548,252337,253861,262103,270022,277371,277774
118471,141637,149896,173054,176769,179478,203616,214711,238613,252337,253861,262103,270022,274943,277371
118471,149896,176769,190073,203616,214711,239548,252337,260811,270022,277371,277774
119667,123165,129850,138328,140320,147032,154993,161833,187081,188973,192496,194391,199458,210636,227302,236784
137403,137947,144229,144324,145878,146145,146914,149864,156667,168122,169071,170042,176033,179404,194152,194546,256230,286412,291184
141637,173054,179478,203616,214711,238613,250308,252337,253861,262103,270022,274943
137403,137947,144229,146145,146914,149864,176033,176355,194152,194546,237400,244966,255757,256230,291184
125342,176784,202706,203858,209194,218685,219196,220933,223122,224719,230299,233489,233817,237041
117853,120413,126998,127228,128794,139470,159942,166731,175239,181461,194318,210256,226653,231685,262164
119667,123165,126667,129850,140320,147032,154993,180262,187081,188973,192496,194391,227302,236784
128876,142698,149537,176979,185443,202489,209735,211873,213550,215428,219114,227190,230450,231276
124135,155251,180801,183689,186124,198774,219226,227897,238210,256589,257368,293964
137403,137947,144229,146145,146914,168122,169071,170042,176033,176355,179404,179447,182945,194152,194546,237400,255757,256230,291184
118471,149896,173054,176769,179478,203616,214711,239548,252337,262103,270022,277371,277774
119667,123165,126667,138328,140320,161833,187081,188973,192496,194391,199458,210636,227302,236784
125342,163972,176784,220933,221954,223122,224719,230299,233489,233817,247488,290144
135447,143349,163995,170850,182516,203217,203549,205435,215055,217338,239837,262007,271811,273087
128876,142698,149537,174380,176979,185443,202489,206770,209735,211873,227190,281133
118471,141637,149896,173054,179478,203616,214711,219952,238613,249709,252337,253861,262103,267294,270022,274943
118471,149896,173054,176769,203616,214711,239548,252337,260811,262103,270022,274943,277371
119137,119588,124760,130508,135128,140148,142386,163007,176924,178621,231312,232638,268982
128876,142698,149537,176979,185443,202489,206770,209735,211873,215428,219114,227190,231276,277672
137403,137947,144229,145878,146145,146914,149864,168122,169071,170042,176033,179404,179447,182945,194152,194546,255757,256230,291184
125342,163972,176784,202706,203858,209194,218685,219196,220933,221954,223122,224719,230299,233489,233817,237041,247488,290144
137403,144324,145878,146145,149864,156667,168122,169071,170042,215583,244966,286412,291184
119667,123165,126667,138328,140320,161833,186037,187081,188973,192496,199458,210636,223266,227302,236784
137947,144229,146914,176033,176355,179404,179447,182945,194152,194546,237400,255757,256230
117853,120413,126998,127228,128794,132248,139470,159942,166731,175239,181461,226653,250313,262164
141637,149896,173054,176769,179478,203616,214711,219952,242757,249709,262103,267294,270022
117853,120413,126998,127228,128794,132248,139470,159942,166731,175239,181461,194318,210256,226653,231685,262164
124135,173263,183689,219226,227897,235314,241568,247750,253939,256589,257368,257987,293964
137403,137947,144229,145878,146145,146914,149864,168122,169071,170042,176033,179404,179447,194152,194546,256230,291184
117853,120413,126998,127228,128794,139470,159942,166731,194318,210256,231685,262164
128876,142698,176979,185443,188279,202489,206770,209735,211873,215428,219114,227190,231276,277672
119667,123165,126667,129850,147032,154993,180262,187081,188973,192496,194391,199458,210636,227302,236784
117853,120413,126998,127228,128794,132248,139470,159942,166731,175239,181461,226653,262164
141637,173054,179478,199045,214711,219952,238613,242757,249709,253861,262103,267294,270022
142698,148141,149537,174380,176979,185443,202489,206770,209735,211873,213550,227190,230450,281133
137403,144324,145878,146145,149864,156667,168122,169071,176033,237400,244966,286412,291184
118471,141637,149896,173054,176769,179478,203616,214711,219952,242757,249709,253861,262103,267294,270022,277774
137403,144324,145878,146145,149864,156667,168122,169071,176033,194152,237400,244966,291184
125342,176784,202706,203858,218685,219196,220933,223122,224719,230299,233489,233817,237041
137403,144324,145878,146145,146914,149864,156667,168122,169071,170042,179404,194546,244966,286412,291184
137403,144324,145878,146145,146914,149864,156667,168122,169071,170042,176033,194546,215583,244966,286412,291184
119667,123165,129850,138328,147032,154993,180262,187081,188973,192496,194391,199458,210636,227302,236784
137403,137947,144229,144324,145878,146145,146914,149864,156667,168122,169071,170042,176033,179404,179447,194152,194546,237400,244966,255757,256230,286412,291184
118471,141637,149896,173054,176769,179478,203616,214711,219952,238613,242757,249709,253861,262103,267294,270022
118471,141637,149896,173054,176769,179478,203616,214711,219952,242757,249709,252337,262103,267294,270022,277774
128876,142698,149537,174380,176979,185443,202489,206770,209735,211873,215428,219114,227190,281133
128876,142698,149537,174380,176979,185443,202489,206770,209735,211873,213550,215428,219114,227190,230450,281133
176784,202706,203858,209194,218685,219196,220933,223122,224719,230299,233817,237041
119667,123165,126667,138328,140320,161833,186037,187081,188973,192496,199458,210636,227302,236784
118471,141637,149896,173054,176769,179478,203616,214711,239548,249709,252337,253861,262103,267294,270022,277371,277774
126029,143273,171756,180497,190107,208383,211792,217842,218327,223289,224544,227154,289737
119667,123165,126667,129850,140320,180262,186037,187081,188973,194391,223266,227302,236784
117565,128701,136201,160357,169102,171195,179066,183089,198617,207071,210379,255834,272229
119137,119588,124760,130508,132792,135128,140148,142386,163007,169385,176924,178621,231312,232638
126029,143273,180497,189232,189451,208383,217842,218327,224544,227154,240363,260413,289737
135447,143349,163995,170850,182516,203217,203549,205435,205703,215055,217338,243321,262007,273087
131253,131977,135672,151125,174169,191734,194193,203957,222465,228471,235952,263129
129770,133128,144783,152672,152920,154110,164688,178503,187216,194649,197080,207669
176784,202706,203858,209194,218685,219196,220933,223122,224719,230299,233489,233817,237041
141637,149896,173054,179478,214711,219952,238613,242757,249709,262103,267294,270022
126029,143273,180497,189451,190107,208383,211792,217842,218327,223289,224544,227154,260413,289737
117853,120413,126998,127228,128794,139470,159942,166731,175239,181461,194318,210256,231685,262164
118471,149896,173054,176769,179478,203616,214711,252337,253861,262103,267294,270022,274943,277371
119667,123165,126667,129850,140320,180262,186037,187081,188973,192496,194391,210636,223266,227302,236784
118471,149896,173054,176769,190073,203616,214711,239548,252337,260811,262103,270022,277371
128876,142698,149537,176979,185443,202489,206770,209735,211873,213550,215428,219114,227190,230450,281133
128876,142698,176979,185443,202489,209735,211873,215428,219114,227190,231276,277672
130578,131174,141374,168399,174159,175360,227332,249235,266991,274630,281499,281959
118471,149896,176769,190073,203616,214711,231589,239548,252337,262103,270022,277371,277774
126029,143273,171756,180497,190107,208383,211792,218327,223289,224544,227154,289737
124135,173263,180801,183689,219226,227897,235314,241568,247750,253939,256589,257368,257987
137403,144229,145878,146145,146914,149864,156667,169071,176033,176355,194152,194546,237400,244966,255757,256230,291184
137403,137947,145878,146145,146914,149864,168122,169071,170042,176033,179404,179447,194152,194546,256230,291184
126029,143273,171756,180497,189451,190107,208383,211792,217842,218327,223289,224544,227154,260413,289737
126029,143273,180497,189232,189451,208383,211792,217842,218327,223289,224544,227154,240363,260413,289737
117853,120413,126998,128794,159942,166731,175239,181461,194318,210256,226653,231685,262164
150358,150992,156706,167608,171534,178420,190215,191432,203842,204540,208896,212384,214481,250546
150358,150992,167608,178420,190215,191432,203842,204540,208896,212384,214481,250546
128876,142698,176979,185443,188279,202489,209735,215428,219114,227190,231276,277672
126029,143273,180497,189451,190107,208383,211792,217842,218327,223289,224544,227154,289737
119667,123165,129850,138328,147032,154993,161833,187081,188973,192496,194391,199458,210636
125342,163972,176784,202706,218685,220933,221954,223122,224719,230299,233489,233817,237041,247488,290144
118471,149896,176769,190073,203616,219952,231589,239548,242757,249709,267294,270022,277774
126029,143273,171756,180497,189232,189451,190107,199259,208383,211792,217842,218327,223289,224544,227154,240363,260413,289737
