124953,146608,165033,165472,188723,194420,194878,207732,228265,229193,229425,231457,237675,274066
120211,130269,146587,151523,182715,188622,189967,194078,202866,219093,232890,235370,246044,270728,285426
144235,147056,158463,161425,165102,178664,187307,193138,210033,225545,227067,231668,245432
118905,120211,130269,139102,146587,151523,182715,187634,188622,188722,189967,194078,202866,219093,232890,235370,241812,246044,250743,267335,270728,285426
118905,120211,130269,139102,151523,154141,182715,183815,187634,188622,188722,189967,195569,213828,219093,235370,241812,246044,250743,267335,285426
149315,181206,201699,203870,204484,207768,209994,213808,216004,221365,230338,233379,235795,237960,241634
136419,144235,147056,158463,161425,165102,178664,187307,193138,210033,225545,227067,245432
125600,149315,161533,170764,196987,202814,204484,226562,233553,241634,248440,288872
118905,120211,130269,139102,146587,151523,154141,182715,186827,187634,188622,188722,189967,193831,194078,202866,219093,232890,235370,241812,246044,250743,267335,270728,285426
149315,181206,186218,203870,204484,216004,221365,226562,233379,235795,237960,241634,288872
149315,181206,186218,203870,204484,207768,214895,216004,221365,226562,230338,233379,235795,237960,241634
120211,130269,146587,151523,182715,186827,187634,188622,189967,193831,194078,202866,232890,235370,241812,246044,270728,285426
118905,120211,130269,139102,154141,183815,187634,188622,188722,189967,195569,213828,219093,246044,250743,267335
118905,120211,130269,146587,151523,182715,187634,188622,188722,189967,194078,202866,219093,232890,235370,241812,246044,270728,285426
125600,149315,161533,186218,202814,203870,204484,226562,233553,235795,241634,288872
120211,130269,151523,154141,182715,186827,187634,188622,189967,193831,194078,202866,235370,241812,246044,250743,267335,285426
118905,120211,130269,139102,151523,154141,182715,183815,187634,188622,188722,189967,194078,195569,202866,213828,219093,235370,241812,246044,250743,267335,270728,285426
120089,121441,129593,135761,156417,159509,167176,168385,182856,198405,198756,223519,237185,238042
118905,120211,130269,139102,151523,154141,183815,187634,188622,189967,195569,213828,219093,235370,246044,250743,267335,285426
118905,120211,130269,139102,151523,154141,182715,183815,187634,188622,188722,189967,195569,213828,219093,235370,246044,250743,267335,285426
124953,162925,165033,165472,172023,188723,194878,207732,228265,229193,229425,231457,237675,274066
118905,120211,130269,139102,146587,187634,188622,188722,189967,194078,202866,219093,246044,270728,285426
149315,186218,203870,204484,207768,214895,221365,226562,233553,235795,241634,288872
119895,124953,146608,162925,165033,165472,172023,188723,194420,194878,207732,228265,229193,229425,231457,237675,274066
120211,130269,151523,154141,182715,187634,188622,189967,193831,194078,235370,241812,246044,250743,267335,285426
119990,123924,126571,136825,158021,164099,167197,178149,192435,194231,204192,231699,241374,254605,258121,287404
124953,146608,157879,162925,165033,165472,165992,172023,178362,188723,194420,206357,207732,228265,229193,229425,237675
124953,146608,157879,162925,165033,165472,172023,178362,188723,194420,194878,206357,207732,228265,229193,229425,237675,274066
124953,146608,162925,165033,165472,172023,178362,188723,194420,194878,207732,228265,229193,229425,237675,274066
118905,120211,130269,139102,146587,151523,154141,182715,186827,187634,188622,188722,189967,193831,194078,202866,219093,235370,241812,246044,250743,267335,270728,285426
149315,181206,186218,201699,203870,204484,207768,209994,213808,216004,221365,230338,233379,235795,237960,241634
123924,126571,136825,158021,167197,178149,192435,194231,204192,231699,254605,258121,287404
146587,151523,154141,182715,186827,189967,193831,194078,202866,232890,235370,241812,246044,270728,285426
118905,120211,130269,146587,187634,188622,188722,189967,194078,202866,219093,232890,246044,270728,285426
124953,162925,165033,165472,172023,188723,194420,194878,207732,228265,229193,229425,231457,237675,274066
121608,135435,154554,162082,163837,166128,179298,179504,181293,186334,191774,192450,216426,269250
125600,160955,161533,170764,196987,202814,202918,229552,233553,236954,248440,264860
118905,120211,130269,146587,151523,182715,187634,188622,188722,189967,194078,202866,219093,232890,246044,270728,285426
118905,120211,130269,146587,151523,182715,186827,187634,188622,188722,189967,193831,194078,202866,219093,232890,235370,241812,246044,250743,267335,270728,285426
119990,126571,136825,158021,164099,167197,177297,178149,194231,204192,231699,241374,254605,287404
149315,181206,186218,201699,203870,204484,207768,209994,213808,214895,216004,221365,226562,230338,233379,235795,241634,288872
125600,149315,161533,186218,202814,203870,204484,214895,221365,226562,233553,235795,241634,288872
119990,126571,136825,158021,164099,167197,177297,178149,194231,204192,231699,241374,254605
118905,120211,130269,151523,154141,183815,187634,188622,195569,246044,250743,267335
120211,146587,151523,154141,182715,186827,187634,188622,189967,193831,194078,202866,235370,241812,246044,250743,267335,285426
124953,146608,157879,162925,165033,165472,165992,178362,188723,194420,194878,206357,207732,229193,229425,237675,274066
118905,120211,130269,139102,151523,154141,182715,183815,187634,188622,188722,189967,194078,195569,213828,219093,235370,241812,246044,250743,267335,285426
120089,129593,135761,156417,159509,167176,168385,169374,198405,198756,219593,223519,237185,238042
118905,120211,130269,139102,187634,188622,188722,189967,194078,202866,213828,219093,246044,267335,270728,285426
118905,120211,130269,139102,146587,151523,182715,187634,188622,188722,189967,193831,194078,202866,219093,232890,235370,241812,246044,250743,267335,270728,285426
119895,124953,162925,164007,165033,165472,194878,228265,229193,229425,231457,237675,274066
149315,181206,186218,203870,204484,207768,216004,221365,226562,233379,235795,237960,241634,288872
118905,120211,130269,146587,151523,182715,186827,187634,188622,189967,193831,194078,202866,219093,232890,235370,241812,246044,267335,270728,285426
118905,120211,130269,139102,146587,151523,182715,187634,188622,188722,189967,194078,202866,219093,232890,235370,246044,250743,267335,270728,285426
118905,120211,130269,154141,183815,187634,188622,195569,213828,219093,246044,250743,267335
149315,181206,186218,203870,204484,207768,213808,214895,216004,221365,226562,230338,233379,235795,237960,241634,288872
119895,124953,162925,164007,165033,165472,188723,194420,194878,207732,228265,229193,229425,231457,237675,274066
125600,149315,161533,170764,186218,202814,203870,204484,221365,226562,233553,235795,241634,288872
120211,146587,151523,154141,182715,186827,187634,188622,189967,193831,194078,202866,232890,235370,241812,246044,250743,267335,270728,285426
121608,135435,154554,163837,179298,179504,181293,186334,191774,192450,216426,269250
124953,146608,157879,162925,165033,165472,165992,172023,178362,188723,194420,194878,206357,207732,229425,274066
118905,120211,130269,139102,151523,154141,182715,187634,188622,188722,189967,193831,194078,195569,202866,213828,219093,235370,241812,246044,250743,267335,285426
120211,146587,151523,154141,182715,186827,187634,188622,189967,193831,194078,235370,241812,246044,250743,267335,285426
149315,161533,186218,203870,204484,214895,221365,226562,233379,233553,235795,241634,288872
149315,181206,186218,201699,203870,204484,207768,209994,213808,214895,216004,221365,230338,233379,235795,241634,288872
118905,120211,130269,139102,151523,154141,182715,183815,187634,188622,189967,195569,213828,219093,235370,246044,250743,267335,285426
124953,146608,157879,162925,165033,165472,165992,172023,178362,188723,194420,194878,206357,207732,229193,229425,237675
120211,151523,154141,182715,187634,188622,195569,235370,241812,246044,250743,267335,285426
120211,130269,151523,154141,182715,187634,188622,189967,193831,195569,235370,241812,246044,250743,267335,285426
121608,129610,135435,154554,163837,179298,179504,181293,186334,191774,192450,216426
118905,120211,130269,139102,151523,154141,182715,187634,188622,189967,194078,195569,213828,219093,235370,241812,246044,250743,267335,285426
118905,120211,130269,139102,151523,154141,187634,188622,188722,189967,194078,202866,213828,219093,246044,250743,267335,270728,285426
118905,120211,130269,151523,154141,187634,188622,195569,219093,235370,246044,250743,267335
118905,120211,130269,146587,151523,154141,182715,186827,187634,188622,189967,193831,194078,202866,219093,232890,235370,241812,246044,267335,270728,285426
149315,181206,186218,203870,204484,207768,213808,214895,221365,226562,230338,233379,235795,241634,288872
124953,146608,165033,165472,178362,188723,194420,194878,206357,207732,228265,229193,229425,237675,274066
118905,120211,130269,151523,154141,187634,188622,189967,195569,219093,235370,246044,250743,267335,285426
119895,124953,164007,165033,165472,194878,228265,229193,229425,231457,237675,274066
120211,146587,151523,182715,186827,188622,189967,193831,194078,202866,232890,235370,241812,246044,270728,285426
118905,120211,130269,139102,151523,187634,188622,188722,189967,194078,202866,219093,246044,267335,270728,285426
125600,149315,170764,186218,203870,204484,207768,214895,221365,226562,233553,235795,241634,288872
124953,146608,162925,165033,165472,172023,188723,194878,207732,228265,229193,229425,237675,274066
181206,186218,201699,203870,204484,207768,209994,213808,214895,221365,230338,233379,235795,241634,288872
128133,129270,131555,132884,143493,154470,156245,157908,159515,165685,177783,204283,221011
124953,146608,157879,165033,165472,178362,188723,194420,194878,206357,207732,229193,229425,237675,274066
118905,120211,130269,146587,151523,182715,188622,189967,194078,202866,219093,232890,235370,246044,270728,285426
125600,149315,161533,186218,203870,204484,207768,214895,221365,226562,233379,233553,235795,241634,288872
118905,120211,130269,151523,154141,183815,187634,188622,195569,213828,219093,246044,250743,267335
120211,130269,146587,151523,182715,188622,189967,194078,202866,232890,235370,241812,246044,270728,285426
121608,135435,154554,162082,163837,179298,179504,186334,191774,192450,216426,269250
118905,120211,130269,139102,154141,183815,187634,188622,188722,189967,194078,202866,213828,219093,246044,250743,267335,285426
118905,120211,130269,139102,154141,183815,187634,188622,188722,195569,213828,219093,250743,267335
119990,123924,136825,158021,164099,167197,177297,178149,194231,231699,241374,254605,287404
121608,135435,154554,162082,163837,166128,179298,179504,186334,191774,192450,216426,269250
125600,149315,161533,170764,186218,196987,202814,204484,226562,233553,241634,248440,288872
125600,149315,161533,170764,186218,204484,214895,226562,233553,235795,241634,248440,288872
118905,120211,130269,146587,151523,154141,182715,186827,187634,188622,188722,189967,193831,194078,202866,219093,232890,235370,241812,246044,250743,267335,270728,285426
125600,149315,161533,170764,186218,204484,214895,226562,233553,241634,248440,288872
120211,130269,146587,151523,182715,188622,189967,194078,202866,232890,235370,246044,270728,285426
125600,149315,161533,170764,186218,202814,204484,214895,226562,233553,235795,241634,248440,288872
124953,146608,162925,165033,165472,172023,188723,194420,194878,207732,228265,229193,229425,231457,237675,274066
118905,120211,130269,139102,151523,154141,182715,183815,187634,188622,188722,189967,194078,195569,202866,213828,219093,235370,241812,246044,250743,267335,285426
124953,146608,162925,165033,165472,172023,178362,188723,194420,194878,207732,228265,229193,229425,231457,237675,274066
120089,121441,129593,135761,156417,167176,168385,169374,182856,198405,198756,223519,237185,238042
120211,146587,151523,154141,182715,186827,187634,188622,189967,193831,194078,202866,232890,235370,241812,246044,267335,270728,285426
121608,135435,154554,162082,163837,179298,179504,181293,186334,191774,192450,216426,269250
125600,149315,161533,170764,186218,202814,204484,226562,233553,235795,241634,248440,288872
119990,123924,136825,158021,167197,192435,194231,204192,231699,241374,254605,258121,287404
118905,120211,130269,146587,151523,154141,182715,186827,187634,188622,189967,193831,194078,202866,219093,232890,235370,241812,246044,250743,267335,270728,285426
125600,149315,161533,186218,202814,203870,204484,221365,226562,233553,235795,241634,288872
124953,146608,157879,162925,165033,165472,165992,172023,178362,188723,194420,194878,206357,207732,228265,229193,229425,237675
125600,149315,170764,186218,204484,214895,221365,226562,233553,235795,241634,288872
125600,160955,161533,170764,196987,202814,226562,229552,233553,248440,264860,288872
125600,149315,161533,170764,186218,203870,204484,207768,214895,221365,226562,233379,233553,235795,241634,288872
119895,124953,165033,165472,188723,194420,194878,228265,229193,229425,231457,237675,274066
136419,144235,147056,158463,161425,165102,178664,187307,210033,225545,227067,231668,245432
119990,123924,136825,158021,164099,167197,177297,178149,194231,204192,231699,241374,254605,287404
126571,136825,158021,164099,167197,177297,178149,192435,194231,204192,231699,254605,258121,287404
149315,181206,186218,201699,203870,204484,207768,209994,213808,214895,216004,221365,226562,230338,233379,235795,237960,241634,288872
118905,120211,130269,146587,188622,188722,189967,194078,202866,219093,232890,246044,270728,285426
146608,157879,162925,165033,165992,172023,178362,188723,206357,207732,228265,229193,237675
146587,151523,154141,182715,186827,189967,193831,235370,241812,246044,267335,285426
125600,149315,161533,170764,186218,202814,204484,214895,221365,226562,233553,235795,241634,248440,288872
146608,157879,162925,165033,165472,165992,172023,178362,188723,194420,206357,207732,229193
120211,130269,146587,151523,154141,182715,186827,187634,188622,189967,193831,194078,202866,235370,241812,246044,250743,267335,270728,285426
123288,163973,193677,196521,196794,225486,233464,250088,256103,257446,258611,275092
149315,181206,186218,203870,204484,207768,209994,213808,214895,216004,221365,226562,230338,233379,235795,241634,288872
128133,129270,131555,132884,143493,154470,155362,156245,157908,158316,159515,165685,177783,204283,221011
118905,120211,130269,139102,151523,154141,182715,183815,187634,188622,188722,189967,194078,202866,213828,219093,235370,241812,246044,250743,267335,270728,285426
120089,129593,135761,156417,159509,167176,168385,182856,198405,198756,219593,223519,237185,238042
125600,149315,170764,186218,203870,204484,207768,214895,221365,226562,233379,233553,235795,241634,288872
120089,121441,135761,159509,167176,168385,182856,198405,198756,223519,237185,238042
120211,130269,146587,151523,182715,188622,189967,194078,202866,219093,232890,235370,241812,246044,270728,285426
125600,149315,161533,170764,186218,204484,214895,221365,226562,233553,235795,241634,288872
124953,146608,162925,165033,165472,178362,188723,194420,194878,207732,228265,229193,229425,237675,274066
136419,144235,147056,158463,161425,165102,178664,187307,193138,210033,225545,227067,231668
118905,120211,130269,139102,146587,151523,154141,182715,186827,187634,188622,188722,189967,193831,194078,202866,213828,219093,232890,235370,241812,246044,250743,267335,270728,285426
149315,181206,186218,203870,204484,207768,214895,216004,221365,226562,233379,235795,241634,288872
125600,160955,161533,170764,196987,202814,202918,226562,229552,233553,248440,264860,288872
125600,149315,161533,170764,186218,203870,204484,207768,214895,221365,226562,233553,235795,241634,288872
120089,135761,159509,167176,168385,182856,198405,198756,219593,223519,237185,238042
118905,120211,130269,146587,151523,182715,186827,187634,188622,189967,193831,194078,202866,219093,232890,235370,241812,246044,270728,285426
125600,149315,161533,186218,203870,204484,214895,221365,226562,233379,233553,235795,241634,288872
126571,136825,164099,167197,177297,178149,192435,194231,204192,231699,241374,254605,258121,287404
118905,120211,130269,139102,151523,154141,183815,187634,188622,188722,189967,195569,213828,219093,246044,250743,267335
123288,163973,193677,196521,196794,211940,225486,229836,250088,256103,258611,275092
146587,151523,182715,188622,189967,193831,194078,202866,232890,235370,241812,246044,270728,285426
119990,123924,136825,158021,164099,167197,177297,192435,194231,231699,241374,254605,258121,287404
124953,146608,162925,165033,165472,172023,188723,194420,194878,207732,228265,229193,229425,237675,274066
128133,129270,131555,132884,143493,155362,156245,157908,159515,165685,177783,204283,221011
118905,120211,130269,151523,154141,182715,183815,187634,188622,189967,195569,219093,235370,246044,250743,267335,285426
146608,157879,162925,165033,165472,165992,172023,178362,188723,194420,206357,207732,228265,229193,229425,237675
149315,181206,186218,203870,204484,207768,214895,221365,226562,233379,233553,235795,241634,288872
146608,157879,162925,165033,165472,165992,172023,178362,188723,206357,207732,228265,229193,237675
119990,123924,136825,158021,164099,167197,177297,178149,192435,194231,204192,231699,241374,254605,258121,287404
118905,120211,130269,146587,151523,182715,187634,188622,188722,189967,193831,194078,202866,219093,232890,235370,241812,246044,267335,270728,285426
120211,130269,151523,154141,182715,187634,188622,189967,195569,235370,241812,246044,250743,267335,285426
123288,163973,193677,196521,196794,211940,225486,250088,256103,257446,258611,275092
146587,151523,182715,186827,189967,193831,194078,202866,232890,235370,241812,246044,270728,285426
118905,130269,139102,154141,183815,187634,188722,195569,213828,219093,250743,267335
118905,120211,130269,139102,146587,151523,182715,187634,188622,188722,189967,194078,202866,219093,232890,235370,241812,246044,267335,270728,285426
119895,162925,165033,165472,172023,194878,228265,229193,229425,231457,237675,274066
119895,124953,146608,162925,165033,165472,188723,194420,194878,207732,228265,229193,229425,231457,237675,274066
120211,130269,151523,154141,182715,187634,188622,189967,193831,194078,195569,235370,241812,246044,250743,267335,285426
118905,120211,130269,139102,146587,151523,182715,187634,188622,188722,189967,194078,202866,213828,219093,235370,246044,250743,267335,270728,285426
119895,124953,164007,165033,165472,188723,194420,194878,228265,229193,229425,231457,237675,274066
149315,161533,186218,203870,204484,221365,226562,233379,233553,235795,241634,288872
118905,120211,130269,146587,151523,154141,182715,187634,188622,189967,193831,194078,195569,202866,219093,235370,241812,246044,250743,267335,285426
119895,124953,164007,165033,165472,194420,194878,228265,229193,229425,231457,237675,274066
118905,120211,130269,139102,146587,151523,182715,187634,188622,188722,189967,194078,202866,219093,232890,235370,246044,270728,285426
123288,163973,193677,196521,196794,211940,225486,229836,233464,250088,256103,257446,258611,275092
120211,130269,146587,151523,154141,182715,186827,187634,188622,189967,193831,194078,202866,232890,235370,241812,246044,250743,267335,270728,285426
119990,123924,126571,136825,158021,164099,167197,177297,178149,192435,194231,204192,231699,241374,254605,287404
149315,181206,186218,201699,203870,204484,207768,209994,213808,214895,216004,221365,226562,230338,233379,235795,237960,241634
118905,120211,130269,139102,146587,151523,154141,182715,187634,188622,188722,189967,193831,194078,202866,213828,219093,232890,235370,241812,246044,250743,267335,270728,285426
118905,120211,130269,139102,151523,154141,182715,183815,187634,188622,188722,189967,193831,194078,195569,202866,213828,219093,235370,241812,246044,250743,267335,285426
118905,120211,130269,139102,154141,183815,187634,188622,188722,189967,194078,213828,219093,250743,267335
125600,160955,161533,170764,196987,202814,202918,229552,232621,236954,248440,264860
146587,151523,154141,182715,186827,189967,193831,194078,202866,235370,241812,246044,285426
125600,149315,161533,170764,186218,202814,204484,226562,233553,235795,241634,288872
124953,146608,165033,165472,178362,188723,194420,194878,207732,228265,229193,229425,237675,274066
118905,120211,130269,139102,154141,187634,188622,188722,189967,194078,202866,213828,219093,250743,267335
118905,120211,130269,139102,146587,151523,182715,187634,188622,188722,189967,193831,194078,202866,219093,232890,235370,241812,246044,270728,285426
149315,181206,186218,201699,203870,207768,209994,213808,214895,216004,221365,230338,233379,235795,237960,241634
149315,181206,201699,203870,207768,209994,213808,216004,230338,233379,235795,237960,241634
118905,120211,130269,139102,146587,151523,154141,182715,183815,187634,188622,188722,189967,193831,194078,195569,202866,213828,219093,235370,241812,246044,250743,267335,285426
118905,120211,130269,139102,151523,154141,183815,187634,188622,188722,189967,194078,202866,213828,219093,246044,250743,267335,285426
118905,120211,130269,146587,151523,182715,187634,188622,189967,194078,202866,219093,232890,235370,241812,246044,270728,285426
118905,120211,130269,151523,154141,182715,187634,188622,189967,193831,194078,195569,202866,219093,235370,241812,246044,250743,267335,285426
120211,130269,146587,151523,182715,187634,188622,189967,193831,194078,202866,219093,232890,235370,241812,246044,270728,285426
117698,141789,158326,162878,165680,176244,202693,219639,231413,242777,273218,278912
181206,186218,201699,203870,204484,207768,209994,213808,214895,216004,221365,230338,233379,235795,241634
181206,201699,203870,207768,209994,213808,216004,221365,230338,233379,235795,237960,241634
120089,129593,135761,156417,159509,167176,168385,169374,182856,198405,198756,219593,223519,237185,238042
146608,157879,162925,165033,165472,165992,172023,178362,188723,206357,207732,229193,237675
120211,130269,146587,151523,154141,182715,186827,187634,188622,189967,193831,194078,202866,235370,241812,246044,250743,267335,285426
149315,181206,186218,201699,203870,204484,207768,209994,213808,214895,216004,221365,230338,233379,235795,237960,241634
121608,129610,135435,154554,163837,179298,179504,181293,186334,191774,216426,236369
118905,120211,130269,151523,154141,182715,187634,188622,189967,195569,219093,235370,241812,246044,250743,267335,285426
119990,123924,126571,136825,158021,164099,167197,177297,178149,192435,194231,204192,231699,241374,254605,258121,287404
125600,149315,161533,170764,186218,202814,203870,204484,214895,221365,226562,233553,235795,241634,288872
118905,120211,130269,139102,151523,154141,183815,187634,188622,188722,189967,194078,202866,213828,219093,235370,246044,250743,267335,270728,285426
125650,126370,126638,148174,153718,156032,157796,166182,169826,175214,207731,221656
124953,146608,162925,165033,165472,172023,178362,188723,194420,194878,206357,207732,228265,229193,229425,237675,274066
149315,186218,203870,204484,207768,214895,221365,226562,233379,233553,235795,241634,288872
125600,149315,161533,170764,186218,202814,204484,226562,233553,241634,248440,288872
124953,146608,162925,165033,165472,188723,194420,194878,207732,228265,229193,229425,231457,237675,274066
124953,146608,157879,162925,165033,165472,165992,172023,178362,188723,194420,194878,206357,207732,229193,229425,237675,274066
120089,121441,129593,135761,156417,159509,167176,168385,169374,182856,198405,198756,223519,237185,238042
118905,120211,130269,151523,154141,182715,187634,188622,189967,193831,195569,235370,241812,246044,250743,267335,285426
124953,146608,157879,162925,165033,165472,165992,172023,178362,188723,194420,194878,206357,207732,229425,237675,274066
128133,129270,131555,132884,143493,154470,155362,157908,158316,159515,165685,177783,204283,221011
136419,144235,147056,158463,161425,165102,178664,187307,193138,210033,225545,227067,231668,245432
118905,120211,130269,139102,146587,151523,154141,182715,183815,187634,188622,188722,189967,193831,194078,202866,213828,219093,235370,241812,246044,250743,267335,270728,285426
149315,161533,181206,186218,203870,204484,207768,214895,221365,226562,233379,233553,235795,241634,288872
118905,120211,130269,139102,146587,151523,182715,187634,188622,188722,189967,193831,194078,202866,219093,232890,235370,241812,246044,267335,270728,285426
128133,129270,131555,132884,143493,154470,155362,156245,157908,159515,165685,177783,204283,221011
126571,136825,158021,164099,167197,177297,178149,192435,194231,204192,231699,241374,254605,258121,287404
118905,120211,130269,146587,151523,154141,182715,187634,188622,189967,193831,194078,195569,202866,219093,235370,241812,246044,250743,267335,270728,285426
120211,151523,154141,182715,186827,187634,188622,189967,193831,235370,241812,246044,250743,267335,285426
119990,126571,136825,158021,164099,167197,177297,178149,192435,194231,204192,231699,241374,254605,258121,287404
125600,160955,161533,170764,196987,202814,202918,229552,232621,233553,236954,248440,264860
149315,186218,203870,204484,207768,214895,221365,226562,233379,235795,241634,288872
119895,124953,162925,164007,165033,165472,194420,194878,228265,229193,229425,231457,237675,274066
125600,149315,161533,170764,196987,202814,204484,226562,229552,233553,248440,288872
121608,135435,154554,162082,163837,166128,179298,179504,186334,191774,192450,256049,269250
120211,146587,151523,154141,182715,186827,188622,189967,193831,194078,202866,232890,235370,241812,246044,267335,270728,285426
123288,163973,193677,196521,196794,211940,225486,229836,233464,250088,256103,257446,258611
121608,135435,154554,162082,163837,166128,179298,179504,186334,191774,192450,216426,256049,269250
118905,120211,130269,139102,146587,151523,182715,187634,188622,188722,189967,194078,202866,213828,219093,232890,235370,241812,246044,250743,267335,270728,285426
120089,129593,135761,156417,159509,167176,168385,169374,198405,198756,219593,223519,237185
146587,151523,182715,186827,188622,189967,193831,194078,202866,232890,235370,241812,246044,270728,285426
118905,120211,130269,139102,154141,183815,187634,188722,195569,213828,219093,250743,267335
118905,120211,130269,139102,151523,154141,182715,187634,188622,189967,193831,194078,195569,219093,235370,241812,246044,250743,267335,285426
124953,146608,162925,165033,165472,172023,188723,194420,207732,228265,229193,229425,237675
118905,120211,130269,139102,187634,188622,188722,189967,194078,202866,213828,219093,246044,250743,267335,270728,285426
125600,149315,161533,170764,186218,204484,214895,221365,226562,233553,235795,241634,248440,288872
118905,120211,130269,139102,151523,187634,188622,188722,189967,194078,202866,213828,219093,246044,250743,267335,270728,285426
118905,120211,130269,139102,146587,151523,154141,182715,183815,187634,188622,188722,189967,193831,194078,195569,202866,213828,219093,235370,241812,246044,250743,267335,270728,285426
118905,120211,130269,139102,151523,154141,183815,187634,188622,189967,195569,213828,219093,235370,246044,250743,267335
124953,146608,157879,162925,165033,165472,165992,172023,178362,188723,194420,194878,206357,207732,228265,229193,229425,237675,274066
125600,160955,161533,170764,196987,202814,204484,226562,229552,233553,248440,288872
118905,120211,130269,139102,154141,187634,188622,188722,189967,194078,202866,213828,219093,246044,250743,267335,270728,285426
123924,126571,136825,158021,164099,167197,178149,192435,194231,204192,231699,254605,258121,287404
128133,129270,131555,132884,143493,154470,155362,156245,157908,158316,159515,165685,177783,221011
118905,120211,130269,139102,146587,151523,154141,182715,187634,188622,188722,189967,194078,202866,213828,219093,232890,235370,241812,246044,250743,267335,270728,285426
118905,120211,130269,146587,151523,154141,182715,186827,187634,188622,189967,193831,194078,202866,219093,235370,241812,246044,250743,267335,270728,285426
125600,160955,161533,170764,196987,202814,202918,226562,229552,233553,248440,264860
119895,124953,162925,165033,165472,172023,188723,194420,194878,207732,228265,229193,229425,231457,237675,274066
118905,120211,130269,139102,151523,154141,182715,183815,187634,188622,188722,189967,194078,195569,202866,213828,219093,235370,246044,250743,267335,285426
118905,120211,130269,139102,151523,154141,183815,187634,188622,188722,189967,194078,195569,213828,219093,235370,246044,250743,267335,285426
121608,135435,162082,163837,166128,179298,179504,186334,191774,192450,256049,269250
125600,149315,161533,170764,186218,196987,202814,204484,226562,233553,248440,288872
149315,181206,186218,203870,204484,207768,213808,214895,216004,221365,226562,230338,233379,235795,241634,288872
149315,170764,186218,204484,207768,214895,221365,226562,233553,235795,241634,288872
