0.836774193548387
0.836129032258065
0.833548387096774
0.832903225806452
0.825806451612903
0.827741935483871
0.82258064516129
0.818709677419355
0.818064516129032
0.811612903225806
0.813548387096774
0.809032258064516
0.804516129032258
0.809032258064516
0.803870967741935
0.79741935483871
0.798064516129032
0.794838709677419
0.800645161290323
0.796129032258065
0.788387096774193
0.791612903225806
0.789677419354839
0.784516129032258
0.778709677419355
0.769677419354839
0.778064516129032
0.774838709677419
0.766451612903226
0.758709677419355
0.750967741935484
0.764516129032258
0.765161290322581
0.747096774193548
0.754193548387097
0.734838709677419
0.729032258064516
0.718709677419355
0.709032258064516
0.695483870967742
0.688387096774194
0.663870967741935
0.638064516129032
0.607741935483871
0.583870967741935
0.55741935483871
0.503225806451613
0.43741935483871
0.330322580645161
0.223870967741935
