0
2.42718446601398e-05
2.42718446601398e-05
9.70873786407811e-05
7.28155339805303e-05
7.28155339805303e-05
0.000242718446601953
0.000218446601941702
0.000169902912621311
0.000145631067961172
0.000266990291262093
0.000291262135922343
0.000339805825242734
0.000291262135922343
0.000266990291262093
0.000315533980582483
0.000291262135922343
0.000412621359223264
0.000315533980582483
0.000339805825242734
0.000461165048543655
0.000436893203883515
0.000412621359223264
0.000558252427184436
0.000509708737864045
0.000533980582524296
0.000364077669902874
0.000485436893203905
0.000412621359223264
0.000461165048543655
0.000509708737864045
0.000776699029126249
0.000582524271844687
0.000485436893203905
0.000533980582524296
0.000752427184465998
0.000533980582524296
0.000461165048543655
0.000606796116504826
0.000461165048543655
0.000461165048543655
0.000364077669902874
0.000509708737864045
0.000582524271844687
0.000849514563106779
0.000461165048543655
0.000606796116504826
0.000606796116504826
0.000679611650485468
0.000533980582524296
0.000728155339805858
0.000849514563106779
0.00104368932038834
0.00126213592233004
0.000776699029126249
0.000825242718446639
0.000800970873786389
0.00114077669902912
0.00114077669902912
0.000825242718446639
0.00126213592233004
0.00135922330097082
0.000970873786407811
0.001504854368932
0.0017718446601942
0.00131067961165043
0.00165048543689317
0.0019902912621359
0.00201456310679615
0.00228155339805824
0.00233009708737864
0.00271844660194176
0.00237864077669903
0.00337378640776698
0.00366504854368932
0.00366504854368932
0.00407766990291258
0.00417475728155337
0.00461165048543688
0.00516990291262132
0.00555825242718444
0.00592233009708742
0.00657766990291264
0.00793689320388347
0.00791262135922333
0.00837378640776698
0.00915048543689323
0.0106796116504855
0.012257281553398
0.0142233009708738
0.0164805825242719
0.0200485436893204
0.021747572815534
0.0255339805825242
0.0339320388349514
0.0448543689320389
0.0606796116504854
0.0990533980582524
0.185266990291262
0.490922330097087
