0.013333333333333
0.013777777777778
0.014888888888889
0.014222222222222
0.013777777777778
0.0126666666666669
0.013333333333333
0.012444444444444
0.013111111111111
0.015111111111111
0.014888888888889
0.0146666666666669
0.0126666666666669
0.012222222222222
0.0146666666666669
0.013777777777778
0.013555555555556
0.015555555555556
0.0146666666666669
0.013555555555556
0.0128888888888889
0.013777777777778
0.0128888888888889
0.016222222222222
0.014
0.014888888888889
0.013555555555556
0.017333333333333
0.015333333333333
0.017333333333333
0.015777777777778
0.016222222222222
0.0164444444444439
0.0184444444444439
0.017555555555556
0.0186666666666669
0.016
0.0186666666666669
0.018888888888889
0.0186666666666669
0.016888888888889
0.0186666666666669
0.015777777777778
0.019111111111111
0.018
0.019777777777778
0.017111111111111
0.017111111111111
0.020222222222222
0.022222222222222
0.0186666666666669
0.0204444444444439
0.023777777777778
0.018888888888889
0.023111111111111
0.02
0.0244444444444439
0.021555555555556
0.023555555555556
0.023333333333333
0.025111111111111
0.022888888888889
0.024888888888889
0.025333333333333
0.0244444444444439
0.023777777777778
0.0266666666666669
0.028
0.024888888888889
0.030888888888889
0.0304444444444439
0.028
0.03
0.031333333333333
0.032888888888889
0.033333333333333
0.035333333333333
0.035333333333333
0.033111111111111
0.041777777777778
0.041111111111111
0.047111111111111
0.048888888888889
0.051333333333333
0.059333333333333
0.059333333333333
0.064666666666667
0.0735555555555559
0.081333333333333
0.091777777777778
0.107555555555556
0.131777777777778
0.151111111111111
0.182888888888889
0.231333333333333
0.276666666666667
0.367333333333333
0.464222222222222
0.583333333333333
0.651111111111111
