0.00111111111111106
0.00253968253968251
0.00158730158730158
0.00285714285714289
0.00476190476190474
0.00444444444444447
0.00380952380952382
0.00269841269841276
0.00444444444444447
0.00619047619047619
0.00730158730158736
0.0074603174603175
0.00730158730158736
0.00857142857142856
0.00920634920634922
0.0106349206349207
0.00841269841269843
0.00841269841269843
0.00888888888888895
0.00984126984126987
0.0128571428571429
0.0136507936507937
0.0133333333333333
0.0117460317460317
0.013015873015873
0.0150793650793651
0.0152380952380953
0.0125396825396825
0.0177777777777778
0.013968253968254
0.0123809523809524
0.013968253968254
0.0150793650793651
0.0220634920634921
0.0179365079365079
0.0117460317460317
0.0190476190476191
0.0157142857142858
0.0163492063492063
0.0150793650793651
0.0198412698412699
0.0195238095238095
0.0141269841269841
0.0198412698412699
0.0192063492063492
0.0252380952380953
0.0185714285714286
0.0193650793650794
0.0204761904761905
0.0207936507936508
0.023015873015873
0.0206349206349207
0.0234920634920636
0.0260317460317461
0.0255555555555556
0.0225396825396825
0.0226984126984128
0.0284126984126984
0.0253968253968254
0.0250793650793651
0.0285714285714286
0.0244444444444445
0.0296825396825398
0.0231746031746032
0.0290476190476191
0.0298412698412699
0.0258730158730159
0.0257142857142857
0.0303174603174603
0.0319047619047619
0.0352380952380953
0.0395238095238095
0.0366666666666667
0.0371428571428571
0.0385714285714286
0.0355555555555556
0.0385714285714286
0.0403174603174603
0.0401587301587302
0.0373015873015873
0.0423809523809524
0.0452380952380953
0.0465079365079365
0.0534920634920635
0.0534920634920635
0.0544444444444445
0.0628571428571428
0.066984126984127
0.0685714285714286
0.0673015873015873
0.0804761904761905
0.0955555555555556
0.107301587301587
0.123492063492064
0.156349206349206
0.201746031746032
0.254761904761905
0.357301587301587
0.484603174603175
0.612222222222222
