0
0
0
0.000370370370370354
0.000370370370370354
0.000185185185185177
0.000370370370370354
0.00111111111111106
0.000925925925925886
0.000740740740740709
0.00111111111111106
0.00111111111111106
0.00185185185185188
0.00129629629629635
0.00129629629629635
0.0033333333333333
0.00203703703703706
0.0033333333333333
0.00240740740740741
0.00518518518518518
0.00462962962962965
0.00462962962962965
0.00629629629629636
0.00518518518518518
0.00611111111111118
0.00814814814814813
0.005
0.00777777777777777
0.00740740740740742
0.0114814814814815
0.00962962962962965
0.00981481481481483
0.0103703703703704
0.010925925925926
0.010925925925926
0.012962962962963
0.0148148148148148
0.0125925925925926
0.0194444444444445
0.0164814814814815
0.0153703703703704
0.0162962962962964
0.017962962962963
0.0172222222222222
0.0181481481481482
0.0207407407407408
0.02
0.0246296296296297
0.0237037037037038
0.0220370370370371
0.0242592592592593
0.0255555555555556
0.0251851851851852
0.0287037037037038
0.0274074074074074
0.0292592592592593
0.0290740740740741
0.0274074074074074
0.0320370370370371
0.0318518518518519
0.0325925925925926
0.0353703703703704
0.0346296296296297
0.0377777777777778
0.0368518518518519
0.0366666666666667
0.0398148148148149
0.0396296296296297
0.0372222222222223
0.0418518518518519
0.0394444444444445
0.0472222222222223
0.0464814814814816
0.0531481481481482
0.0518518518518519
0.0501851851851852
0.0594444444444445
0.0509259259259259
0.0577777777777778
0.0572222222222223
0.0525925925925926
0.0553703703703704
0.0611111111111111
0.0696296296296297
0.0666666666666667
0.0685185185185185
0.0807407407407408
0.0824074074074075
0.0862962962962963
0.097962962962963
0.107407407407407
0.118148148148148
0.142037037037037
0.172592592592593
0.199444444444444
0.259814814814815
0.326666666666667
0.441111111111111
0.562037037037037
0.646666666666667
