    PFlock       50.0        80K     61.064     24.365     85.429     575930        663         28       1024    17:43:33.704
    PFlock       60.0        80K     40.592     26.346     66.938     700950        935         28       1024    17:44:40.806
    PFlock       70.0        80K     44.887     27.496     72.383     833016       1097         28       1024    17:45:53.287
    PFlock       80.0        80K     49.968     29.218     79.186     974432       1289         28       1024    17:47:12.563
    PFlock       90.0        80K     52.790     32.390     85.180    1130136       1567         28       1024    17:48:37.837
    PFlock      100.0        80K     57.747     35.268     93.015    1302882       1853         28       1024    17:50:10.944
    PFlock       50.0       100K     44.371     27.098     71.469     823082       1021         28       1024    17:51:22.506
    PFlock       60.0       100K     52.617     29.526     82.143    1018056       1542         28       1024    17:52:44.746
    PFlock       70.0       100K     51.142     33.920     85.062    1224420       2014         28       1024    17:54:09.908
    PFlock       80.0       100K     57.632     41.113     98.745    1447702       2380         28       1024    17:55:48.756
    PFlock       90.0       100K     60.364     74.864    135.228    1691770       2913         28       1024    17:58:04.093
